Year,Month,Day,Hour,Week,Tapioca Pearls (Boba),Lychee Jelly,Aloe Vera Bits,Grass Jelly,Fresh Milk,Red Beans,Cups (Regular),Straws (Regular),Straws (Jumbo),Napkins (Regular),To-Go Bags (Small),Lids (Dome),Lids (Flat),Condiment Station Supplies,Taro,Matcha,Brown Sugar,Black Sugar,Strawberry Milk Cream,Mango Milk Cream,Sago,Crystal Jelly,Jasmine Green Tea Leaves,Passion Fruit Tea Leaves,Oolong Tea Leaves
2024,6,1,0,1,4,4,5,2,12,2,29,25,4,29,29,4,25,16,2,6,2,6,4,1,1,1,5,2,5
2024,6,1,1,1,10,2,4,6,19,5,41,31,10,41,41,4,37,29,4,9,6,10,4,3,3,3,4,1,4
2024,6,1,2,1,10,8,1,5,17,6,34,24,10,34,34,4,30,27,5,8,5,7,4,1,1,1,1,4,1
2024,6,1,3,1,12,12,2,6,14,1,39,27,12,39,39,5,34,26,6,3,6,8,5,2,2,2,3,6,2
2024,6,1,4,1,6,12,4,5,9,3,37,31,6,37,37,1,36,17,3,5,3,7,1,4,4,4,6,6,4
2024,6,1,5,1,10,4,1,5,14,1,36,26,10,36,36,1,35,23,4,7,6,11,1,5,5,5,5,2,1
2024,6,1,6,1,5,8,2,6,11,5,28,23,5,28,28,1,27,20,3,8,2,9,1,1,1,1,1,4,2
2024,6,1,7,1,10,10,4,5,16,4,43,33,10,43,43,6,37,27,6,6,4,7,6,4,4,4,3,5,4
2024,6,1,8,1,6,10,2,4,13,2,30,24,6,30,30,2,28,20,3,8,3,10,2,2,2,2,1,5,2
2024,6,1,9,1,7,4,6,6,16,6,43,36,7,43,43,4,39,26,4,9,3,9,4,6,6,6,3,2,6
2024,6,1,10,1,5,2,6,6,17,5,39,34,5,39,39,5,34,25,2,9,3,10,5,5,5,5,2,1,6
2024,6,1,11,1,6,10,1,3,13,2,33,27,6,33,33,3,30,18,2,6,4,7,3,5,5,5,4,5,1
2024,6,2,0,1,6,4,5,5,16,3,42,36,6,42,42,5,37,25,4,9,2,11,5,4,4,4,6,2,5
2024,6,2,1,1,8,2,5,6,10,4,32,24,8,32,32,2,30,22,6,6,2,8,2,2,2,2,2,1,5
2024,6,2,2,1,9,4,3,4,18,6,40,31,9,40,40,4,36,26,4,9,5,7,4,6,6,6,3,2,3
2024,6,2,3,1,7,8,1,1,14,5,27,20,7,27,27,2,25,17,2,7,5,3,2,3,3,3,2,4,1
2024,6,2,4,1,6,6,3,2,8,4,31,25,6,31,31,2,29,15,5,5,1,3,2,6,6,6,4,3,3
2024,6,2,5,1,8,12,4,4,21,5,47,39,8,47,47,5,42,28,3,11,5,10,5,6,6,6,3,6,4
2024,6,2,6,1,10,10,3,3,14,4,36,26,10,36,36,3,33,21,4,5,6,4,3,1,1,1,6,5,3
2024,6,2,7,1,4,10,6,2,10,3,37,33,4,37,37,2,35,14,2,6,2,5,2,6,6,6,6,5,6
2024,6,2,8,1,8,12,4,3,16,6,43,35,8,43,43,6,37,24,5,7,3,4,6,5,5,5,4,6,4
2024,6,2,9,1,7,2,6,3,13,2,27,20,7,27,27,5,22,18,2,3,5,4,5,1,1,1,1,1,6
2024,6,2,10,1,10,6,5,5,15,6,42,32,10,42,42,3,39,26,6,8,4,7,3,4,4,4,4,3,5
2024,6,2,11,1,8,8,6,5,13,5,37,29,8,37,37,3,34,22,4,6,4,6,3,2,2,2,3,4,6
2024,6,3,0,1,7,12,4,6,16,5,41,34,7,41,41,4,37,27,5,10,2,11,4,1,1,1,3,6,4
2024,6,3,1,1,8,12,5,5,14,5,37,29,8,37,37,1,36,23,4,9,4,9,1,2,2,2,1,6,5
2024,6,3,2,1,9,12,3,2,16,4,39,30,9,39,39,4,35,23,5,8,4,6,4,1,1,1,6,6,3
2024,6,3,3,1,11,10,4,4,17,5,42,31,11,42,42,6,36,27,6,6,5,5,6,4,4,4,2,5,4
2024,6,3,4,1,8,4,1,1,14,5,31,23,8,31,31,4,27,20,5,7,3,3,4,6,6,6,2,2,1
2024,6,3,5,1,6,4,4,3,15,3,30,24,6,30,30,5,25,19,1,5,5,5,5,4,4,4,1,2,4
2024,6,3,6,1,4,10,4,2,11,2,27,23,4,27,27,5,22,15,2,4,2,4,5,2,2,2,1,5,4
2024,6,3,7,1,10,4,5,2,19,3,41,31,10,41,41,6,35,26,5,8,5,7,6,2,2,2,6,2,5
2024,6,3,8,1,6,6,3,4,10,2,28,22,6,28,28,2,26,16,2,4,4,6,2,2,2,2,4,3,3
2024,6,3,9,1,8,12,2,4,10,1,35,27,8,35,35,1,34,18,4,5,4,8,1,5,5,5,4,6,2
2024,6,3,10,1,8,4,1,3,16,5,36,28,8,36,36,6,30,23,4,6,4,4,6,4,4,4,6,2,1
2024,6,3,11,1,7,12,6,6,11,5,45,38,7,45,45,1,44,23,6,9,1,10,1,6,6,6,4,6,6
2024,6,4,0,1,10,4,6,4,13,2,34,24,10,34,34,3,31,21,4,4,6,6,3,1,1,1,4,2,6
2024,6,4,1,1,6,2,6,4,13,2,33,27,6,33,33,5,28,20,3,5,3,7,5,5,5,5,1,1,6
2024,6,4,2,1,4,2,6,3,12,5,34,30,4,34,34,2,32,18,3,9,1,7,2,4,4,4,5,1,6
2024,6,4,3,1,8,6,3,3,15,5,36,28,8,36,36,6,30,23,5,6,3,4,6,4,4,4,3,3,3
2024,6,4,4,1,5,8,6,2,17,3,41,36,5,41,41,5,36,21,2,9,3,8,5,5,5,5,5,4,6
2024,6,4,5,1,4,2,4,5,11,3,27,23,4,27,27,1,26,18,2,8,2,10,1,2,2,2,2,1,4
2024,6,4,6,1,6,6,2,6,16,6,36,30,6,36,36,2,34,23,1,9,5,9,2,6,6,6,2,3,2
2024,6,4,7,1,9,4,2,6,16,4,40,31,9,40,40,2,38,26,4,9,5,11,2,4,4,4,6,2,2
2024,6,4,8,1,10,6,2,5,19,4,38,28,10,38,38,4,34,28,4,9,6,10,4,1,1,1,4,3,2
2024,6,4,9,1,4,10,2,3,11,5,26,22,4,26,26,3,23,16,2,6,2,4,3,1,1,1,2,5,2
2024,6,4,10,1,4,4,6,6,11,3,38,34,4,38,38,4,34,20,3,6,1,9,4,5,5,5,5,2,6
2024,6,4,11,1,7,12,3,4,14,4,34,27,7,34,34,1,33,19,1,7,6,7,1,4,4,4,2,6,3
2024,6,5,0,1,8,2,6,3,9,2,30,22,8,30,30,3,27,18,6,4,2,5,3,4,4,4,1,1,6
2024,6,5,1,1,7,12,3,1,14,3,31,24,7,31,31,1,30,18,3,9,4,7,1,1,1,1,3,6,3
2024,6,5,2,1,6,6,1,4,12,2,28,22,6,28,28,4,24,20,4,6,2,8,4,3,3,3,1,3,1
2024,6,5,3,1,5,10,2,3,17,6,38,33,5,38,38,5,33,24,4,11,1,8,5,6,6,6,1,5,2
2024,6,5,4,1,6,8,6,3,15,6,38,32,6,38,38,2,36,21,3,10,3,7,2,4,4,4,3,4,6
2024,6,5,5,1,6,2,1,2,16,6,32,26,6,32,32,1,31,20,2,11,4,7,1,5,5,5,5,1,1
2024,6,5,6,1,6,2,5,1,14,1,38,32,6,38,38,6,32,20,5,7,1,7,6,6,6,6,6,1,5
2024,6,5,7,1,3,8,1,4,12,1,30,27,3,30,30,3,27,17,1,7,2,10,3,5,5,5,3,4,1
2024,6,5,8,1,11,2,4,1,20,6,37,26,11,37,37,3,34,26,5,11,6,6,3,1,1,1,5,1,4
2024,6,5,9,1,9,12,2,4,9,2,36,27,9,36,36,2,34,19,6,4,3,6,2,3,3,3,6,6,2
2024,6,5,10,1,10,10,4,5,16,3,42,32,10,42,42,4,38,27,6,8,4,10,4,3,3,3,3,5,4
2024,6,5,11,1,8,2,6,5,12,3,37,29,8,37,37,4,33,22,5,5,3,7,4,6,6,6,2,1,6
2024,6,6,0,1,6,12,1,5,13,5,40,34,6,40,40,5,35,23,5,7,1,7,5,4,4,4,6,6,1
2024,6,6,1,1,5,8,1,1,8,1,29,24,5,29,29,5,24,13,4,2,1,2,5,6,6,6,5,4,1
2024,6,6,2,1,8,10,5,5,15,5,41,33,8,41,41,4,37,26,6,9,2,9,4,2,2,2,3,5,5
2024,6,6,3,1,11,12,4,2,15,2,43,32,11,43,43,6,37,23,6,4,5,4,6,6,6,6,4,6,4
2024,6,6,4,1,3,12,2,1,6,2,26,23,3,26,26,2,24,9,2,3,1,2,2,5,5,5,4,6,2
2024,6,6,5,1,10,4,1,4,16,1,33,23,10,33,33,4,29,24,4,6,6,9,4,3,3,3,3,2,1
2024,6,6,6,1,4,12,1,4,12,3,32,28,4,32,32,4,28,17,1,5,3,6,4,2,2,2,6,6,1
2024,6,6,7,1,11,12,1,3,22,6,44,33,11,44,44,4,40,30,5,12,6,9,4,1,1,1,6,6,1
2024,6,6,8,1,2,2,1,4,15,4,29,27,2,29,29,5,24,20,1,9,1,9,5,5,5,5,2,1,1
2024,6,6,9,1,9,12,1,5,11,3,36,27,9,36,36,1,35,21,5,6,4,8,1,3,3,3,5,6,1
2024,6,6,10,1,5,4,5,6,9,1,34,29,5,34,34,1,33,16,1,4,4,9,1,6,6,6,5,2,5
2024,6,6,11,1,5,2,5,6,13,5,33,28,5,33,33,2,31,21,2,8,3,9,2,1,1,1,5,1,5
2024,6,7,0,1,7,2,1,6,14,6,32,25,7,32,32,5,27,25,5,7,2,7,5,2,2,2,3,1,1
2024,6,7,1,1,10,12,5,6,14,2,41,31,10,41,41,4,37,25,5,5,5,9,4,4,4,4,1,6,5
2024,6,7,2,1,8,8,6,2,13,2,30,22,8,30,30,1,29,17,2,6,6,6,1,2,2,2,1,4,6
2024,6,7,3,1,9,10,6,4,15,2,46,37,9,46,46,5,41,23,4,5,5,7,5,6,6,6,6,5,6
2024,6,7,4,1,12,12,4,5,11,1,40,28,12,40,40,3,37,22,6,2,6,6,3,5,5,5,3,6,4
2024,6,7,5,1,9,8,3,2,13,4,36,27,9,36,36,1,35,21,6,9,3,7,1,4,4,4,4,4,3
2024,6,7,6,1,8,2,3,4,21,5,33,25,8,33,33,6,27,27,2,9,6,8,6,1,1,1,1,1,3
2024,6,7,7,1,9,2,2,2,15,4,34,25,9,34,34,5,29,23,6,7,3,5,5,4,4,4,4,1,2
2024,6,7,8,1,8,4,5,6,10,2,34,26,8,34,34,5,29,22,6,3,2,7,5,1,1,1,4,2,5
2024,6,7,9,1,7,6,1,2,15,6,29,22,7,29,29,2,27,20,3,9,4,5,2,2,2,2,3,3,1
2024,6,7,10,1,9,2,6,1,19,6,36,27,9,36,36,6,30,24,4,8,5,3,6,3,3,3,2,1,6
2024,6,7,11,1,11,12,1,6,18,4,40,29,11,40,40,3,37,30,6,10,5,12,3,1,1,1,2,6,1
2024,6,8,0,2,8,4,6,1,18,4,40,32,8,40,40,6,34,25,6,10,2,7,6,3,3,3,4,2,6
2024,6,8,1,2,5,2,2,4,13,1,35,30,5,35,35,5,30,21,4,7,1,10,5,6,6,6,5,1,2
2024,6,8,2,2,6,6,1,5,12,3,26,20,6,26,26,4,22,19,2,4,4,6,4,1,1,1,2,3,1
2024,6,8,3,2,7,2,6,2,21,4,39,32,7,39,39,6,33,24,1,9,6,7,6,3,3,3,5,1,6
2024,6,8,4,2,8,12,1,6,14,5,38,30,8,38,38,2,36,24,4,8,4,9,2,4,4,4,3,6,1
2024,6,8,5,2,8,2,2,4,14,3,34,26,8,34,34,6,28,24,6,6,2,7,6,2,2,2,5,1,2
2024,6,8,6,2,6,4,4,4,17,6,40,34,6,40,40,5,35,24,3,9,3,7,5,5,5,5,5,2,4
2024,6,8,7,2,8,4,1,6,14,4,29,21,8,29,29,5,24,24,4,5,4,7,5,1,1,1,1,2,1
2024,6,8,8,2,8,10,2,2,15,4,34,26,8,34,34,4,30,23,6,9,2,7,4,2,2,2,2,5,2
2024,6,8,9,2,9,6,6,1,15,2,36,27,9,36,36,4,32,21,5,7,4,6,4,1,1,1,5,3,6
2024,6,8,10,2,7,4,2,1,18,5,31,24,7,31,31,5,26,22,3,9,4,5,5,3,3,3,2,2,2
2024,6,8,11,2,9,6,3,6,15,3,39,30,9,39,39,6,33,26,5,5,4,8,6,3,3,3,4,3,3
2024,6,9,0,2,8,10,1,6,12,2,34,26,8,34,34,2,32,21,3,5,5,9,2,1,1,1,6,5,1
2024,6,9,1,2,6,6,2,4,9,4,28,22,6,28,28,1,27,16,3,5,3,5,1,5,5,5,2,3,2
2024,6,9,2,2,8,6,4,5,22,6,46,38,8,46,46,6,40,31,4,12,4,11,6,4,4,4,4,3,4
2024,6,9,3,2,8,12,1,6,11,4,38,30,8,38,38,3,35,22,5,5,3,7,3,6,6,6,3,6,1
2024,6,9,4,2,7,12,6,3,10,1,39,32,7,39,39,5,34,19,6,4,1,6,5,3,3,3,5,6,6
2024,6,9,5,2,8,6,4,3,10,2,30,22,8,30,30,3,27,17,4,3,4,4,3,3,3,3,3,3,4
2024,6,9,6,2,4,6,6,6,11,4,36,32,4,36,36,1,35,20,3,9,1,11,1,1,1,1,6,3,6
2024,6,9,7,2,6,6,4,6,9,2,29,23,6,29,29,2,27,17,2,3,4,7,2,4,4,4,1,3,4
2024,6,9,8,2,7,12,1,4,21,4,39,32,7,39,39,6,33,26,1,9,6,9,6,2,2,2,4,6,1
2024,6,9,9,2,6,10,3,4,16,4,35,29,6,35,35,1,34,21,1,10,5,10,1,1,1,1,5,5,3
2024,6,9,10,2,6,2,4,1,17,6,31,25,6,31,31,2,29,21,3,12,3,7,2,4,4,4,1,1,4
2024,6,9,11,2,6,4,3,5,13,6,36,30,6,36,36,1,35,23,5,11,1,10,1,4,4,4,4,2,3
2024,6,10,0,2,8,2,1,3,15,4,31,23,8,31,31,4,27,21,3,6,5,5,4,6,6,6,2,1,1
2024,6,10,1,2,12,12,1,3,15,2,36,24,12,36,36,3,33,24,6,6,6,7,3,3,3,3,2,6,1
2024,6,10,2,2,9,8,2,4,15,3,34,25,9,34,34,1,33,23,4,9,5,10,1,4,4,4,1,4,2
2024,6,10,3,2,8,4,1,4,18,6,34,26,8,34,34,3,31,24,2,9,6,7,3,6,6,6,1,2,1
2024,6,10,4,2,8,12,6,3,18,6,44,36,8,44,44,6,38,25,4,8,4,5,6,4,4,4,3,6,6
2024,6,10,5,2,9,10,5,3,19,6,43,34,9,43,43,6,37,26,4,8,5,5,6,6,6,6,1,5,5
2024,6,10,6,2,9,8,6,1,12,2,30,21,9,30,30,1,29,16,3,5,6,4,1,1,1,1,3,4,6
2024,6,10,7,2,12,10,5,5,11,2,42,30,12,42,42,1,41,22,6,4,6,7,1,5,5,5,5,5,5
2024,6,10,8,2,8,6,1,4,17,3,37,29,8,37,37,4,33,23,2,7,6,8,4,5,5,5,5,3,1
2024,6,10,9,2,5,4,1,3,14,5,31,26,5,31,31,2,29,18,1,8,4,6,2,6,6,6,4,2,1
2024,6,10,10,2,8,8,6,1,16,2,32,24,8,32,32,2,30,19,2,8,6,7,2,1,1,1,2,4,6
2024,6,10,11,2,5,12,2,6,10,3,36,31,5,36,36,1,35,19,3,7,2,10,1,5,5,5,4,6,2
2024,6,11,0,2,9,4,3,2,17,3,34,25,9,34,34,6,28,23,4,6,5,5,6,1,1,1,5,2,3
2024,6,11,1,2,3,10,4,5,12,5,31,28,3,31,31,2,29,18,1,8,2,8,2,1,1,1,3,5,4
2024,6,11,2,2,8,8,4,3,11,3,34,26,8,34,34,4,30,19,5,4,3,4,4,6,6,6,1,4,4
2024,6,11,3,2,11,2,1,4,12,1,34,23,11,34,34,3,31,22,6,4,5,7,3,5,5,5,5,1,1
2024,6,11,4,2,10,4,4,5,13,2,39,29,10,39,39,1,38,24,6,8,4,11,1,6,6,6,3,2,4
2024,6,11,5,2,6,6,3,3,18,4,40,34,6,40,40,4,36,23,2,10,4,9,4,6,6,6,5,3,3
2024,6,11,6,2,3,12,5,5,10,3,36,33,3,36,36,3,33,16,1,5,2,7,3,3,3,3,6,6,5
2024,6,11,7,2,8,10,2,2,19,5,40,32,8,40,40,6,34,25,4,9,4,6,6,2,2,2,6,5,2
2024,6,11,8,2,10,4,1,6,16,4,37,27,10,37,37,3,34,27,5,8,5,10,3,3,3,3,4,2,1
2024,6,11,9,2,7,2,4,5,20,6,41,34,7,41,41,6,35,28,3,10,4,9,6,5,5,5,3,1,4
2024,6,11,10,2,7,2,2,2,15,1,30,23,7,30,30,4,26,19,2,6,5,7,4,4,4,4,4,1,2
2024,6,11,11,2,8,2,5,4,10,1,34,26,8,34,34,4,30,19,5,3,3,6,4,6,6,6,3,1,5
2024,6,12,0,2,8,8,5,4,18,6,39,31,8,39,39,5,34,27,5,10,3,8,5,1,1,1,2,4,5
2024,6,12,1,2,10,10,6,1,18,6,42,32,10,42,42,4,38,23,4,8,6,3,4,6,6,6,2,5,6
2024,6,12,2,2,11,10,4,1,18,4,42,31,11,42,42,3,39,25,6,10,5,7,3,2,2,2,6,5,4
2024,6,12,3,2,12,2,3,6,18,4,37,25,12,37,37,6,31,30,6,6,6,8,6,1,1,1,2,1,3
2024,6,12,4,2,6,12,5,1,12,1,29,23,6,29,29,2,27,14,1,5,5,5,2,2,2,2,2,6,5
2024,6,12,5,2,3,4,5,5,9,1,29,26,3,29,29,6,23,16,2,2,1,6,6,3,3,3,3,2,5
2024,6,12,6,2,12,4,1,1,11,1,26,14,12,26,26,2,24,18,6,3,6,3,2,3,3,3,2,2,1
2024,6,12,7,2,8,4,3,3,12,3,33,25,8,33,33,4,29,21,6,6,2,6,4,1,1,1,6,2,3
2024,6,12,8,2,10,8,1,5,16,1,37,27,10,37,37,5,32,26,5,6,5,10,5,3,3,3,3,4,1
2024,6,12,9,2,8,2,1,4,13,5,27,19,8,27,27,1,26,19,2,6,6,5,1,1,1,1,5,1,1
2024,6,12,10,2,6,10,6,2,13,2,38,32,6,38,38,4,34,18,3,6,3,6,4,4,4,4,5,5,6
2024,6,12,11,2,6,4,2,2,12,4,26,20,6,26,26,2,24,16,2,6,4,4,2,5,5,5,1,2,2
2024,6,13,0,2,7,4,6,2,12,2,29,22,7,29,29,1,28,17,3,7,4,7,1,3,3,3,1,2,6
2024,6,13,1,2,4,4,2,1,10,3,23,19,4,23,23,4,19,13,2,4,2,2,4,5,5,5,1,2,2
2024,6,13,2,2,8,10,1,4,20,4,41,33,8,41,41,6,35,26,2,8,6,8,6,3,3,3,6,5,1
2024,6,13,3,2,10,4,5,3,10,1,32,22,10,32,32,1,31,19,6,5,4,7,1,4,4,4,2,2,5
2024,6,13,4,2,10,6,5,1,16,3,34,24,10,34,34,5,29,22,5,6,5,4,5,1,1,1,3,3,5
2024,6,13,5,2,12,2,5,2,16,4,41,29,12,41,41,3,38,24,6,7,6,5,3,6,6,6,5,1,5
2024,6,13,6,2,7,6,1,1,12,2,31,24,7,31,31,5,26,19,6,6,1,5,5,6,6,6,2,3,1
2024,6,13,7,2,9,12,3,5,12,2,37,28,9,37,37,4,33,21,4,3,5,6,4,6,6,6,1,6,3
2024,6,13,8,2,7,12,4,4,9,3,39,32,7,39,39,2,37,19,6,6,1,7,2,4,4,4,6,6,4
2024,6,13,9,2,3,10,5,2,16,3,32,29,3,32,32,5,27,19,1,9,2,8,5,1,1,1,2,5,5
2024,6,13,10,2,8,4,2,1,16,2,31,23,8,31,31,5,26,20,3,6,5,5,5,6,6,6,1,2,2
2024,6,13,11,2,6,2,6,5,10,6,34,28,6,34,34,1,33,20,5,8,1,7,1,1,1,1,6,1,6
2024,6,14,0,2,5,4,4,5,20,6,44,39,5,44,44,5,39,27,2,12,3,11,5,5,5,5,6,2,4
2024,6,14,1,2,8,6,6,6,18,6,45,37,8,45,45,4,41,26,2,8,6,8,4,5,5,5,5,3,6
2024,6,14,2,2,3,12,6,6,5,1,31,28,3,31,31,1,30,12,1,2,2,7,1,4,4,4,3,6,6
2024,6,14,3,2,9,6,3,4,13,2,35,26,9,35,35,3,32,22,5,6,4,8,3,4,4,4,3,3,3
2024,6,14,4,2,3,10,1,5,10,4,33,30,3,33,33,1,32,17,2,8,1,9,1,4,4,4,6,5,1
2024,6,14,5,2,4,2,1,5,8,1,26,22,4,26,26,1,25,16,3,6,1,10,1,2,2,2,6,1,1
2024,6,14,6,2,9,6,1,6,19,6,38,29,9,38,38,4,34,30,5,11,4,11,4,1,1,1,3,3,1
2024,6,14,7,2,5,10,4,6,17,4,40,35,5,40,40,6,34,27,4,10,1,12,6,2,2,2,2,5,4
2024,6,14,8,2,3,6,5,3,13,4,33,30,3,33,33,5,28,18,2,7,1,6,5,2,2,2,5,3,5
2024,6,14,9,2,8,2,3,5,16,3,36,28,8,36,36,3,33,24,3,8,5,10,3,3,3,3,5,1,3
2024,6,14,10,2,8,10,3,3,9,2,33,25,8,33,33,2,31,17,5,4,3,5,2,2,2,2,6,5,3
2024,6,14,11,2,6,4,1,3,14,3,26,20,6,26,26,4,22,19,2,6,4,6,4,3,3,3,1,2,1
2024,6,15,0,3,12,10,5,4,16,6,43,31,12,43,43,2,41,26,6,8,6,6,2,6,6,6,1,5,5
2024,6,15,1,3,6,2,1,2,15,2,29,23,6,29,29,6,23,19,2,5,4,5,6,3,3,3,5,1,1
2024,6,15,2,3,2,10,5,4,11,1,33,31,2,33,33,6,27,16,1,4,1,7,6,3,3,3,4,5,5
2024,6,15,3,3,10,8,4,3,14,5,38,28,10,38,38,3,35,22,5,6,5,4,3,4,4,4,4,4,4
2024,6,15,4,3,9,10,2,3,17,3,38,29,9,38,38,6,32,26,6,8,3,8,6,2,2,2,3,5,2
2024,6,15,5,3,7,10,5,3,15,5,35,28,7,35,35,3,32,20,2,7,5,5,3,3,3,3,2,5,5
2024,6,15,6,3,6,6,5,5,7,1,30,24,6,30,30,3,27,16,4,2,2,6,3,2,2,2,4,3,5
2024,6,15,7,3,8,6,2,4,8,2,31,23,8,31,31,2,29,18,6,4,2,6,2,4,4,4,4,3,2
2024,6,15,8,3,6,4,1,5,10,3,30,24,6,30,30,2,28,19,4,6,2,8,2,6,6,6,2,2,1
2024,6,15,9,3,9,6,4,5,16,6,40,31,9,40,40,3,37,24,3,7,6,6,3,5,5,5,4,3,4
2024,6,15,10,3,7,12,5,2,11,3,29,22,7,29,29,2,27,15,2,4,5,3,2,2,2,2,1,6,5
2024,6,15,11,3,9,2,6,5,11,1,35,26,9,35,35,2,33,21,5,5,4,9,2,6,6,6,1,1,6
2024,6,16,0,3,9,6,1,4,9,3,31,22,9,31,31,1,30,18,5,4,4,5,1,5,5,5,4,3,1
2024,6,16,1,3,5,8,4,6,9,6,36,31,5,36,36,1,35,19,4,7,1,7,1,3,3,3,6,4,4
2024,6,16,2,3,10,12,6,5,19,6,45,35,10,45,45,6,39,28,4,7,6,6,6,2,2,2,3,6,6
2024,6,16,3,3,9,12,2,5,16,5,45,36,9,45,45,6,39,27,6,7,3,7,6,5,5,5,5,6,2
2024,6,16,4,3,5,8,5,5,10,3,35,30,5,35,35,4,31,18,3,4,2,6,4,6,6,6,2,4,5
2024,6,16,5,3,8,12,1,5,14,5,36,28,8,36,36,2,34,24,5,9,3,9,2,4,4,4,1,6,1
2024,6,16,6,3,11,8,2,2,9,1,28,17,11,28,28,1,27,16,5,2,6,3,1,4,4,4,2,4,2
2024,6,16,7,3,7,10,4,5,18,6,41,34,7,41,41,3,38,24,1,9,6,8,3,3,3,3,5,5,4
2024,6,16,8,3,8,10,1,1,13,2,30,22,8,30,30,3,27,17,3,5,5,4,3,6,6,6,1,5,1
2024,6,16,9,3,6,6,2,5,13,2,34,28,6,34,34,4,30,19,1,4,5,7,4,6,6,6,4,3,2
2024,6,16,10,3,8,4,2,1,14,3,27,19,8,27,27,6,21,20,5,5,3,3,6,1,1,1,2,2,2
2024,6,16,11,3,6,8,4,2,21,5,37,31,6,37,37,6,31,24,1,10,5,7,6,1,1,1,4,4,4
2024,6,17,0,3,9,12,2,1,16,5,32,23,9,32,32,2,30,21,4,9,5,5,2,1,1,1,2,6,2
2024,6,17,1,3,8,2,5,5,19,5,40,32,8,40,40,6,34,27,3,8,5,8,6,2,2,2,5,1,5
2024,6,17,2,3,3,8,2,3,14,4,30,27,3,30,30,6,24,18,1,6,2,5,6,2,2,2,4,4,2
2024,6,17,3,3,8,12,1,3,16,6,33,25,8,33,33,1,32,21,2,9,6,6,1,1,1,1,4,6,1
2024,6,17,4,3,5,6,1,3,15,6,32,27,5,32,32,4,28,21,3,9,2,6,4,4,4,4,3,3,1
2024,6,17,5,3,8,10,5,4,11,2,36,28,8,36,36,6,30,21,6,3,2,5,6,3,3,3,2,5,5
2024,6,17,6,3,6,8,1,4,22,6,38,32,6,38,38,5,33,27,1,12,5,10,5,5,5,5,1,4,1
2024,6,17,7,3,7,6,6,1,15,6,37,30,7,37,37,1,36,21,5,12,2,7,1,1,1,1,6,3,6
2024,6,17,8,3,9,12,5,6,10,2,39,30,9,39,39,1,38,22,6,6,3,10,1,2,2,2,4,6,5
2024,6,17,9,3,7,10,6,6,16,6,41,34,7,41,41,4,37,25,3,8,4,8,4,4,4,4,1,5,6
2024,6,17,10,3,9,2,4,6,11,4,35,26,9,35,35,2,33,23,6,6,3,8,2,4,4,4,3,1,4
2024,6,17,11,3,5,10,6,6,19,6,43,38,5,43,43,3,40,26,1,12,4,12,3,5,5,5,1,5,6
2024,6,18,0,3,8,10,2,3,13,4,35,27,8,35,35,3,32,19,3,5,5,4,3,5,5,5,4,5,2
2024,6,18,1,3,12,2,6,2,17,2,35,23,12,35,35,5,30,25,6,6,6,6,5,2,2,2,1,1,6
2024,6,18,2,3,6,2,2,3,10,3,27,21,6,27,27,2,25,15,2,4,4,4,2,5,5,5,4,1,2
2024,6,18,3,3,3,6,6,5,10,2,33,30,3,33,33,3,30,17,2,6,1,9,3,1,1,1,6,3,6
2024,6,18,4,3,3,2,5,3,16,6,35,32,3,35,35,5,30,20,1,9,2,6,5,3,3,3,6,1,5
2024,6,18,5,3,6,4,5,2,18,2,33,27,6,33,33,6,27,21,1,7,5,7,6,2,2,2,3,2,5
2024,6,18,6,3,8,12,2,6,8,1,35,27,8,35,35,4,31,20,6,2,2,7,4,6,6,6,1,6,2
2024,6,18,7,3,4,10,5,3,9,5,33,29,4,33,33,1,32,15,3,7,1,5,1,4,4,4,4,5,5
2024,6,18,8,3,9,12,2,3,14,4,37,28,9,37,37,1,36,20,3,7,6,6,1,4,4,4,5,6,2
2024,6,18,9,3,8,10,1,6,11,1,34,26,8,34,34,4,30,21,4,3,4,8,4,6,6,6,1,5,1
2024,6,18,10,3,9,8,6,4,22,4,45,36,9,45,45,6,39,29,3,10,6,10,6,2,2,2,4,4,6
2024,6,18,11,3,7,12,6,2,17,4,42,35,7,42,42,3,39,20,1,8,6,6,3,5,5,5,5,6,6
2024,6,19,0,3,9,12,3,3,15,2,41,32,9,41,41,4,37,24,6,8,3,9,4,5,5,5,3,6,3
2024,6,19,1,3,10,6,1,1,10,1,27,17,10,27,27,1,26,15,4,3,6,3,1,3,3,3,5,3,1
2024,6,19,2,3,5,2,2,4,13,2,30,25,5,30,30,6,24,19,2,4,3,6,6,3,3,3,5,1,2
2024,6,19,3,3,10,8,3,5,16,1,37,27,10,37,37,4,33,25,4,6,6,10,4,3,3,3,2,4,3
2024,6,19,4,3,6,2,5,5,18,5,37,31,6,37,37,6,31,28,5,11,1,11,6,1,1,1,2,1,5
2024,6,19,5,3,7,2,6,2,16,1,36,29,7,36,36,5,31,21,3,7,4,8,5,4,4,4,4,1,6
2024,6,19,6,3,5,4,4,3,10,5,23,18,5,23,23,1,22,15,2,6,3,4,1,1,1,1,1,2,4
2024,6,19,7,3,5,12,6,3,11,1,36,31,5,36,36,6,30,17,3,3,2,5,6,1,1,1,6,6,6
2024,6,19,8,3,4,10,1,1,12,1,30,26,4,30,30,6,24,16,3,5,1,5,6,3,3,3,5,5,1
2024,6,19,9,3,10,6,6,4,19,6,42,32,10,42,42,6,36,27,4,7,6,5,6,4,4,4,2,3,6
2024,6,19,10,3,8,8,4,3,18,5,37,29,8,37,37,5,32,25,4,9,4,7,5,3,3,3,1,4,4
2024,6,19,11,3,11,6,3,1,10,1,27,16,11,27,27,1,26,17,6,4,5,4,1,1,1,1,3,3,3
2024,6,20,0,3,3,12,2,2,10,1,28,25,3,28,28,4,24,14,2,5,1,6,4,4,4,4,2,6,2
2024,6,20,1,3,5,10,6,5,11,6,38,33,5,38,38,3,35,20,4,7,1,6,3,2,2,2,5,5,6
2024,6,20,2,3,6,8,1,6,12,1,30,24,6,30,30,5,25,20,2,3,4,8,5,3,3,3,2,4,1
2024,6,20,3,3,5,2,2,6,8,1,27,22,5,27,27,4,23,18,4,3,1,8,4,5,5,5,1,1,2
2024,6,20,4,3,8,8,6,1,16,4,41,33,8,41,41,5,36,22,5,8,3,5,5,3,3,3,6,4,6
2024,6,20,5,3,9,4,6,6,14,4,40,31,9,40,40,4,36,26,6,7,3,9,4,5,5,5,1,2,6
2024,6,20,6,3,11,2,3,5,13,3,35,24,11,35,35,4,31,24,6,4,5,6,4,5,5,5,2,1,3
2024,6,20,7,3,4,12,4,6,8,2,36,32,4,36,36,1,35,16,2,5,2,9,1,6,6,6,4,6,4
2024,6,20,8,3,5,12,2,4,17,4,37,32,5,37,37,3,34,22,1,10,4,10,3,3,3,3,4,6,2
2024,6,20,9,3,4,8,1,3,14,3,32,28,4,32,32,6,26,19,2,6,2,6,6,5,5,5,3,4,1
2024,6,20,10,3,6,10,4,3,21,6,40,34,6,40,40,6,34,26,2,11,4,8,6,1,1,1,4,5,4
2024,6,20,11,3,5,8,5,2,11,4,30,25,5,30,30,2,28,15,2,6,3,4,2,4,4,4,2,4,5
2024,6,21,0,3,10,12,6,5,14,5,44,34,10,44,44,2,42,24,5,7,5,7,2,3,3,3,5,6,6
2024,6,21,1,3,8,6,2,2,12,5,31,23,8,31,31,1,30,17,3,6,5,3,1,4,4,4,5,3,2
2024,6,21,2,3,11,2,5,5,10,1,29,18,11,29,29,2,27,20,5,2,6,6,2,2,2,2,1,1,5
2024,6,21,3,3,3,8,2,1,13,4,28,25,3,28,28,2,26,16,2,10,1,7,2,3,3,3,3,4,2
2024,6,21,4,3,6,12,1,2,10,3,31,25,6,31,31,1,30,14,2,5,4,4,1,4,4,4,6,6,1
2024,6,21,5,3,12,10,2,1,16,1,37,25,12,37,37,4,33,23,6,6,6,6,4,3,3,3,4,5,2
2024,6,21,6,3,5,8,6,1,17,6,38,33,5,38,38,6,32,21,3,9,2,4,6,4,4,4,3,4,6
2024,6,21,7,3,9,2,6,2,17,2,37,28,9,37,37,5,32,23,4,7,5,7,5,4,4,4,3,1,6
2024,6,21,8,3,6,6,6,5,10,1,35,29,6,35,35,3,32,20,5,6,1,10,3,5,5,5,1,3,6
2024,6,21,9,3,5,12,2,5,13,4,34,29,5,34,34,6,28,21,3,5,2,6,6,3,3,3,2,6,2
2024,6,21,10,3,7,6,3,1,15,5,35,28,7,35,35,4,31,22,6,10,1,6,4,5,5,5,2,3,3
2024,6,21,11,3,6,12,3,2,13,6,33,27,6,33,33,1,32,16,1,7,5,3,1,5,5,5,3,6,3
2024,6,22,0,4,11,8,2,2,18,5,43,32,11,43,43,2,41,25,5,10,6,7,2,6,6,6,6,4,2
2024,6,22,1,4,7,4,1,1,13,2,23,16,7,23,23,1,22,15,1,6,6,5,1,3,3,3,2,2,1
2024,6,22,2,4,4,4,2,4,11,4,27,23,4,27,27,2,25,17,2,7,2,7,2,4,4,4,2,2,2
2024,6,22,3,4,7,6,5,2,12,6,32,25,7,32,32,3,29,20,6,8,1,4,3,2,2,2,2,3,5
2024,6,22,4,4,7,4,6,6,17,1,38,31,7,38,38,4,34,24,1,7,6,12,4,2,2,2,4,2,6
2024,6,22,5,4,7,4,2,5,9,1,28,21,7,28,28,6,22,20,6,2,1,6,6,1,1,1,3,2,2
2024,6,22,6,4,5,12,6,4,12,3,42,37,5,42,42,6,36,20,4,5,1,6,6,4,4,4,6,6,6
2024,6,22,7,4,10,12,3,5,14,3,43,33,10,43,43,4,39,25,6,6,4,8,4,5,5,5,4,6,3
2024,6,22,8,4,9,10,5,1,11,3,35,26,9,35,35,1,34,17,5,6,4,4,1,5,5,5,3,5,5
2024,6,22,9,4,6,2,5,2,13,1,29,23,6,29,29,2,27,17,2,7,4,8,2,2,2,2,4,1,5
2024,6,22,10,4,9,10,2,2,13,1,34,25,9,34,34,2,32,20,5,7,4,8,2,6,6,6,1,5,2
2024,6,22,11,4,6,10,4,2,11,4,31,25,6,31,31,2,29,15,2,5,4,3,2,4,4,4,3,5,4
2024,6,23,0,4,7,12,4,3,11,2,36,29,7,36,36,4,32,17,3,3,4,4,4,3,3,3,6,6,4
2024,6,23,1,4,3,6,2,6,15,3,35,32,3,35,35,5,30,23,2,9,1,12,5,1,1,1,6,3,2
2024,6,23,2,4,7,2,4,2,12,4,26,19,7,26,26,3,23,19,5,7,2,5,3,1,1,1,1,1,4
2024,6,23,3,4,8,4,4,4,10,1,30,22,8,30,30,3,27,20,6,5,2,8,3,2,2,2,2,2,4
2024,6,23,4,4,3,4,1,4,6,1,26,23,3,26,26,2,24,12,2,3,1,6,2,6,6,6,5,2,1
2024,6,23,5,4,4,4,2,4,13,4,33,29,4,33,33,3,30,19,2,8,2,8,3,6,6,6,4,2,2
2024,6,23,6,4,12,2,6,5,20,6,43,31,12,43,43,3,40,31,6,11,6,10,3,3,3,3,2,1,6
2024,6,23,7,4,10,8,5,5,20,6,49,39,10,49,49,6,43,31,6,10,4,9,6,5,5,5,4,4,5
2024,6,23,8,4,8,6,1,2,22,6,36,28,8,36,36,6,30,26,2,10,6,6,6,3,3,3,3,3,1
2024,6,23,9,4,7,4,1,1,21,6,37,30,7,37,37,5,32,25,3,12,4,7,5,4,4,4,5,2,1
2024,6,23,10,4,7,2,1,5,10,1,28,21,7,28,28,4,24,19,4,3,3,7,4,1,1,1,6,1,1
2024,6,23,11,4,11,8,2,1,18,6,35,24,11,35,35,1,34,24,5,11,6,6,1,1,1,1,4,4,2
2024,6,24,0,4,6,4,3,6,11,4,29,23,6,29,29,3,26,20,3,5,3,7,3,1,1,1,3,2,3
2024,6,24,1,4,5,8,5,6,14,4,35,30,5,35,35,2,33,21,1,8,4,10,2,1,1,1,4,4,5
2024,6,24,2,4,8,12,2,6,16,1,40,32,8,40,40,6,34,27,5,7,3,12,6,2,2,2,3,6,2
2024,6,24,3,4,8,4,6,5,12,1,35,27,8,35,35,1,34,20,3,6,5,10,1,6,6,6,1,2,6
2024,6,24,4,4,6,6,2,6,15,6,37,31,6,37,37,2,35,26,5,12,1,12,2,1,1,1,5,3,2
2024,6,24,5,4,5,12,4,6,15,5,40,35,5,40,40,4,36,25,4,10,1,11,4,4,4,4,1,6,4
2024,6,24,6,4,10,4,6,4,17,6,41,31,10,41,41,4,37,26,5,8,5,6,4,6,6,6,1,2,6
2024,6,24,7,4,6,10,1,5,16,6,42,36,6,42,42,2,40,25,4,12,2,11,2,5,5,5,6,5,1
2024,6,24,8,4,6,2,3,1,9,1,25,19,6,25,25,2,23,14,4,5,2,5,2,1,1,1,6,1,3
2024,6,24,9,4,10,8,2,6,14,2,39,29,10,39,39,2,37,25,5,7,5,11,2,3,3,3,5,4,2
2024,6,24,10,4,6,2,1,6,12,2,30,24,6,30,30,1,29,20,2,7,4,11,1,5,5,5,3,1,1
2024,6,24,11,4,6,12,6,6,16,3,47,41,6,47,47,6,41,26,4,8,2,11,6,5,5,5,4,6,6
2024,6,25,0,4,7,2,3,3,12,4,30,23,7,30,30,3,27,19,4,6,3,5,3,6,6,6,1,1,3
2024,6,25,1,4,5,6,1,5,9,2,28,23,5,28,28,1,27,18,4,7,1,10,1,1,1,1,5,3,1
2024,6,25,2,4,6,2,1,1,22,6,31,25,6,31,31,6,25,25,2,12,4,7,6,1,1,1,3,1,1
2024,6,25,3,4,3,12,6,3,14,5,38,35,3,38,38,4,34,19,2,9,1,7,4,5,5,5,2,6,6
2024,6,25,4,4,8,4,2,6,15,4,31,23,8,31,31,2,29,24,3,8,5,10,2,1,1,1,2,2,2
2024,6,25,5,4,7,10,2,2,12,3,37,30,7,37,37,5,32,20,6,6,1,5,5,6,6,6,4,5,2
2024,6,25,6,4,10,8,4,4,17,4,45,35,10,45,45,2,43,26,5,10,5,10,2,5,5,5,6,4,4
2024,6,25,7,4,3,4,5,6,10,2,36,33,3,36,36,3,33,18,2,6,1,10,3,5,5,5,6,2,5
2024,6,25,8,4,10,6,3,4,19,6,44,34,10,44,44,5,39,29,6,10,4,8,5,5,5,5,4,3,3
2024,6,25,9,4,7,6,1,3,13,5,31,24,7,31,31,2,29,20,4,8,3,6,2,2,2,2,5,3,1
2024,6,25,10,4,10,6,3,1,12,2,36,26,10,36,36,3,33,19,6,5,4,4,3,5,5,5,6,3,3
2024,6,25,11,4,6,12,2,3,10,1,31,25,6,31,31,2,29,16,3,5,3,7,2,6,6,6,1,6,2
2024,6,26,0,4,7,2,5,5,11,2,32,25,7,32,32,5,27,20,4,3,3,6,5,2,2,2,4,1,5
2024,6,26,1,4,6,4,4,3,12,1,29,23,6,29,29,5,24,16,1,2,5,4,5,5,5,5,2,2,4
2024,6,26,2,4,10,8,5,5,12,5,35,25,10,35,35,2,33,23,6,6,4,6,2,2,2,2,1,4,5
2024,6,26,3,4,7,10,2,4,9,1,33,26,7,33,33,5,28,18,5,2,2,5,5,5,5,5,3,5,2
2024,6,26,4,4,4,12,1,6,12,2,32,28,4,32,32,2,30,19,1,7,3,11,2,4,4,4,2,6,1
2024,6,26,5,4,4,12,6,2,14,2,38,34,4,38,38,6,32,19,3,7,1,7,6,2,2,2,5,6,6
2024,6,26,6,4,11,2,1,4,15,3,39,28,11,39,39,1,38,25,6,9,5,10,1,6,6,6,6,1,1
2024,6,26,7,4,8,6,1,6,11,3,34,26,8,34,34,3,31,23,6,6,2,9,3,4,4,4,3,3,1
2024,6,26,8,4,8,2,5,5,17,4,40,32,8,40,40,4,36,26,4,9,4,10,4,4,4,4,4,1,5
2024,6,26,9,4,5,2,5,2,12,2,28,23,5,28,28,4,24,18,4,7,1,7,4,3,3,3,1,1,5
2024,6,26,10,4,5,8,4,4,17,5,38,33,5,38,38,4,34,24,3,11,2,10,4,3,3,3,3,4,4
2024,6,26,11,4,6,12,4,1,7,2,30,24,6,30,30,2,28,13,5,4,1,3,2,2,2,2,5,6,4
2024,6,27,0,4,3,10,2,1,15,5,34,31,3,34,34,5,29,18,2,9,1,5,5,5,5,5,4,5,2
2024,6,27,1,4,3,4,5,6,12,5,39,36,3,39,39,1,38,20,2,10,1,11,1,6,6,6,6,2,5
2024,6,27,2,4,4,6,2,5,12,2,27,23,4,27,27,6,21,19,2,4,2,7,6,2,2,2,1,3,2
2024,6,27,3,4,2,10,3,1,13,5,30,28,2,30,30,5,25,15,1,7,1,3,5,6,6,6,1,5,3
2024,6,27,4,4,6,2,3,3,13,5,28,22,6,28,28,3,25,19,3,7,3,5,3,1,1,1,4,1,3
2024,6,27,5,4,10,4,3,6,17,6,44,34,10,44,44,4,40,29,6,9,4,9,4,5,5,5,5,2,3
2024,6,27,6,4,10,8,4,3,18,3,39,29,10,39,39,4,35,26,5,9,5,9,4,4,4,4,1,4,4
2024,6,27,7,4,6,4,6,1,12,2,35,29,6,35,35,6,29,18,5,5,1,4,6,6,6,6,3,2,6
2024,6,27,8,4,8,8,1,4,17,5,35,27,8,35,35,4,31,24,3,8,5,7,4,2,2,2,4,4,1
2024,6,27,9,4,9,12,4,2,17,2,40,31,9,40,40,6,34,24,5,7,4,7,6,4,4,4,2,6,4
2024,6,27,10,4,10,2,6,1,21,5,36,26,10,36,36,4,32,26,4,11,6,7,4,2,2,2,1,1,6
2024,6,27,11,4,2,6,4,5,14,6,33,31,2,33,33,2,31,20,1,11,1,10,2,4,4,4,2,3,4
2024,6,28,0,4,6,2,5,5,11,4,32,26,6,32,32,4,28,20,4,5,2,6,4,1,1,1,5,1,5
2024,6,28,1,4,9,8,5,2,18,6,39,30,9,39,39,3,36,24,4,10,5,6,3,2,2,2,4,4,5
2024,6,28,2,4,6,4,1,1,7,3,22,16,6,22,22,1,21,13,5,5,1,3,1,4,4,4,2,2,1
2024,6,28,3,4,4,8,4,4,13,3,32,28,4,32,32,5,27,20,3,7,1,8,5,3,3,3,1,4,4
2024,6,28,4,4,9,6,2,1,16,5,34,25,9,34,34,3,31,23,6,10,3,6,3,4,4,4,2,3,2
2024,6,28,5,4,7,2,5,1,21,6,42,35,7,42,42,6,36,25,3,11,4,6,6,5,5,5,6,1,5
2024,6,28,6,4,3,2,2,6,11,2,31,28,3,31,31,2,29,19,2,8,1,12,2,5,5,5,4,1,2
2024,6,28,7,4,9,6,3,2,23,6,41,32,9,41,41,6,35,29,4,12,5,8,6,3,3,3,3,3,3
2024,6,28,8,4,6,10,4,6,21,6,50,44,6,50,50,6,44,29,2,11,4,11,6,6,6,6,6,5,4
2024,6,28,9,4,8,10,4,4,19,3,43,35,8,43,43,4,39,25,2,9,6,10,4,5,5,5,4,5,4
2024,6,28,10,4,7,2,1,1,14,6,23,16,7,23,23,1,22,19,4,10,3,5,1,1,1,1,1,1,1
2024,6,28,11,4,5,8,6,3,15,2,35,30,5,35,35,4,31,20,2,8,3,9,4,3,3,3,2,4,6
2024,6,29,0,5,12,4,6,3,18,3,41,29,12,41,41,6,35,27,6,6,6,6,6,4,4,4,2,2,6
2024,6,29,1,5,8,10,2,2,19,6,36,28,8,36,36,1,35,23,2,12,6,8,1,2,2,2,4,5,2
2024,6,29,2,5,8,10,6,2,16,3,41,33,8,41,41,4,37,20,2,6,6,5,4,6,6,6,4,5,6
2024,6,29,3,5,6,8,6,5,18,6,47,41,6,47,47,6,41,28,5,11,1,10,6,5,5,5,4,4,6
2024,6,29,4,5,5,2,3,2,13,1,27,22,5,27,27,3,24,17,2,7,3,8,3,2,2,2,4,1,3
2024,6,29,5,5,8,4,3,5,14,6,34,26,8,34,34,5,29,25,6,7,2,6,5,2,2,2,2,2,3
2024,6,29,6,5,11,8,1,1,20,6,36,25,11,36,36,5,31,27,6,10,5,5,5,2,2,2,2,4,1
2024,6,29,7,5,7,6,6,1,17,3,35,28,7,35,35,6,29,23,5,9,2,7,6,2,2,2,1,3,6
2024,6,29,8,5,5,8,1,1,10,1,23,18,5,23,23,5,18,15,4,4,1,4,5,2,2,2,1,4,1
2024,6,29,9,5,5,4,1,3,6,2,26,21,5,26,26,1,25,13,4,4,1,5,1,5,5,5,5,2,1
2024,6,29,10,5,6,8,4,1,10,4,31,25,6,31,31,3,28,16,5,6,1,3,3,2,2,2,5,4,4
2024,6,29,11,5,10,2,3,4,12,2,37,27,10,37,37,3,34,22,6,5,4,7,3,6,6,6,5,1,3
2024,6,30,0,5,10,12,2,3,16,2,38,28,10,38,38,6,32,23,4,4,6,5,6,4,4,4,3,6,2
2024,6,30,1,5,5,10,4,1,15,5,40,35,5,40,40,4,36,20,4,10,1,6,4,5,5,5,6,5,4
2024,6,30,2,5,5,6,2,2,18,6,34,29,5,34,34,6,28,24,4,11,1,7,6,4,4,4,1,3,2
2024,6,30,3,5,4,10,4,1,12,2,27,23,4,27,27,2,25,14,1,7,3,6,2,1,1,1,3,5,4
2024,6,30,4,5,7,12,2,3,16,2,36,29,7,36,36,4,32,22,3,8,4,9,4,5,5,5,1,6,2
2024,6,30,5,5,7,4,3,3,15,4,35,28,7,35,35,2,33,21,3,9,4,8,2,3,3,3,6,2,3
2024,6,30,6,5,5,10,1,5,16,6,37,32,5,37,37,5,32,23,2,8,3,7,5,5,5,5,3,5,1
2024,6,30,7,5,9,8,2,6,18,4,39,30,9,39,39,3,36,28,4,10,5,12,3,2,2,2,3,4,2
2024,6,30,8,5,8,2,5,2,19,5,34,26,8,34,34,5,29,23,2,8,6,5,5,2,2,2,3,1,5
2024,6,30,9,5,8,2,1,1,8,1,20,12,8,20,20,1,19,15,6,5,2,5,1,2,2,2,1,1,1
2024,6,30,10,5,10,10,4,2,18,6,39,29,10,39,39,4,35,25,5,9,5,5,4,4,4,4,1,5,4
2024,6,30,11,5,3,2,1,4,11,2,23,20,3,23,23,1,22,16,1,8,2,10,1,4,4,4,1,1,1
2024,7,1,0,6,6,10,2,4,18,5,35,29,6,35,35,5,30,24,2,9,4,8,5,2,2,2,2,5,2
2024,7,1,1,6,8,12,1,4,9,1,34,26,8,34,34,2,32,19,6,5,2,8,2,4,4,4,4,6,1
2024,7,1,2,6,5,4,3,6,17,6,37,32,5,37,37,4,33,24,1,9,4,9,4,2,2,2,6,2,3
2024,7,1,3,6,6,4,2,3,13,1,31,25,6,31,31,5,26,19,3,5,3,7,5,2,2,2,6,2,2
2024,7,1,4,6,10,2,1,4,9,2,27,17,10,27,27,1,26,18,5,3,5,5,1,2,2,2,5,1,1
2024,7,1,5,6,7,10,3,6,16,6,36,29,7,36,36,3,33,23,1,7,6,7,3,1,1,1,4,5,3
2024,7,1,6,6,4,6,1,5,12,6,26,22,4,26,26,2,24,20,3,9,1,8,2,1,1,1,1,3,1
2024,7,1,7,6,10,8,1,2,9,1,31,21,10,31,31,3,28,17,6,2,4,3,3,3,3,3,6,4,1
2024,7,1,8,6,5,2,1,4,18,5,30,25,5,30,30,4,26,24,2,11,3,10,4,3,3,3,1,1,1
2024,7,1,9,6,5,12,1,6,9,5,33,28,5,33,33,1,32,18,3,6,2,7,1,5,5,5,3,6,1
2024,7,1,10,6,7,4,4,2,19,6,38,31,7,38,38,4,34,23,2,10,5,6,4,3,3,3,6,2,4
2024,7,1,11,6,8,12,4,3,18,1,45,37,8,45,45,5,40,23,2,7,6,9,5,6,6,6,6,6,4
2024,7,2,0,6,9,6,2,2,16,3,32,23,9,32,32,2,30,22,4,9,5,8,2,4,4,4,1,3,2
2024,7,2,1,6,6,6,3,3,13,3,32,26,6,32,32,3,29,18,2,6,4,6,3,4,4,4,4,3,3
2024,7,2,2,6,4,4,2,3,10,3,31,27,4,31,31,4,27,16,3,5,1,5,4,6,6,6,5,2,2
2024,7,2,3,6,3,10,4,3,12,1,33,30,3,33,33,5,28,17,2,6,1,8,5,3,3,3,4,5,4
2024,7,2,4,6,7,8,4,5,10,2,36,29,7,36,36,5,31,20,5,3,2,6,5,3,3,3,5,4,4
2024,7,2,5,6,4,12,3,6,17,3,40,36,4,40,40,6,34,24,1,8,3,11,6,4,4,4,3,6,3
2024,7,2,6,6,9,4,4,4,14,4,39,30,9,39,39,5,34,24,6,6,3,6,5,5,5,5,4,2,4
2024,7,2,7,6,4,6,4,6,12,1,33,29,4,33,33,5,28,19,1,4,3,9,5,3,3,3,4,3,4
2024,7,2,8,6,3,12,2,3,9,2,29,26,3,29,29,1,28,13,1,6,2,7,1,4,4,4,4,6,2
2024,7,2,9,6,9,2,1,3,14,3,34,25,9,34,34,4,30,22,5,6,4,6,4,5,5,5,5,1,1
2024,7,2,10,6,4,6,5,4,6,1,28,24,4,28,28,1,27,11,1,2,3,5,1,6,6,6,3,3,5
2024,7,2,11,6,9,12,3,3,12,4,32,23,9,32,32,2,30,19,4,5,5,4,2,1,1,1,3,6,3
2024,7,3,0,6,7,2,2,2,17,5,34,27,7,34,34,4,30,22,3,9,4,6,4,5,5,5,4,1,2
2024,7,3,1,6,4,10,4,3,12,3,32,28,4,32,32,4,28,17,2,6,2,6,4,3,3,3,3,5,4
2024,7,3,2,6,3,2,1,6,12,5,28,25,3,28,28,3,25,19,1,7,2,8,3,6,6,6,1,1,1
2024,7,3,3,6,5,4,5,2,9,1,32,27,5,32,32,2,30,15,4,6,1,7,2,6,6,6,4,2,5
2024,7,3,4,6,7,4,6,5,12,6,38,31,7,38,38,3,35,23,6,8,1,7,3,1,1,1,6,2,6
2024,7,3,5,6,9,4,3,1,18,5,35,26,9,35,35,5,30,23,4,8,5,4,5,3,3,3,4,2,3
2024,7,3,6,6,4,12,6,6,14,5,40,36,4,40,40,2,38,23,3,11,1,12,2,2,2,2,3,6,6
2024,7,3,7,6,7,6,6,4,17,4,35,28,7,35,35,5,30,23,2,7,5,7,5,1,1,1,2,3,6
2024,7,3,8,6,3,8,5,2,7,2,28,25,3,28,28,2,26,11,2,4,1,4,2,2,2,2,6,4,5
2024,7,3,9,6,8,4,1,2,11,5,29,21,8,29,29,1,28,19,6,8,2,5,1,3,3,3,4,2,1
2024,7,3,10,6,10,2,1,1,16,3,32,22,10,32,32,2,30,22,5,9,5,7,2,3,3,3,5,1,1
2024,7,3,11,6,10,4,5,2,16,1,38,28,10,38,38,5,33,23,5,6,5,7,5,2,2,2,6,2,5
2024,7,4,0,6,6,12,2,6,18,6,42,36,6,42,42,1,41,25,1,12,5,12,1,4,4,4,5,6,2
2024,7,4,1,6,11,10,4,3,15,2,38,27,11,38,38,2,36,23,5,7,6,8,2,2,2,2,4,5,4
2024,7,4,2,6,2,4,4,1,13,4,27,25,2,27,27,6,21,15,1,6,1,3,6,2,2,2,4,2,4
2024,7,4,3,6,4,12,6,6,13,5,36,32,4,36,36,5,31,21,2,6,2,7,5,2,2,2,1,6,6
2024,7,4,4,6,6,4,4,2,13,5,28,22,6,28,28,3,25,18,3,7,3,4,3,2,2,2,2,2,4
2024,7,4,5,6,7,12,2,6,14,6,38,31,7,38,38,2,36,26,6,11,1,11,2,2,2,2,2,6,2
2024,7,4,6,6,8,2,5,4,15,6,34,26,8,34,34,1,33,22,3,9,5,7,1,1,1,1,5,1,5
2024,7,4,7,6,10,8,4,3,17,5,41,31,10,41,41,5,36,25,5,7,5,5,5,2,2,2,6,4,4
2024,7,4,8,6,11,6,6,4,15,3,38,27,11,38,38,2,36,24,5,7,6,8,2,2,2,2,3,3,6
2024,7,4,9,6,4,8,5,4,13,4,36,32,4,36,36,3,33,20,3,9,1,9,3,4,4,4,3,4,5
2024,7,4,10,6,9,4,6,1,16,4,37,28,9,37,37,3,34,21,4,8,5,5,3,2,2,2,6,2,6
2024,7,4,11,6,10,2,2,1,11,1,30,20,10,30,30,2,28,17,5,4,5,4,2,5,5,5,5,1,2
2024,7,5,0,6,7,12,6,4,9,1,32,25,7,32,32,1,31,14,1,2,6,5,1,4,4,4,2,6,6
2024,7,5,1,6,5,2,2,4,11,6,32,27,5,32,32,1,31,19,4,9,1,7,1,4,4,4,6,1,2
2024,7,5,2,6,10,12,5,3,19,6,43,33,10,43,43,2,41,27,5,12,5,9,2,4,4,4,1,6,5
2024,7,5,3,6,8,2,1,1,18,3,31,23,8,31,31,4,27,22,3,9,5,7,4,6,6,6,1,1,1
2024,7,5,4,6,6,4,5,3,12,4,37,31,6,37,37,6,31,20,5,5,1,4,6,6,6,6,4,2,5
2024,7,5,5,6,7,8,5,6,17,5,46,39,7,46,46,4,42,28,5,11,2,12,4,6,6,6,3,4,5
2024,7,5,6,6,8,6,2,5,17,5,43,35,8,43,43,5,38,28,6,10,2,10,5,6,6,6,4,3,2
2024,7,5,7,6,2,4,2,2,7,1,22,20,2,22,22,3,19,10,1,3,1,4,3,4,4,4,4,2,2
2024,7,5,8,6,7,10,2,1,19,6,41,34,7,41,41,6,35,26,6,12,1,7,6,5,5,5,3,5,2
2024,7,5,9,6,11,4,4,5,16,6,36,25,11,36,36,1,35,26,5,9,6,8,1,3,3,3,1,2,4
2024,7,5,10,6,11,10,1,4,17,6,40,29,11,40,40,3,37,26,5,8,6,6,3,4,4,4,4,5,1
2024,7,5,11,6,8,12,1,5,16,5,39,31,8,39,39,3,36,27,6,11,2,11,3,4,4,4,1,6,1
2024,7,6,0,6,6,12,2,5,13,5,31,25,6,31,31,2,29,20,2,7,4,7,2,1,1,1,2,6,2
2024,7,6,1,6,4,12,2,4,16,6,36,32,4,36,36,6,30,21,1,7,3,5,6,3,3,3,4,6,2
2024,7,6,2,6,4,6,5,3,15,6,36,32,4,36,36,5,31,21,3,9,1,6,5,2,2,2,5,3,5
2024,7,6,3,6,4,12,2,3,19,6,39,35,4,39,39,6,33,24,2,11,2,8,6,2,2,2,5,6,2
2024,7,6,4,6,4,10,4,3,17,6,40,36,4,40,40,5,35,23,3,11,1,8,5,3,3,3,5,5,4
2024,7,6,5,6,7,10,1,2,11,1,31,24,7,31,31,4,27,17,4,4,3,5,4,2,2,2,6,5,1
2024,7,6,6,6,8,8,6,3,12,2,35,27,8,35,35,4,31,21,6,6,2,7,4,3,3,3,1,4,6
2024,7,6,7,6,5,4,4,1,19,5,29,24,5,29,29,6,23,21,1,9,4,5,6,1,1,1,1,2,4
2024,7,6,8,6,6,10,5,1,15,2,31,25,6,31,31,3,28,18,2,8,4,7,3,2,2,2,1,5,5
2024,7,6,9,6,6,6,3,5,16,6,34,28,6,34,34,4,30,24,3,9,3,8,4,2,2,2,2,3,3
2024,7,6,10,6,9,6,4,2,14,6,32,23,9,32,32,3,29,22,6,8,3,4,3,2,2,2,1,3,4
2024,7,6,11,6,9,8,1,1,14,3,30,21,9,30,30,6,24,20,5,4,4,2,6,3,3,3,2,4,1
2024,7,7,0,6,6,8,2,1,19,5,40,34,6,40,40,6,34,24,4,11,2,7,6,5,5,5,5,4,2
2024,7,7,1,6,4,8,2,1,13,3,26,22,4,26,26,2,24,15,1,8,3,6,2,2,2,2,3,4,2
2024,7,7,2,6,9,10,2,4,14,3,38,29,9,38,38,3,35,22,4,6,5,7,3,3,3,3,6,5,2
2024,7,7,3,6,9,12,3,5,15,3,43,34,9,43,43,3,40,25,5,8,4,10,3,3,3,3,6,6,3
2024,7,7,4,6,4,2,5,2,11,1,29,25,4,29,29,5,24,14,1,3,3,4,5,5,5,5,4,1,5
2024,7,7,5,6,12,10,6,4,14,1,41,29,12,41,41,4,37,24,6,4,6,7,4,3,3,3,3,5,6
2024,7,7,6,6,12,12,1,1,21,5,40,28,12,40,40,4,36,28,6,11,6,7,4,2,2,2,3,6,1
2024,7,7,7,6,8,2,5,1,14,4,32,24,8,32,32,5,27,19,4,5,4,2,5,6,6,6,1,1,5
2024,7,7,8,6,3,8,4,5,7,4,26,23,3,26,26,1,25,14,2,5,1,6,1,2,2,2,2,4,4
2024,7,7,9,6,9,12,3,1,17,4,39,30,9,39,39,6,33,22,4,6,5,3,6,6,6,6,2,6,3
2024,7,7,10,6,8,8,1,4,18,6,33,25,8,33,33,5,28,24,2,7,6,5,5,3,3,3,1,4,1
2024,7,7,11,6,8,2,5,4,16,6,35,27,8,35,35,5,30,24,4,7,4,5,5,2,2,2,3,1,5
2024,7,8,0,7,5,2,4,4,8,4,28,23,5,28,28,2,26,16,4,5,1,5,2,1,1,1,6,1,4
2024,7,8,1,7,6,8,3,1,11,1,32,26,6,32,32,5,27,16,4,4,2,4,5,4,4,4,5,4,3
2024,7,8,2,7,5,2,6,6,14,1,34,29,5,34,34,4,30,22,2,7,3,12,4,3,3,3,2,1,6
2024,7,8,3,7,4,2,1,5,14,3,33,29,4,33,33,6,27,22,3,7,1,9,6,5,5,5,4,1,1
2024,7,8,4,7,7,2,5,3,17,4,39,32,7,39,39,5,34,25,5,10,2,9,5,5,5,5,3,1,5
2024,7,8,5,7,6,6,3,3,16,2,35,29,6,35,35,5,30,21,2,7,4,8,5,5,5,5,3,3,3
2024,7,8,6,7,5,2,5,1,10,1,27,22,5,27,27,4,23,13,2,3,3,3,4,6,6,6,2,1,5
2024,7,8,7,7,6,12,3,3,17,6,39,33,6,39,39,5,34,21,1,7,5,4,5,5,5,5,4,6,3
2024,7,8,8,7,9,10,3,5,12,3,30,21,9,30,30,2,28,20,3,4,6,6,2,1,1,1,1,5,3
2024,7,8,9,7,11,6,2,6,20,6,40,29,11,40,40,6,34,31,5,8,6,8,6,3,3,3,1,3,2
2024,7,8,10,7,6,10,1,1,12,5,26,20,6,26,26,2,24,16,3,7,3,3,2,2,2,2,2,5,1
2024,7,8,11,7,5,8,6,6,9,2,32,27,5,32,32,2,30,17,2,4,3,8,2,3,3,3,2,4,6
2024,7,9,0,7,7,10,6,1,10,3,35,28,7,35,35,2,33,14,3,4,4,2,2,6,6,6,4,5,6
2024,7,9,1,7,5,2,6,3,13,5,30,25,5,30,30,5,25,19,3,6,2,4,5,3,3,3,1,1,6
2024,7,9,2,7,8,2,6,3,14,2,35,27,8,35,35,2,33,19,2,6,6,7,2,3,3,3,6,1,6
2024,7,9,3,7,4,4,4,5,9,2,24,20,4,24,24,2,22,15,1,4,3,7,2,2,2,2,1,2,4
2024,7,9,4,7,7,8,5,2,13,1,38,31,7,38,38,6,32,17,2,2,5,3,6,6,6,6,6,4,5
2024,7,9,5,7,8,6,3,1,15,4,36,28,8,36,36,5,31,20,4,6,4,3,5,4,4,4,6,3,3
2024,7,9,6,7,7,2,2,6,20,6,37,30,7,37,37,5,32,29,3,11,4,11,5,2,2,2,3,1,2
2024,7,9,7,7,7,8,2,4,18,1,37,30,7,37,37,6,31,24,2,7,5,10,6,2,2,2,5,4,2
2024,7,9,8,7,10,10,1,4,14,3,31,21,10,31,31,3,28,22,4,5,6,6,3,2,2,2,1,5,1
2024,7,9,9,7,9,10,3,2,11,1,34,25,9,34,34,2,32,19,6,6,3,7,2,1,1,1,6,5,3
2024,7,9,10,7,4,10,5,2,15,5,35,31,4,35,35,2,33,18,1,10,3,7,2,5,5,5,2,5,5
2024,7,9,11,7,4,12,3,6,10,2,39,35,4,39,39,2,37,18,2,6,2,10,2,6,6,6,6,6,3
2024,7,10,0,7,8,12,2,3,16,4,43,35,8,43,43,4,39,24,5,9,3,8,4,6,6,6,5,6,2
2024,7,10,1,7,7,2,4,5,16,5,33,26,7,33,33,3,30,22,1,7,6,7,3,2,2,2,4,1,4
2024,7,10,2,7,8,6,3,4,17,3,34,26,8,34,34,6,28,23,2,5,6,6,6,1,1,1,4,3,3
2024,7,10,3,7,9,2,5,5,10,1,33,24,9,33,33,1,32,20,5,5,4,9,1,5,5,5,2,1,5
2024,7,10,4,7,9,8,3,2,16,6,35,26,9,35,35,2,33,22,4,9,5,5,2,3,3,3,3,4,3
2024,7,10,5,7,9,10,3,4,15,5,38,29,9,38,38,4,34,24,5,7,4,6,4,3,3,3,3,5,3
2024,7,10,6,7,8,2,6,5,13,2,37,29,8,37,37,4,33,20,2,3,6,6,4,4,4,4,6,1,6
2024,7,10,7,7,5,4,1,5,18,6,39,34,5,39,39,4,35,26,3,12,2,11,4,6,6,6,4,2,1
2024,7,10,8,7,6,10,6,2,13,3,40,34,6,40,40,5,35,18,3,5,3,4,5,6,6,6,5,5,6
2024,7,10,9,7,6,4,6,1,17,2,31,25,6,31,31,4,27,19,1,8,5,7,4,2,2,2,2,2,6
2024,7,10,10,7,5,10,6,5,11,1,36,31,5,36,36,5,31,18,2,3,3,7,5,5,5,5,2,5,6
2024,7,10,11,7,8,10,1,2,17,4,30,22,8,30,30,1,29,21,2,10,6,8,1,1,1,1,2,5,1
2024,7,11,0,7,8,12,2,4,16,1,36,28,8,36,36,4,32,23,3,7,5,10,4,4,4,4,1,6,2
2024,7,11,1,7,5,4,4,3,12,1,31,26,5,31,31,4,27,18,3,6,2,8,4,5,5,5,2,2,4
2024,7,11,2,7,5,10,1,1,11,1,28,23,5,28,28,5,23,15,3,4,2,4,5,5,5,5,2,5,1
2024,7,11,3,7,5,2,1,6,12,2,31,26,5,31,31,6,25,21,3,4,2,8,6,2,2,2,6,1,1
2024,7,11,4,7,5,12,1,1,11,3,31,26,5,31,31,4,27,16,4,6,1,4,4,5,5,5,3,6,1
2024,7,11,5,7,3,8,5,2,15,3,37,34,3,37,37,4,33,18,1,9,2,8,4,4,4,4,6,4,5
2024,7,11,6,7,5,12,4,5,10,2,36,31,5,36,36,1,35,19,4,8,1,11,1,1,1,1,6,6,4
2024,7,11,7,7,3,12,4,3,12,6,31,28,3,31,31,3,28,16,1,7,2,4,3,2,2,2,3,6,4
2024,7,11,8,7,6,4,2,2,11,1,29,23,6,29,29,1,28,15,2,6,4,7,1,4,4,4,6,2,2
2024,7,11,9,7,9,6,1,3,10,1,27,18,9,27,27,1,26,17,4,4,5,6,1,5,5,5,1,3,1
2024,7,11,10,7,5,6,1,4,13,6,32,27,5,32,32,3,29,20,3,8,2,6,3,6,6,6,2,3,1
2024,7,11,11,7,5,2,3,3,11,1,28,23,5,28,28,3,25,16,2,5,3,7,3,3,3,3,5,1,3
2024,7,12,0,7,7,12,4,3,14,4,35,28,7,35,35,4,31,21,4,7,3,6,4,1,1,1,3,6,4
2024,7,12,1,7,8,4,4,5,17,6,40,32,8,40,40,6,34,28,6,9,2,8,6,3,3,3,3,2,4
2024,7,12,2,7,10,6,6,3,19,3,41,31,10,41,41,6,35,27,5,8,5,8,6,3,3,3,2,3,6
2024,7,12,3,7,7,12,1,5,14,3,34,27,7,34,34,1,33,22,3,9,4,11,1,2,2,2,3,6,1
2024,7,12,4,7,10,6,5,2,21,5,45,35,10,45,45,5,40,27,4,10,6,7,5,5,5,5,5,3,5
2024,7,12,5,7,10,2,2,2,21,6,41,31,10,41,41,5,36,28,5,11,5,7,5,4,4,4,6,1,2
2024,7,12,6,7,10,4,3,2,12,2,27,17,10,27,27,3,24,18,4,3,6,3,3,1,1,1,3,2,3
2024,7,12,7,7,7,2,1,3,15,3,33,26,7,33,33,4,29,21,3,7,4,7,4,5,5,5,5,1,1
2024,7,12,8,7,6,4,5,3,9,4,34,28,6,34,34,1,33,17,5,7,1,6,1,4,4,4,6,2,5
2024,7,12,9,7,11,8,1,4,12,1,35,24,11,35,35,4,31,21,5,2,6,5,4,5,5,5,4,4,1
2024,7,12,10,7,6,8,2,1,8,4,24,18,6,24,24,2,22,14,5,5,1,2,2,2,2,2,2,4,2
2024,7,12,11,7,7,12,6,1,17,6,42,35,7,42,42,3,39,19,1,8,6,3,3,6,6,6,5,6,6
2024,7,13,0,7,3,10,5,1,17,5,37,34,3,37,37,6,31,19,1,9,2,5,6,3,3,3,5,5,5
2024,7,13,1,7,5,8,5,1,10,1,29,24,5,29,29,5,24,15,4,4,1,4,5,3,3,3,2,4,5
2024,7,13,2,7,4,8,1,6,15,1,35,31,4,35,35,6,29,22,1,6,3,11,6,5,5,5,3,4,1
2024,7,13,3,7,6,6,5,1,17,6,29,23,6,29,29,2,27,19,1,10,5,5,2,1,1,1,1,3,5
2024,7,13,4,7,4,10,2,6,13,2,39,35,4,39,39,6,33,21,2,5,2,9,6,5,5,5,6,5,2
2024,7,13,5,7,6,10,2,6,14,4,37,31,6,37,37,3,34,24,4,9,2,11,3,3,3,3,3,5,2
2024,7,13,6,7,11,10,5,5,13,1,38,27,11,38,38,6,32,24,6,2,5,6,6,1,1,1,3,5,5
2024,7,13,7,7,3,4,5,1,12,3,31,28,3,31,31,2,29,15,2,9,1,7,2,3,3,3,6,2,5
2024,7,13,8,7,12,2,3,4,14,3,36,24,12,36,36,2,34,24,6,6,6,7,2,5,5,5,3,1,3
2024,7,13,9,7,10,10,4,5,9,2,41,31,10,41,41,2,39,20,6,3,4,6,2,6,6,6,6,5,4
2024,7,13,10,7,7,12,3,3,18,5,37,30,7,37,37,5,32,22,1,7,6,5,5,3,3,3,3,6,3
2024,7,13,11,7,3,2,2,2,8,1,24,21,3,24,24,4,20,12,2,3,1,4,4,4,4,4,5,1,2
2024,7,14,0,7,8,6,2,6,14,3,39,31,8,39,39,5,34,23,3,4,5,7,5,5,5,5,6,3,2
2024,7,14,1,7,8,2,6,5,15,6,39,31,8,39,39,4,35,25,5,8,3,7,4,2,2,2,5,1,6
2024,7,14,2,7,11,10,4,2,20,4,38,27,11,38,38,6,32,27,5,8,6,6,6,1,1,1,1,5,4
2024,7,14,3,7,10,8,1,3,8,1,32,22,10,32,32,2,30,17,6,2,4,4,2,5,5,5,5,4,1
2024,7,14,4,7,6,8,1,4,13,3,35,29,6,35,35,4,31,18,1,4,5,5,4,6,6,6,6,4,1
2024,7,14,5,7,9,8,5,4,14,6,37,28,9,37,37,4,33,24,6,7,3,5,4,2,2,2,2,4,5
2024,7,14,6,7,12,2,3,3,15,3,35,23,12,35,35,3,32,24,6,6,6,6,3,6,6,6,1,1,3
2024,7,14,7,7,9,8,2,2,13,4,32,23,9,32,32,4,28,21,6,6,3,4,4,3,3,3,2,4,2
2024,7,14,8,7,8,2,1,1,11,3,24,16,8,24,24,3,21,17,5,5,3,3,3,4,4,4,1,1,1
2024,7,14,9,7,7,10,5,3,18,4,40,33,7,40,40,3,37,23,2,10,5,9,3,3,3,3,4,5,5
2024,7,14,10,7,8,4,3,3,11,2,29,21,8,29,29,1,28,20,6,8,2,9,1,3,3,3,1,2,3
2024,7,14,11,7,6,12,4,5,11,1,36,30,6,36,36,4,32,20,4,5,2,9,4,4,4,4,2,6,4
2024,7,15,0,8,7,2,4,4,11,1,28,21,7,28,28,4,24,19,4,4,3,7,4,2,2,2,2,1,4
2024,7,15,1,8,3,4,3,4,19,6,36,33,3,36,36,6,30,25,2,12,1,10,6,3,3,3,3,2,3
2024,7,15,2,8,5,4,3,4,15,6,31,26,5,31,31,4,27,21,2,8,3,6,4,2,2,2,3,2,3
2024,7,15,3,8,10,12,5,4,18,3,47,37,10,47,47,4,43,26,4,8,6,9,4,6,6,6,4,6,5
2024,7,15,4,8,4,10,5,5,11,2,32,28,4,32,32,1,31,17,1,7,3,10,1,2,2,2,3,5,5
2024,7,15,5,8,5,8,6,1,16,3,38,33,5,38,38,3,35,18,1,9,4,7,3,6,6,6,4,4,6
2024,7,15,6,8,6,10,3,1,16,5,34,28,6,34,34,2,32,19,2,10,4,6,2,1,1,1,6,5,3
2024,7,15,7,8,9,6,2,2,17,1,32,23,9,32,32,6,26,22,3,5,6,6,6,1,1,1,4,3,2
2024,7,15,8,8,5,6,2,1,13,4,26,21,5,26,26,5,21,17,3,6,2,3,5,2,2,2,2,3,2
2024,7,15,9,8,3,6,6,4,16,5,40,37,3,40,40,5,35,22,2,10,1,9,5,3,3,3,6,3,6
2024,7,15,10,8,7,10,6,6,19,6,46,39,7,46,46,6,40,28,3,9,4,9,6,6,6,6,1,5,6
2024,7,15,11,8,5,6,2,6,9,2,29,24,5,29,29,3,26,19,4,5,1,9,3,1,1,1,4,3,2
2024,7,16,0,8,6,10,5,5,15,4,39,33,6,39,39,3,36,23,3,9,3,10,3,3,3,3,3,5,5
2024,7,16,1,8,4,6,4,2,8,3,27,23,4,27,27,2,25,13,3,5,1,4,2,1,1,1,6,3,4
2024,7,16,2,8,7,10,2,3,12,1,31,24,7,31,31,2,29,17,2,5,5,7,2,5,5,5,2,5,2
2024,7,16,3,8,2,4,6,4,7,2,28,26,2,28,28,2,26,12,1,4,1,6,2,3,3,3,5,2,6
2024,7,16,4,8,9,4,1,1,14,3,27,18,9,27,27,4,23,19,4,5,5,3,4,2,2,2,3,2,1
2024,7,16,5,8,9,8,5,2,17,6,38,29,9,38,38,2,36,22,3,9,6,5,2,6,6,6,1,4,5
2024,7,16,6,8,10,2,4,4,15,1,38,28,10,38,38,5,33,24,5,5,5,8,5,5,5,5,4,1,4
2024,7,16,7,8,6,10,3,5,10,3,29,23,6,29,29,1,28,19,4,7,2,9,1,1,1,1,1,5,3
2024,7,16,8,8,5,10,2,2,15,1,34,29,5,34,34,6,28,19,2,6,3,7,6,6,6,6,2,5,2
2024,7,16,9,8,5,10,6,5,15,3,42,37,5,42,42,3,39,21,1,8,4,10,3,5,5,5,5,5,6
2024,7,16,10,8,5,2,2,2,16,5,29,24,5,29,29,2,27,19,1,10,4,7,2,1,1,1,6,1,2
2024,7,16,11,8,6,2,1,1,8,3,22,16,6,22,22,1,21,13,4,5,2,3,1,6,6,6,1,1,1
2024,7,17,0,8,6,10,3,2,15,2,36,30,6,36,36,6,30,18,1,4,5,4,6,4,4,4,6,5,3
2024,7,17,1,8,7,6,4,4,17,5,40,33,7,40,40,4,36,23,2,8,5,7,4,6,6,6,4,3,4
2024,7,17,2,8,9,2,5,5,16,2,40,31,9,40,40,6,34,27,6,7,3,10,6,2,2,2,5,1,5
2024,7,17,3,8,5,6,4,1,16,1,31,26,5,31,31,6,25,18,1,6,4,6,6,2,2,2,4,3,4
2024,7,17,4,8,5,4,6,1,8,3,29,24,5,29,29,2,27,13,4,5,1,3,2,6,6,6,2,2,6
2024,7,17,5,8,11,12,2,1,19,4,40,29,11,40,40,4,36,25,5,9,6,6,4,3,3,3,4,6,2
2024,7,17,6,8,8,10,6,1,9,1,33,25,8,33,33,2,31,15,5,4,3,4,2,6,6,6,1,5,6
2024,7,17,7,8,10,12,5,3,15,1,40,30,10,40,40,4,36,24,6,7,4,9,4,2,2,2,3,6,5
2024,7,17,8,8,5,4,4,6,11,5,34,29,5,34,34,1,33,21,4,9,1,10,1,6,6,6,1,2,4
2024,7,17,9,8,8,4,4,5,18,3,37,29,8,37,37,4,33,26,3,9,5,11,4,3,3,3,2,2,4
2024,7,17,10,8,6,8,1,6,14,3,32,26,6,32,32,4,28,22,2,6,4,9,4,2,2,2,3,4,1
2024,7,17,11,8,3,2,2,1,18,6,29,26,3,29,29,4,25,20,1,12,2,7,4,3,3,3,3,1,2
2024,7,18,0,8,9,6,4,5,13,2,33,24,9,33,33,4,29,24,6,6,3,9,4,1,1,1,1,3,4
2024,7,18,1,8,5,10,1,4,14,2,36,31,5,36,36,5,31,22,4,8,1,10,5,6,6,6,2,5,1
2024,7,18,2,8,5,2,1,6,20,5,37,32,5,37,37,6,31,27,1,10,4,11,6,4,4,4,4,1,1
2024,7,18,3,8,8,2,3,5,16,4,40,32,8,40,40,3,37,26,5,10,3,11,3,5,5,5,5,1,3
2024,7,18,4,8,7,2,5,5,18,6,40,33,7,40,40,5,35,25,2,8,5,7,5,6,6,6,3,1,5
2024,7,18,5,8,9,2,6,2,20,6,39,30,9,39,39,5,34,28,6,12,3,8,5,2,2,2,2,1,6
2024,7,18,6,8,7,6,3,3,14,3,32,25,7,32,32,6,26,22,5,6,2,6,6,1,1,1,3,3,3
2024,7,18,7,8,7,12,1,6,22,6,46,39,7,46,46,5,41,29,1,11,6,11,5,4,4,4,6,6,1
2024,7,18,8,8,8,10,3,5,12,1,39,31,8,39,39,5,34,23,6,5,2,9,5,4,4,4,4,5,3
2024,7,18,9,8,10,12,2,3,12,3,41,31,10,41,41,1,40,21,6,7,4,7,1,6,6,6,6,6,2
2024,7,18,10,8,9,2,2,6,15,4,35,26,9,35,35,6,29,27,6,6,3,8,6,3,3,3,2,1,2
2024,7,18,11,8,7,12,3,3,18,4,39,32,7,39,39,4,35,24,3,10,4,9,4,1,1,1,5,6,3
2024,7,19,0,8,4,2,5,2,11,4,26,22,4,26,26,4,22,15,2,5,2,3,4,3,3,3,2,1,5
2024,7,19,1,8,6,10,5,1,14,6,34,28,6,34,34,4,30,18,3,7,3,2,4,1,1,1,5,5,5
2024,7,19,2,8,8,6,5,4,19,6,45,37,8,45,45,6,39,28,5,10,3,8,6,6,6,6,3,3,5
2024,7,19,3,8,5,2,6,2,11,4,32,27,5,32,32,5,27,17,4,5,1,3,5,6,6,6,2,1,6
2024,7,19,4,8,6,12,2,3,18,5,36,30,6,36,36,3,33,22,1,10,5,8,3,1,1,1,5,6,2
2024,7,19,5,8,10,6,4,4,20,6,44,34,10,44,44,2,42,28,4,12,6,10,2,6,6,6,3,3,4
2024,7,19,6,8,6,6,1,4,13,1,29,23,6,29,29,6,23,19,2,3,4,6,6,4,4,4,2,3,1
2024,7,19,7,8,5,2,6,6,21,5,43,38,5,43,43,6,37,28,1,11,4,12,6,5,5,5,3,1,6
2024,7,19,8,8,4,8,3,2,15,2,31,27,4,31,31,4,27,18,1,8,3,8,4,2,2,2,4,4,3
2024,7,19,9,8,7,4,4,6,12,2,33,26,7,33,33,2,31,21,3,6,4,10,2,4,4,4,2,2,4
2024,7,19,10,8,9,12,6,3,13,2,36,27,9,36,36,4,32,19,3,3,6,4,4,1,1,1,4,6,6
2024,7,19,11,8,11,6,6,4,17,5,43,32,11,43,43,2,41,27,6,10,5,9,2,1,1,1,6,3,6
2024,7,20,0,8,3,6,3,2,10,5,27,24,3,27,27,3,24,14,2,6,1,3,3,1,1,1,6,3,3
2024,7,20,1,8,8,2,1,3,8,1,24,16,8,24,24,1,23,15,4,3,4,5,1,3,3,3,4,1,1
2024,7,20,2,8,6,6,5,5,15,1,36,30,6,36,36,6,30,22,2,5,4,9,6,1,1,1,5,3,5
2024,7,20,3,8,9,10,3,6,17,4,45,36,9,45,45,2,43,26,3,9,6,11,2,5,5,5,6,5,3
2024,7,20,4,8,10,2,5,2,22,6,37,27,10,37,37,4,33,28,4,12,6,8,4,1,1,1,2,1,5
2024,7,20,5,8,5,8,2,6,14,3,34,29,5,34,34,6,28,21,1,4,4,7,6,5,5,5,2,4,2
2024,7,20,6,8,7,4,2,2,19,5,34,27,7,34,34,3,31,22,1,10,6,7,3,6,6,6,2,2,2
2024,7,20,7,8,9,4,5,2,14,5,35,26,9,35,35,2,33,20,4,7,5,4,2,4,4,4,4,2,5
2024,7,20,8,8,8,8,2,5,12,4,34,26,8,34,34,4,30,22,5,5,3,6,4,4,4,4,2,4,2
2024,7,20,9,8,11,12,5,3,16,6,39,28,11,39,39,3,36,24,5,7,6,4,3,3,3,3,1,6,5
2024,7,20,10,8,4,12,1,4,7,2,28,24,4,28,28,1,27,14,3,5,1,7,1,2,2,2,5,6,1
2024,7,20,11,8,8,4,2,1,12,1,31,23,8,31,31,3,28,19,6,7,2,7,3,4,4,4,4,2,2
2024,7,21,0,8,6,12,4,3,9,5,35,29,6,35,35,1,34,17,5,7,1,5,1,2,2,2,6,6,4
2024,7,21,1,8,6,2,5,5,10,1,29,23,6,29,29,1,28,16,1,4,5,8,1,1,1,1,6,1,5
2024,7,21,2,8,8,2,3,5,16,3,34,26,8,34,34,6,28,24,3,5,5,7,6,4,4,4,2,1,3
2024,7,21,3,8,4,8,4,2,15,1,34,30,4,34,34,6,28,19,2,7,2,8,6,5,5,5,2,4,4
2024,7,21,4,8,5,12,2,4,9,3,31,26,5,31,31,1,30,16,3,6,2,7,1,5,5,5,2,6,2
2024,7,21,5,8,11,10,3,5,13,2,43,32,11,43,43,3,40,24,6,5,5,8,3,6,6,6,5,5,3
2024,7,21,6,8,8,2,6,3,14,3,40,32,8,40,40,5,35,22,5,6,3,6,5,5,5,5,6,1,6
2024,7,21,7,8,9,12,2,3,13,1,39,30,9,39,39,5,34,20,4,3,5,5,5,5,5,5,6,6,2
2024,7,21,8,8,10,4,2,1,11,1,26,16,10,26,26,2,24,18,6,5,4,5,2,1,1,1,3,2,2
2024,7,21,9,8,11,6,2,1,18,6,39,28,11,39,39,5,34,25,6,8,5,3,5,4,4,4,5,3,2
2024,7,21,10,8,9,8,5,3,15,2,38,29,9,38,38,5,33,22,4,5,5,6,5,5,5,5,2,4,5
2024,7,21,11,8,11,12,1,3,13,2,36,25,11,36,36,5,31,22,6,3,5,4,5,3,3,3,4,6,1
2024,7,22,0,9,8,8,5,6,18,3,44,36,8,44,44,6,38,27,3,7,5,10,6,4,4,4,4,4,5
2024,7,22,1,9,6,4,5,6,15,2,34,28,6,34,34,4,30,22,1,6,5,10,4,3,3,3,2,2,5
2024,7,22,2,9,5,4,5,2,13,2,28,23,5,28,28,2,26,16,1,7,4,7,2,1,1,1,4,2,5
2024,7,22,3,9,6,6,6,4,17,3,35,29,6,35,35,6,29,23,2,7,4,8,6,2,2,2,1,3,6
2024,7,22,4,9,5,2,2,1,18,4,29,24,5,29,29,4,25,20,1,10,4,7,4,5,5,5,1,1,2
2024,7,22,5,9,8,10,2,1,15,4,30,22,8,30,30,3,27,18,2,6,6,3,3,1,1,1,4,5,2
2024,7,22,6,9,8,4,6,3,14,2,37,29,8,37,37,5,32,20,3,4,5,5,5,5,5,5,4,2,6
2024,7,22,7,9,6,6,6,2,17,4,37,31,6,37,37,6,31,24,5,10,1,8,6,2,2,2,2,3,6
2024,7,22,8,9,4,4,1,6,8,3,27,23,4,27,27,1,26,15,1,4,3,7,1,3,3,3,6,2,1
2024,7,22,9,9,3,6,6,3,16,4,34,31,3,34,34,6,28,20,1,8,2,7,6,1,1,1,4,3,6
2024,7,22,10,9,8,8,6,1,18,4,37,29,8,37,37,4,33,22,3,9,5,6,4,4,4,4,1,4,6
2024,7,22,11,9,6,12,6,1,18,6,43,37,6,43,43,6,37,21,2,8,4,3,6,6,6,6,4,6,6
2024,7,23,0,9,7,2,4,1,20,6,35,28,7,35,35,3,32,22,1,11,6,6,3,4,4,4,4,1,4
2024,7,23,1,9,11,2,3,5,16,6,33,22,11,33,33,2,31,26,5,8,6,7,2,1,1,1,2,1,3
2024,7,23,2,9,8,12,1,6,10,2,29,21,8,29,29,2,27,19,3,3,5,7,2,1,1,1,2,6,1
2024,7,23,3,9,7,2,2,1,17,1,31,24,7,31,31,4,27,19,1,7,6,7,4,4,4,4,5,1,2
2024,7,23,4,9,9,2,2,2,17,4,29,20,9,29,29,5,24,22,3,6,6,4,5,3,3,3,1,1,2
2024,7,23,5,9,10,2,2,4,12,2,28,18,10,28,28,1,27,20,4,5,6,7,1,4,4,4,1,1,2
2024,7,23,6,9,7,6,2,3,11,6,33,26,7,33,33,2,31,20,6,8,1,5,2,5,5,5,3,3,2
2024,7,23,7,9,5,10,3,4,12,3,32,27,5,32,32,6,26,20,4,5,1,6,6,2,2,2,2,5,3
2024,7,23,8,9,7,4,2,4,12,2,30,23,7,30,30,6,24,21,5,4,2,6,6,4,4,4,1,2,2
2024,7,23,9,9,9,12,4,4,14,6,39,30,9,39,39,1,38,21,3,7,6,5,1,3,3,3,5,6,4
2024,7,23,10,9,4,12,1,2,17,6,35,31,4,35,35,3,32,20,1,11,3,7,3,6,6,6,2,6,1
2024,7,23,11,9,5,4,2,3,9,5,29,24,5,29,29,2,27,16,4,6,1,4,2,5,5,5,4,2,2
2024,7,24,0,9,10,10,3,3,11,2,34,24,10,34,34,3,31,19,5,3,5,4,3,5,5,5,2,5,3
2024,7,24,1,9,4,8,3,1,9,1,23,19,4,23,23,1,22,12,2,6,2,6,1,3,3,3,1,4,3
2024,7,24,2,9,7,12,5,5,13,4,40,33,7,40,40,4,36,21,3,5,4,6,4,2,2,2,6,6,5
2024,7,24,3,9,8,12,5,5,10,5,41,33,8,41,41,1,40,20,5,6,3,6,1,6,6,6,4,6,5
2024,7,24,4,9,4,12,6,6,11,1,40,36,4,40,40,3,37,18,1,5,3,10,3,5,5,5,5,6,6
2024,7,24,5,9,6,8,4,4,13,3,35,29,6,35,35,3,32,19,2,6,4,7,3,2,2,2,6,4,4
2024,7,24,6,9,9,4,2,3,23,5,41,32,9,41,41,6,35,29,3,11,6,9,6,4,4,4,4,2,2
2024,7,24,7,9,10,2,4,1,17,5,36,26,10,36,36,6,30,24,6,7,4,3,6,6,6,6,1,1,4
2024,7,24,8,9,8,2,1,2,8,1,26,18,8,26,26,2,24,16,6,4,2,5,2,6,6,6,2,1,1
2024,7,24,9,9,8,6,3,4,16,4,38,30,8,38,38,4,34,22,2,6,6,6,4,4,4,4,6,3,3
2024,7,24,10,9,8,10,3,3,16,6,38,30,8,38,38,3,35,23,4,9,4,6,3,2,2,2,5,5,3
2024,7,24,11,9,2,10,3,1,11,3,24,22,2,24,24,3,21,13,1,7,1,5,3,2,2,2,1,5,3
2024,7,25,0,9,4,4,5,5,10,3,31,27,4,31,31,2,29,16,1,5,3,7,2,4,4,4,4,2,5
2024,7,25,1,9,4,6,5,4,10,2,27,23,4,27,27,2,25,15,1,5,3,7,2,3,3,3,1,3,5
2024,7,25,2,9,4,10,6,1,13,4,32,28,4,32,32,4,28,15,1,6,3,3,4,2,2,2,4,5,6
2024,7,25,3,9,6,8,5,6,15,5,39,33,6,39,39,3,36,26,5,11,1,12,3,1,1,1,3,4,5
2024,7,25,4,9,8,8,1,3,14,1,31,23,8,31,31,5,26,21,4,5,4,7,5,4,4,4,1,4,1
2024,7,25,5,9,4,6,3,6,7,3,27,23,4,27,27,1,26,15,2,4,2,7,1,3,3,3,3,3,3
2024,7,25,6,9,9,4,4,2,15,5,33,24,9,33,33,2,31,20,3,7,6,4,2,2,2,2,5,2,4
2024,7,25,7,9,6,8,5,5,10,3,32,26,6,32,32,2,30,18,3,5,3,7,2,2,2,2,3,4,5
2024,7,25,8,9,8,10,4,3,21,5,42,34,8,42,42,5,37,27,3,11,5,9,5,2,2,2,4,5,4
2024,7,25,9,9,5,6,1,6,13,3,37,32,5,37,37,5,32,22,3,6,2,9,5,5,5,5,6,3,1
2024,7,25,10,9,7,8,3,2,14,2,29,22,7,29,29,2,27,19,3,8,4,8,2,1,1,1,2,4,3
2024,7,25,11,9,4,4,1,2,13,4,24,20,4,24,24,4,20,16,1,6,3,4,4,4,4,4,1,2,1
2024,7,26,0,9,8,4,6,2,14,3,35,27,8,35,35,5,30,22,6,7,2,6,5,3,3,3,2,2,6
2024,7,26,1,9,12,4,4,3,16,4,42,30,12,42,42,2,40,25,6,8,6,7,2,5,5,5,6,2,4
2024,7,26,2,9,7,6,2,6,11,1,29,22,7,29,29,1,28,21,4,7,3,12,1,1,1,1,2,3,2
2024,7,26,3,9,7,4,3,2,8,1,25,18,7,25,25,1,24,14,4,4,3,5,1,5,5,5,1,2,3
2024,7,26,4,9,8,2,5,5,10,1,30,22,8,30,30,5,25,21,6,3,2,7,5,1,1,1,2,1,5
2024,7,26,5,9,10,2,1,6,16,4,34,24,10,34,34,2,32,28,6,10,4,12,2,3,3,3,1,1,1
2024,7,26,6,9,9,8,1,2,13,2,34,25,9,34,34,2,32,19,4,6,5,6,2,6,6,6,4,4,1
2024,7,26,7,9,3,12,2,4,13,4,33,30,3,33,33,2,31,19,2,10,1,10,2,5,5,5,1,6,2
2024,7,26,8,9,7,12,4,6,11,2,38,31,7,38,38,3,35,20,3,4,4,8,3,2,2,2,6,6,4
2024,7,26,9,9,5,8,5,4,9,4,34,29,5,34,34,1,33,17,4,7,1,7,1,2,2,2,6,4,5
2024,7,26,10,9,8,2,1,1,15,2,25,17,8,25,25,4,21,18,2,5,6,4,4,3,3,3,2,1,1
2024,7,26,11,9,5,4,3,3,15,4,33,28,5,33,33,6,27,20,2,6,3,5,6,4,4,4,4,2,3
2024,7,27,0,9,5,12,6,2,15,3,35,30,5,35,35,6,29,21,4,8,1,7,6,1,1,1,1,6,6
2024,7,27,1,9,3,4,4,4,12,4,30,27,3,30,30,4,26,17,1,6,2,6,4,3,3,3,4,2,4
2024,7,27,2,9,7,6,2,5,13,3,30,23,7,30,30,3,27,21,3,6,4,8,3,1,1,1,3,3,2
2024,7,27,3,9,6,4,3,2,10,4,28,22,6,28,28,2,26,17,5,7,1,5,2,3,3,3,3,2,3
2024,7,27,4,9,9,12,3,2,13,2,35,26,9,35,35,5,30,20,5,4,4,4,5,1,1,1,5,6,3
2024,7,27,5,9,3,10,2,6,12,4,34,31,3,34,34,6,28,20,2,5,1,7,6,2,2,2,5,5,2
2024,7,27,6,9,8,4,2,2,13,1,26,18,8,26,26,3,23,17,2,4,6,5,3,2,2,2,3,2,2
2024,7,27,7,9,8,8,1,1,16,4,36,28,8,36,36,3,33,21,4,9,4,6,3,6,6,6,4,4,1
2024,7,27,8,9,7,8,6,3,15,4,39,32,7,39,39,4,35,22,4,8,3,7,4,1,1,1,6,4,6
2024,7,27,9,9,8,4,5,6,10,1,37,29,8,37,37,2,35,19,3,3,5,8,2,5,5,5,6,2,5
2024,7,27,10,9,5,8,1,4,17,6,30,25,5,30,30,4,26,23,2,10,3,8,4,1,1,1,1,4,1
2024,7,27,11,9,7,6,3,2,16,5,39,32,7,39,39,6,33,22,4,7,3,4,6,6,6,6,5,3,3
2024,7,28,0,9,4,10,4,5,14,3,39,35,4,39,39,5,34,20,1,6,3,8,5,4,4,4,6,5,4
2024,7,28,1,9,7,2,4,5,20,6,36,29,7,36,36,5,31,26,1,9,6,8,5,3,3,3,2,1,4
2024,7,28,2,9,7,8,5,2,11,4,32,25,7,32,32,1,31,15,2,5,5,3,1,5,5,5,3,4,5
2024,7,28,3,9,6,6,5,4,17,6,40,34,6,40,40,5,35,24,3,9,3,7,5,4,4,4,4,3,5
2024,7,28,4,9,8,12,2,6,13,5,40,32,8,40,40,2,38,24,5,8,3,9,2,3,3,3,5,6,2
2024,7,28,5,9,9,10,6,6,16,2,38,29,9,38,38,3,35,25,3,7,6,11,3,1,1,1,1,5,6
2024,7,28,6,9,5,2,4,6,12,4,31,26,5,31,31,2,29,20,2,7,3,9,2,3,3,3,3,1,4
2024,7,28,7,9,5,10,2,6,14,2,36,31,5,36,36,6,30,22,2,5,3,9,6,4,4,4,3,5,2
2024,7,28,8,9,9,10,1,3,17,5,39,30,9,39,39,1,38,23,3,10,6,8,1,5,5,5,5,5,1
2024,7,28,9,9,3,12,4,1,16,6,32,29,3,32,32,5,27,18,1,9,2,4,5,2,2,2,2,6,4
2024,7,28,10,9,11,8,5,4,14,2,40,29,11,40,40,6,34,24,6,3,5,5,6,3,3,3,4,4,5
2024,7,28,11,9,9,12,4,5,11,4,41,32,9,41,41,3,38,22,6,5,3,6,3,3,3,3,6,6,4
2024,7,29,0,10,6,6,2,1,15,6,28,22,6,28,28,2,26,18,2,9,4,4,2,4,4,4,1,3,2
2024,7,29,1,10,9,2,2,3,14,6,35,26,9,35,35,1,34,20,3,7,6,4,1,6,6,6,6,1,2
2024,7,29,2,10,8,12,2,4,12,3,31,23,8,31,31,4,27,20,4,4,4,5,4,1,1,1,2,6,2
2024,7,29,3,10,8,4,2,6,17,4,39,31,8,39,39,5,34,28,5,9,3,11,5,4,4,4,3,2,2
2024,7,29,4,10,9,12,1,5,10,1,29,20,9,29,29,2,27,19,4,3,5,7,2,1,1,1,2,6,1
2024,7,29,5,10,7,10,5,1,13,2,36,29,7,36,36,4,32,18,4,6,3,5,4,4,4,4,4,5,5
2024,7,29,6,10,11,2,2,4,14,1,34,23,11,34,34,5,29,24,6,4,5,7,5,6,6,6,1,1,2
2024,7,29,7,10,6,10,6,4,11,3,42,36,6,42,42,1,41,19,4,8,2,9,1,6,6,6,6,5,6
2024,7,29,8,10,3,2,3,3,9,3,28,25,3,28,28,2,26,14,2,6,1,6,2,4,4,4,6,1,3
2024,7,29,9,10,8,4,3,4,14,3,33,25,8,33,33,4,29,22,4,6,4,7,4,1,1,1,5,2,3
2024,7,29,10,10,7,2,2,4,13,2,29,22,7,29,29,4,25,23,6,8,1,10,4,1,1,1,2,1,2
2024,7,29,11,10,7,4,1,6,16,4,34,27,7,34,34,4,30,24,2,7,5,9,4,3,3,3,4,2,1
2024,7,30,0,10,5,10,2,4,8,4,27,22,5,27,27,1,26,16,4,6,1,6,1,2,2,2,2,5,2
2024,7,30,1,10,10,4,4,5,16,4,38,28,10,38,38,2,36,27,6,10,4,11,2,1,1,1,4,2,4
2024,7,30,2,10,3,2,6,3,13,2,32,29,3,32,32,6,26,18,2,6,1,7,6,6,6,6,1,1,6
2024,7,30,3,10,7,2,3,6,7,2,32,25,7,32,32,1,31,18,5,4,2,8,1,6,6,6,4,1,3
2024,7,30,4,10,10,6,1,4,18,4,36,26,10,36,36,5,31,27,5,8,5,8,5,4,4,4,1,3,1
2024,7,30,5,10,11,10,5,3,15,2,40,29,11,40,40,6,34,23,5,3,6,4,6,1,1,1,6,5,5
2024,7,30,6,10,8,12,5,2,11,1,33,25,8,33,33,4,29,16,3,2,5,3,4,1,1,1,5,6,5
2024,7,30,7,10,10,2,2,3,17,5,33,23,10,33,33,5,28,24,4,6,6,4,5,3,3,3,3,1,2
2024,7,30,8,10,12,4,1,5,18,6,43,31,12,43,43,5,38,29,6,7,6,6,5,5,5,5,6,2,1
2024,7,30,9,10,11,8,2,1,21,5,43,32,11,43,43,4,39,27,5,11,6,7,4,5,5,5,5,4,2
2024,7,30,10,10,5,12,3,2,16,5,39,34,5,39,39,6,33,20,2,7,3,4,6,4,4,4,6,6,3
2024,7,30,11,10,11,10,3,3,11,1,31,20,11,31,31,3,28,19,5,2,6,4,3,1,1,1,3,5,3
2024,7,31,0,10,6,8,4,4,12,1,30,24,6,30,30,1,29,18,2,7,4,10,1,1,1,1,3,4,4
2024,7,31,1,10,8,6,6,4,16,3,35,27,8,35,35,6,29,23,3,5,5,6,6,1,1,1,2,3,6
2024,7,31,2,10,7,6,4,5,17,5,39,32,7,39,39,1,38,23,1,10,6,10,1,6,6,6,3,3,4
2024,7,31,3,10,8,10,5,5,16,3,39,31,8,39,39,3,36,24,3,8,5,10,3,4,4,4,1,5,5
2024,7,31,4,10,6,8,2,2,14,1,37,31,6,37,37,5,32,20,4,7,2,8,5,5,5,5,6,4,2
2024,7,31,5,10,9,4,4,4,16,1,38,29,9,38,38,5,33,23,3,5,6,8,5,5,5,5,4,2,4
2024,7,31,6,10,4,10,3,6,12,3,35,31,4,35,35,5,30,19,1,4,3,7,5,4,4,4,4,5,3
2024,7,31,7,10,9,6,4,2,13,6,33,24,9,33,33,3,30,21,6,7,3,3,3,2,2,2,3,3,4
2024,7,31,8,10,7,4,2,4,17,3,31,24,7,31,31,3,28,23,2,9,5,10,3,2,2,2,2,2,2
2024,7,31,9,10,5,6,5,1,14,2,29,24,5,29,29,4,25,16,1,6,4,5,4,1,1,1,4,3,5
2024,7,31,10,10,4,12,6,1,14,6,40,36,4,40,40,2,38,17,2,10,2,5,2,6,6,6,5,6,6
2024,7,31,11,10,10,8,5,6,12,4,38,28,10,38,38,2,36,23,5,5,5,7,2,2,2,2,4,4,5
2024,8,1,0,11,6,8,4,4,14,1,35,29,6,35,35,5,30,22,4,7,2,10,5,2,2,2,3,4,4
2024,8,1,1,11,10,6,3,1,15,4,35,25,10,35,35,2,33,21,5,8,5,5,2,3,3,3,5,3,3
2024,8,1,2,11,11,4,2,3,13,1,33,22,11,33,33,5,28,21,5,2,6,4,5,2,2,2,6,2,2
2024,8,1,3,11,6,6,2,1,14,3,29,23,6,29,29,6,23,18,3,5,3,3,6,3,3,3,3,3,2
2024,8,1,4,11,11,10,5,1,23,6,45,34,11,45,45,6,39,29,5,11,6,6,6,5,5,5,1,5,5
2024,8,1,5,11,3,4,2,6,15,3,34,31,3,34,34,5,29,23,2,9,1,12,5,4,4,4,3,2,2
2024,8,1,6,11,7,10,5,6,21,6,45,38,7,45,45,6,39,28,1,9,6,9,6,5,5,5,2,5,5
2024,8,1,7,11,7,10,6,3,14,3,34,27,7,34,34,1,33,20,3,9,4,9,1,2,2,2,1,5,6
2024,8,1,8,11,6,10,1,1,13,4,29,23,6,29,29,4,25,17,3,6,3,3,4,4,4,4,2,5,1
2024,8,1,9,11,8,8,1,4,18,3,31,23,8,31,31,4,27,24,2,8,6,9,4,1,1,1,1,4,1
2024,8,1,10,11,10,10,2,1,15,5,40,30,10,40,40,4,36,22,6,7,4,3,4,6,6,6,5,5,2
2024,8,1,11,11,12,10,6,3,24,6,54,42,12,54,54,6,48,33,6,12,6,9,6,6,6,6,4,5,6
2024,8,2,0,11,3,10,4,1,11,3,27,24,3,27,27,5,22,14,2,5,1,3,5,3,3,3,1,5,4
2024,8,2,1,11,7,8,1,5,11,1,37,30,7,37,37,4,33,22,6,6,1,10,4,5,5,5,5,4,1
2024,8,2,2,11,7,4,2,6,11,3,30,23,7,30,30,4,26,23,6,6,1,9,4,1,1,1,2,2,2
2024,8,2,3,11,3,10,6,4,11,3,34,31,3,34,34,5,29,17,2,5,1,6,5,4,4,4,2,5,6
2024,8,2,4,11,8,8,5,5,12,4,37,29,8,37,37,2,35,21,4,6,4,7,2,3,3,3,4,4,5
2024,8,2,5,11,6,2,5,1,9,2,28,22,6,28,28,2,26,12,2,3,4,2,2,6,6,6,4,1,5
2024,8,2,6,11,8,4,5,3,14,1,36,28,8,36,36,4,32,22,5,7,3,9,4,4,4,4,3,2,5
2024,8,2,7,11,11,6,4,6,18,5,39,28,11,39,39,2,37,30,6,11,5,12,2,1,1,1,1,3,4
2024,8,2,8,11,10,12,1,4,18,2,38,28,10,38,38,6,32,28,6,8,4,10,6,1,1,1,2,6,1
2024,8,2,9,11,4,2,2,1,13,5,26,22,4,26,26,5,21,17,3,7,1,3,5,1,1,1,5,1,2
2024,8,2,10,11,7,12,2,4,14,6,38,31,7,38,38,1,37,22,4,10,3,8,1,3,3,3,5,6,2
2024,8,2,11,11,7,2,3,5,12,6,38,31,7,38,38,3,35,23,6,8,1,7,3,6,6,6,5,1,3
2024,8,3,0,11,5,6,4,2,10,1,30,25,5,30,30,4,26,14,2,3,3,4,4,5,5,5,4,3,4
2024,8,3,1,11,10,10,5,1,19,4,41,31,10,41,41,6,35,24,4,7,6,4,6,1,1,1,6,5,5
2024,8,3,2,11,8,12,1,6,14,5,40,32,8,40,40,2,38,25,5,9,3,10,2,6,6,6,2,6,1
2024,8,3,3,11,8,12,4,6,17,5,42,34,8,42,42,4,38,27,4,9,4,10,4,1,1,1,4,6,4
2024,8,3,4,11,3,4,5,1,12,1,25,22,3,25,25,3,22,14,1,7,2,7,3,3,3,3,1,2,5
2024,8,3,5,11,9,12,6,1,15,5,42,33,9,42,42,3,39,19,3,6,6,2,3,6,6,6,5,6,6
2024,8,3,6,11,8,6,2,3,14,1,30,22,8,30,30,4,26,21,4,6,4,8,4,1,1,1,3,3,2
2024,8,3,7,11,8,12,1,4,16,4,39,31,8,39,39,2,37,24,4,10,4,10,2,3,3,3,5,6,1
2024,8,3,8,11,6,12,2,5,17,4,42,36,6,42,42,6,36,25,3,8,3,9,6,3,3,3,6,6,2
2024,8,3,9,11,8,10,6,2,15,4,35,27,8,35,35,2,33,20,3,8,5,6,2,3,3,3,1,5,6
2024,8,3,10,11,9,12,1,2,22,4,43,34,9,43,43,6,37,27,3,10,6,8,6,3,3,3,6,6,1
2024,8,3,11,11,3,2,1,6,15,4,31,28,3,31,31,6,25,22,1,7,2,9,6,1,1,1,6,1,1
2024,8,4,0,11,11,2,4,3,20,6,42,31,11,42,42,4,38,29,6,11,5,8,4,4,4,4,4,1,4
2024,8,4,1,11,8,12,3,5,16,2,40,32,8,40,40,5,35,24,3,6,5,9,5,5,5,5,2,6,3
2024,8,4,2,11,11,10,6,1,17,3,39,28,11,39,39,2,37,23,5,9,6,7,2,4,4,4,1,5,6
2024,8,4,3,11,6,6,2,4,7,2,26,20,6,26,26,1,25,16,5,5,1,7,1,2,2,2,3,3,2
2024,8,4,4,11,7,2,4,3,18,2,37,30,7,37,37,6,31,23,2,7,5,8,6,6,6,6,3,1,4
2024,8,4,5,11,8,8,3,2,16,2,34,26,8,34,34,3,31,21,3,8,5,8,3,2,2,2,4,4,3
2024,8,4,6,11,5,4,4,6,19,3,36,31,5,36,36,6,30,26,1,9,4,12,6,1,1,1,3,2,4
2024,8,4,7,11,5,4,2,4,13,2,32,27,5,32,32,3,29,20,3,8,2,10,3,5,5,5,3,2,2
2024,8,4,8,11,6,4,6,5,7,1,27,21,6,27,27,2,25,16,4,3,2,7,2,1,1,1,2,2,6
2024,8,4,9,11,5,6,6,2,14,4,37,32,5,37,37,5,32,17,1,5,4,3,5,6,6,6,5,3,6
2024,8,4,10,11,6,2,1,3,9,1,25,19,6,25,25,2,23,14,2,3,4,5,2,4,4,4,5,1,1
2024,8,4,11,11,7,8,6,3,13,1,35,28,7,35,35,2,33,18,2,6,5,8,2,2,2,2,5,4,6
2024,8,5,0,11,8,4,5,3,14,4,38,30,8,38,38,6,32,22,5,5,3,4,6,3,3,3,6,2,5
2024,8,5,1,11,9,2,4,1,21,5,37,28,9,37,37,6,31,25,3,9,6,5,6,1,1,1,6,1,4
2024,8,5,2,11,10,6,1,3,18,4,36,26,10,36,36,4,32,25,4,8,6,7,4,1,1,1,6,3,1
2024,8,5,3,11,8,2,5,6,16,3,45,37,8,45,45,5,40,28,6,9,2,12,5,6,6,6,5,1,5
2024,8,5,4,11,8,6,3,2,18,5,40,32,8,40,40,6,34,23,3,7,5,4,6,5,5,5,6,3,3
2024,8,5,5,11,8,12,2,3,20,5,46,38,8,46,46,6,40,28,5,11,3,9,6,4,4,4,6,6,2
2024,8,5,6,11,6,8,5,5,7,3,30,24,6,30,30,2,28,17,5,4,1,6,2,1,1,1,3,4,5
2024,8,5,7,11,7,12,6,2,16,2,40,33,7,40,40,6,34,19,1,4,6,4,6,4,4,4,5,6,6
2024,8,5,8,11,11,2,4,4,18,5,40,29,11,40,40,3,37,28,6,10,5,9,3,2,2,2,5,1,4
2024,8,5,9,11,6,12,1,5,12,1,35,29,6,35,35,5,30,21,4,5,2,9,5,2,2,2,5,6,1
2024,8,5,10,11,3,12,6,6,13,5,42,39,3,42,42,4,38,20,1,7,2,8,4,6,6,6,4,6,6
2024,8,5,11,11,8,12,1,4,15,6,36,28,8,36,36,5,31,24,5,7,3,5,5,2,2,2,3,6,1
2024,8,6,0,11,9,4,6,2,17,3,37,28,9,37,37,6,31,25,6,8,3,7,6,2,2,2,2,2,6
2024,8,6,1,11,8,12,1,1,14,3,33,25,8,33,33,3,30,21,6,9,2,7,3,3,3,3,2,6,1
2024,8,6,2,11,5,10,2,2,8,1,27,22,5,27,27,5,22,14,4,2,1,3,5,5,5,5,1,5,2
2024,8,6,3,11,8,8,6,5,13,3,38,30,8,38,38,1,37,20,2,6,6,8,1,6,6,6,2,4,6
2024,8,6,4,11,9,6,3,1,16,4,31,22,9,31,31,5,26,21,4,6,5,3,5,1,1,1,3,3,3
2024,8,6,5,11,5,4,1,2,16,4,26,21,5,26,26,5,21,20,2,8,3,6,5,1,1,1,2,2,1
2024,8,6,6,11,3,12,5,2,16,3,42,39,3,42,42,6,36,20,2,9,1,8,6,5,5,5,6,6,5
2024,8,6,7,11,5,2,3,3,10,4,26,21,5,26,26,1,25,16,3,7,2,6,1,4,4,4,2,1,3
2024,8,6,8,11,7,6,2,1,15,3,29,22,7,29,29,3,26,18,2,7,5,5,3,2,2,2,4,3,2
2024,8,6,9,11,8,12,6,6,13,3,42,34,8,42,42,2,40,22,3,6,5,9,2,4,4,4,4,6,6
2024,8,6,10,11,2,6,1,4,15,6,28,26,2,28,28,2,26,20,1,12,1,10,2,1,1,1,3,3,1
2024,8,6,11,11,4,4,5,5,7,2,28,24,4,28,28,1,27,15,3,5,1,8,1,2,2,2,4,2,5
2024,8,7,0,11,4,12,6,2,11,5,36,32,4,36,36,2,34,14,1,6,3,3,2,5,5,5,5,6,6
2024,8,7,1,11,7,6,2,3,20,4,35,28,7,35,35,6,29,26,3,10,4,9,6,1,1,1,3,3,2
2024,8,7,2,11,12,6,6,1,15,5,39,27,12,39,39,2,37,22,6,7,6,3,2,5,5,5,3,3,6
2024,8,7,3,11,6,10,2,3,15,6,38,32,6,38,38,4,34,21,3,8,3,5,4,5,5,5,5,5,2
2024,8,7,4,11,6,12,2,4,11,6,35,29,6,35,35,1,34,20,5,9,1,7,1,5,5,5,2,6,2
2024,8,7,5,11,7,10,3,1,15,2,33,26,7,33,33,2,31,17,1,7,6,6,2,4,4,4,4,5,3
2024,8,7,6,11,7,2,4,2,13,1,28,21,7,28,28,1,27,17,2,7,5,8,1,3,3,3,3,1,4
2024,8,7,7,11,6,8,6,6,16,3,38,32,6,38,38,6,32,25,3,7,3,10,6,1,1,1,2,4,6
2024,8,7,8,11,8,8,2,6,16,1,43,35,8,43,43,6,37,25,3,5,5,10,6,6,6,6,6,4,2
2024,8,7,9,11,9,10,3,2,12,5,40,31,9,40,40,1,39,20,6,8,3,5,1,6,6,6,6,5,3
2024,8,7,10,11,3,10,6,1,9,6,33,30,3,33,33,1,32,12,2,7,1,2,1,6,6,6,4,5,6
2024,8,7,11,11,10,12,6,6,14,1,41,31,10,41,41,2,39,24,4,6,6,11,2,3,3,3,2,6,6
2024,8,8,0,12,8,8,2,5,11,4,30,22,8,30,30,1,29,20,4,6,4,7,1,3,3,3,1,4,2
2024,8,8,1,12,9,4,1,5,18,4,38,29,9,38,38,5,33,26,3,7,6,8,5,3,3,3,6,2,1
2024,8,8,2,12,8,12,1,3,13,5,36,28,8,36,36,2,34,19,3,6,5,4,2,6,6,6,4,6,1
2024,8,8,3,12,4,10,4,3,12,2,30,26,4,30,30,4,26,17,2,6,2,7,4,3,3,3,1,5,4
2024,8,8,4,12,11,10,2,6,19,3,41,30,11,41,41,4,37,30,5,9,6,12,4,1,1,1,3,5,2
2024,8,8,5,12,4,2,2,6,9,1,30,26,4,30,30,1,29,17,2,6,2,11,1,5,5,5,5,1,2
2024,8,8,6,12,11,12,4,3,12,4,42,31,11,42,42,2,40,21,6,5,5,4,2,6,6,6,5,6,4
2024,8,8,7,12,10,12,1,6,16,1,37,27,10,37,37,4,33,26,4,6,6,11,4,1,1,1,3,6,1
2024,8,8,8,12,6,2,1,5,13,4,28,22,6,28,28,5,23,21,3,5,3,6,5,4,4,4,1,1,1
2024,8,8,9,12,6,10,5,6,10,3,41,35,6,41,41,4,37,21,5,5,1,8,4,5,5,5,5,5,5
2024,8,8,10,12,10,12,2,4,13,4,38,28,10,38,38,3,35,22,5,5,5,5,3,4,4,4,4,6,2
2024,8,8,11,12,4,10,4,3,14,6,31,27,4,31,31,1,30,19,2,11,2,8,1,1,1,1,2,5,4
2024,8,9,0,12,3,4,5,2,10,5,28,25,3,28,28,1,27,13,1,7,2,4,1,2,2,2,6,2,5
2024,8,9,1,12,8,2,4,3,11,1,29,21,8,29,29,3,26,19,5,5,3,7,3,2,2,2,3,1,4
2024,8,9,2,12,8,2,1,2,13,6,27,19,8,27,27,1,26,21,6,10,2,6,1,1,1,1,3,1,1
2024,8,9,3,12,7,4,3,2,21,6,36,29,7,36,36,6,30,25,2,10,5,6,6,5,5,5,1,2,3
2024,8,9,4,12,3,4,3,4,16,5,35,32,3,35,35,6,29,21,1,8,2,7,6,3,3,3,6,2,3
2024,8,9,5,12,9,10,6,5,17,1,47,38,9,47,47,4,43,25,3,7,6,11,4,6,6,6,5,5,6
2024,8,9,6,12,8,12,4,6,18,4,41,33,8,41,41,6,35,26,2,6,6,8,6,4,4,4,1,6,4
2024,8,9,7,12,8,8,2,5,16,3,39,31,8,39,39,5,34,26,5,8,3,10,5,6,6,6,1,4,2
2024,8,9,8,12,6,8,3,3,15,6,33,27,6,33,33,3,30,21,3,9,3,6,3,1,1,1,4,4,3
2024,8,9,9,12,10,10,5,4,17,5,46,36,10,46,46,4,42,27,6,9,4,8,4,6,6,6,3,5,5
2024,8,9,10,12,7,8,3,6,14,1,39,32,7,39,39,6,33,26,6,7,1,12,6,1,1,1,5,4,3
2024,8,9,11,12,8,4,4,5,15,2,34,26,8,34,34,3,31,24,4,8,4,11,3,2,2,2,2,2,4
2024,8,10,0,12,10,2,4,1,21,6,39,29,10,39,39,6,33,26,4,9,6,4,6,3,3,3,5,1,4
2024,8,10,1,12,6,4,4,3,9,2,30,24,6,30,30,1,29,17,5,7,1,8,1,3,3,3,4,2,4
2024,8,10,2,12,4,12,5,1,12,3,35,31,4,35,35,3,32,14,1,6,3,4,3,4,4,4,6,6,5
2024,8,10,3,12,9,6,1,6,18,6,38,29,9,38,38,6,32,28,4,7,5,7,6,5,5,5,1,3,1
2024,8,10,4,12,7,10,6,3,17,2,40,33,7,40,40,6,34,23,3,7,4,8,6,2,2,2,4,5,6
2024,8,10,5,12,9,8,6,2,16,4,40,31,9,40,40,4,36,24,6,9,3,7,4,4,4,4,2,4,6
2024,8,10,6,12,9,4,3,5,15,4,36,27,9,36,36,5,31,26,6,7,3,8,5,2,2,2,3,2,3
2024,8,10,7,12,4,10,6,4,11,1,33,29,4,33,33,6,27,17,2,3,2,6,6,3,3,3,2,5,6
2024,8,10,8,12,8,10,6,1,13,3,39,31,8,39,39,5,34,20,6,6,2,4,5,3,3,3,5,5,6
2024,8,10,9,12,8,4,3,6,13,4,33,25,8,33,33,2,31,21,2,5,6,7,2,2,2,2,5,2,3
2024,8,10,10,12,9,12,5,6,14,5,40,31,9,40,40,2,38,23,3,6,6,7,2,3,3,3,3,6,5
2024,8,10,11,12,5,6,3,2,15,6,32,27,5,32,32,3,29,20,3,10,2,6,3,4,4,4,2,3,3
2024,8,11,0,12,12,2,6,4,13,3,39,27,12,39,39,3,36,23,6,4,6,5,3,6,6,6,3,1,6
2024,8,11,1,12,5,10,3,3,10,4,28,23,5,28,28,1,27,14,1,5,4,4,1,2,2,2,4,5,3
2024,8,11,2,12,3,8,4,5,14,4,34,31,3,34,34,2,32,20,1,10,2,11,2,4,4,4,2,4,4
2024,8,11,3,12,7,8,1,3,20,6,36,29,7,36,36,4,32,26,3,12,4,9,4,2,2,2,3,4,1
2024,8,11,4,12,7,4,3,2,16,1,35,28,7,35,35,6,29,20,2,5,5,6,6,6,6,6,4,2,3
2024,8,11,5,12,7,6,1,3,12,2,28,21,7,28,28,5,23,18,3,3,4,4,5,2,2,2,4,3,1
2024,8,11,6,12,7,12,6,4,18,5,41,34,7,41,41,3,38,23,1,9,6,8,3,2,2,2,4,6,6
2024,8,11,7,12,6,6,3,3,14,5,29,23,6,29,29,3,26,21,4,9,2,7,3,1,1,1,1,3,3
2024,8,11,8,12,7,8,5,6,11,2,30,23,7,30,30,3,27,19,2,3,5,7,3,1,1,1,1,4,5
2024,8,11,9,12,11,10,4,5,14,2,40,29,11,40,40,4,36,24,5,4,6,7,4,4,4,4,3,5,4
2024,8,11,10,12,8,8,2,3,20,5,42,34,8,42,42,5,37,26,3,10,5,8,5,6,6,6,4,4,2
2024,8,11,11,12,6,8,1,5,12,2,29,23,6,29,29,1,28,18,1,6,5,9,1,1,1,1,5,4,1
2024,8,12,0,12,5,12,2,5,4,1,32,27,5,32,32,1,31,13,4,2,1,6,1,6,6,6,5,6,2
2024,8,12,1,12,8,12,5,2,15,3,42,34,8,42,42,5,37,22,5,7,3,6,5,6,6,6,3,6,5
2024,8,12,2,12,5,4,1,4,14,5,30,25,5,30,30,2,28,20,2,9,3,8,2,2,2,2,5,2,1
2024,8,12,3,12,9,6,3,2,16,1,34,25,9,34,34,5,29,21,3,5,6,6,5,5,5,5,2,3,3
2024,8,12,4,12,5,12,5,5,15,4,42,37,5,42,42,6,36,24,4,8,1,9,6,3,3,3,4,6,5
2024,8,12,5,12,9,12,3,6,17,3,44,35,9,44,44,4,40,26,3,7,6,10,4,5,5,5,4,6,3
2024,8,12,6,12,4,4,2,5,11,1,32,28,4,32,32,3,29,19,3,7,1,11,3,3,3,3,6,2,2
2024,8,12,7,12,5,4,1,1,20,6,28,23,5,28,28,4,24,22,1,12,4,7,4,2,2,2,1,2,1
2024,8,12,8,12,8,6,1,3,11,2,30,22,8,30,30,5,25,20,6,4,2,5,5,1,1,1,5,3,1
2024,8,12,9,12,6,6,6,1,17,6,40,34,6,40,40,3,37,21,3,11,3,6,3,5,5,5,5,3,6
2024,8,12,10,12,10,2,3,2,16,4,35,25,10,35,35,6,29,23,5,5,5,3,6,5,5,5,3,1,3
2024,8,12,11,12,5,6,6,2,9,1,30,25,5,30,30,5,25,15,4,3,1,4,5,1,1,1,5,3,6
2024,8,13,0,12,11,4,1,3,14,2,35,24,11,35,35,1,34,22,5,7,6,8,1,4,4,4,6,2,1
2024,8,13,1,12,7,2,3,6,18,6,42,35,7,42,42,4,38,27,3,10,4,10,4,6,6,6,5,1,3
2024,8,13,2,12,8,12,3,4,15,3,36,28,8,36,36,5,31,24,5,7,3,8,5,2,2,2,1,6,3
2024,8,13,3,12,10,4,6,6,16,4,44,34,10,44,44,4,40,28,6,8,4,10,4,6,6,6,2,2,6
2024,8,13,4,12,5,6,5,5,10,3,34,29,5,34,34,1,33,17,2,6,3,8,1,4,4,4,5,3,5
2024,8,13,5,12,2,6,5,4,11,5,29,27,2,29,29,3,26,16,1,7,1,6,3,4,4,4,1,3,5
2024,8,13,6,12,8,12,6,1,17,6,43,35,8,43,43,2,41,20,2,9,6,4,2,6,6,6,5,6,6
2024,8,13,7,12,7,6,6,2,15,1,36,29,7,36,36,6,30,18,1,3,6,4,6,6,6,6,3,3,6
2024,8,13,8,12,10,6,4,3,17,4,39,29,10,39,39,5,34,26,6,8,4,7,5,5,5,5,1,3,4
2024,8,13,9,12,10,10,1,5,14,6,35,25,10,35,35,1,34,25,6,9,4,8,1,2,2,2,2,5,1
2024,8,13,10,12,6,6,5,4,8,1,31,25,6,31,31,2,29,14,2,2,4,5,2,5,5,5,4,3,5
2024,8,13,11,12,10,6,2,1,17,2,34,24,10,34,34,3,31,22,4,8,6,7,3,1,1,1,6,3,2
2024,8,14,0,12,4,12,5,5,11,1,37,33,4,37,37,6,31,19,3,4,1,8,6,6,6,6,1,6,5
2024,8,14,1,12,4,4,4,3,10,1,30,26,4,30,30,2,28,14,1,5,3,7,2,4,4,4,6,2,4
2024,8,14,2,12,9,12,1,6,14,1,43,34,9,43,43,3,40,25,5,7,4,12,3,5,5,5,6,6,1
2024,8,14,3,12,7,4,1,6,14,5,33,26,7,33,33,6,27,25,5,6,2,7,6,4,4,4,1,2,1
2024,8,14,4,12,8,2,1,5,14,3,36,28,8,36,36,2,34,24,5,9,3,11,2,6,6,6,4,1,1
2024,8,14,5,12,4,12,2,6,15,3,35,31,4,35,35,6,29,24,3,8,1,11,6,2,2,2,1,6,2
2024,8,14,6,12,12,2,1,3,15,5,31,19,12,31,31,2,29,24,6,7,6,5,2,4,4,4,1,1,1
2024,8,14,7,12,11,6,2,4,18,4,37,26,11,37,37,6,31,27,5,6,6,6,6,1,1,1,4,3,2
2024,8,14,8,12,8,10,5,3,17,4,36,28,8,36,36,4,32,22,2,7,6,6,4,1,1,1,3,5,5
2024,8,14,9,12,7,2,2,1,17,6,37,30,7,37,37,4,33,24,6,12,1,7,4,4,4,4,6,1,2
2024,8,14,10,12,8,2,6,5,17,4,39,31,8,39,39,6,33,28,6,9,2,10,6,3,3,3,1,1,6
2024,8,14,11,12,6,12,3,1,17,1,30,24,6,30,30,6,24,19,1,6,5,6,6,1,1,1,1,6,3
2024,8,15,0,13,6,8,5,3,9,1,35,29,6,35,35,1,34,17,5,7,1,9,1,3,3,3,6,4,5
2024,8,15,1,13,8,10,3,4,8,1,32,24,8,32,32,1,31,18,6,5,2,8,1,5,5,5,1,5,3
2024,8,15,2,13,8,8,6,1,13,4,36,28,8,36,36,5,31,19,5,5,3,2,5,2,2,2,5,4,6
2024,8,15,3,13,9,6,2,6,13,1,37,28,9,37,37,5,32,24,5,4,4,9,5,3,3,3,5,3,2
2024,8,15,4,13,6,12,2,2,8,2,32,26,6,32,32,1,31,15,5,6,1,6,1,6,6,6,3,6,2
2024,8,15,5,13,10,2,2,1,15,1,29,19,10,29,29,4,25,20,4,5,6,5,4,3,3,3,3,1,2
2024,8,15,6,13,4,12,5,1,14,3,33,29,4,33,33,4,29,17,2,8,2,6,4,2,2,2,3,6,5
2024,8,15,7,13,7,2,3,3,7,1,29,22,7,29,29,2,27,15,5,3,2,5,2,6,6,6,4,1,3
2024,8,15,8,13,5,2,4,1,20,5,35,30,5,35,35,5,30,22,1,11,4,7,5,4,4,4,4,1,4
2024,8,15,9,13,9,8,1,1,13,1,36,27,9,36,36,3,33,19,5,6,4,6,3,6,6,6,6,4,1
2024,8,15,10,13,7,10,1,5,15,2,37,30,7,37,37,1,36,21,1,8,6,11,1,4,4,4,6,5,1
2024,8,15,11,13,9,12,1,6,13,3,36,27,9,36,36,3,33,24,5,6,4,9,3,2,2,2,3,6,1
2024,8,16,0,13,5,6,4,6,14,2,37,32,5,37,37,3,34,22,2,8,3,12,3,3,3,3,5,3,4
2024,8,16,1,13,7,12,2,3,9,3,30,23,7,30,30,1,29,16,4,5,3,5,1,1,1,1,5,6,2
2024,8,16,2,13,8,2,5,6,12,2,38,30,8,38,38,2,36,22,4,6,4,10,2,6,6,6,4,1,5
2024,8,16,3,13,9,10,2,3,15,2,31,22,9,31,31,2,29,22,4,8,5,9,2,1,1,1,1,5,2
2024,8,16,4,13,10,4,2,4,16,6,39,29,10,39,39,2,37,25,5,9,5,7,2,6,6,6,4,2,2
2024,8,16,5,13,12,6,6,6,17,4,45,33,12,45,45,4,41,29,6,7,6,9,4,1,1,1,6,3,6
2024,8,16,6,13,11,8,6,3,13,1,41,30,11,41,41,4,37,22,6,4,5,6,4,5,5,5,4,4,6
2024,8,16,7,13,9,4,5,4,15,4,41,32,9,41,41,6,35,24,5,5,4,5,6,6,6,6,4,2,5
2024,8,16,8,13,5,12,6,2,20,5,44,39,5,44,44,5,39,23,1,11,4,8,5,6,6,6,3,6,6
2024,8,16,9,13,11,12,1,2,18,4,41,30,11,41,41,5,36,25,5,7,6,5,5,5,5,5,4,6,1
2024,8,16,10,13,9,12,2,6,10,1,33,24,9,33,33,2,31,21,5,4,4,9,2,2,2,2,2,6,2
2024,8,16,11,13,2,10,1,5,13,3,31,29,2,31,31,3,28,19,1,9,1,11,3,5,5,5,1,5,1
2024,8,17,0,13,7,8,1,3,17,6,32,25,7,32,32,6,26,25,5,9,2,6,6,1,1,1,1,4,1
2024,8,17,1,13,9,10,1,1,13,2,29,20,9,29,29,4,25,17,3,3,6,2,4,5,5,5,1,5,1
2024,8,17,2,13,7,2,1,1,16,4,26,19,7,26,26,4,22,19,2,7,5,4,4,2,2,2,3,1,1
2024,8,17,3,13,3,12,2,5,20,6,37,34,3,37,37,6,31,26,1,12,2,11,6,2,2,2,1,6,2
2024,8,17,4,13,12,2,2,4,13,1,29,17,12,29,29,3,26,23,6,4,6,7,3,2,2,2,1,1,2
2024,8,17,5,13,3,6,4,3,15,3,30,27,3,30,30,4,26,19,1,9,2,9,4,1,1,1,3,3,4
2024,8,17,6,13,11,10,4,5,13,1,40,29,11,40,40,4,36,24,6,4,5,8,4,1,1,1,6,5,4
2024,8,17,7,13,9,10,1,4,11,1,33,24,9,33,33,2,31,21,6,6,3,9,2,3,3,3,3,5,1
2024,8,17,8,13,8,10,2,4,14,1,33,25,8,33,33,2,31,20,2,6,6,9,2,2,2,2,4,5,2
2024,8,17,9,13,12,4,6,2,14,2,36,24,12,36,36,1,35,22,6,7,6,7,1,4,4,4,2,2,6
2024,8,17,10,13,7,4,1,6,9,3,35,28,7,35,35,3,32,21,6,5,1,8,3,6,6,6,5,2,1
2024,8,17,11,13,8,2,1,3,10,1,27,19,8,27,27,6,21,19,6,2,2,4,6,2,2,2,4,1,1
2024,8,18,0,13,9,6,5,4,8,1,29,20,9,29,29,1,28,17,5,3,4,6,1,1,1,1,3,3,5
2024,8,18,1,13,7,4,3,3,9,1,27,20,7,27,27,3,24,17,5,4,2,6,3,2,2,2,3,2,3
2024,8,18,2,13,7,8,5,6,9,2,40,33,7,40,40,2,38,21,6,6,1,10,2,5,5,5,5,4,5
2024,8,18,3,13,10,2,4,2,16,4,33,23,10,33,33,3,30,22,4,7,6,5,3,2,2,2,4,1,4
2024,8,18,4,13,6,2,1,1,9,1,21,15,6,21,21,2,19,13,3,4,3,4,2,5,5,5,1,1,1
2024,8,18,5,13,9,2,6,6,13,4,38,29,9,38,38,2,36,23,4,6,5,8,2,5,5,5,3,1,6
2024,8,18,6,13,4,2,5,4,13,2,33,29,4,33,33,5,28,20,3,7,1,9,5,5,5,5,2,1,5
2024,8,18,7,13,8,10,2,6,15,3,38,30,8,38,38,5,33,23,2,4,6,7,5,2,2,2,6,5,2
2024,8,18,8,13,6,2,6,6,10,3,34,28,6,34,34,3,31,19,3,4,3,7,3,6,6,6,2,1,6
2024,8,18,9,13,4,6,4,5,17,6,44,40,4,44,44,4,40,25,3,12,1,11,4,6,6,6,6,3,4
2024,8,18,10,13,3,12,1,5,11,2,29,26,3,29,29,2,27,18,2,8,1,11,2,3,3,3,1,6,1
2024,8,18,11,13,3,4,3,5,9,3,32,29,3,32,32,3,29,16,2,5,1,7,3,5,5,5,6,2,3
2024,8,19,0,13,6,2,2,4,14,3,30,24,6,30,30,1,29,20,2,9,4,10,1,6,6,6,1,1,2
2024,8,19,1,13,10,8,3,6,14,5,37,27,10,37,37,3,34,25,5,6,5,7,3,1,1,1,4,4,3
2024,8,19,2,13,4,4,5,5,10,1,29,25,4,29,29,4,25,17,2,4,2,8,4,3,3,3,2,2,5
2024,8,19,3,13,8,4,5,6,14,2,41,33,8,41,41,5,36,25,5,6,3,10,5,6,6,6,3,2,5
2024,8,19,4,13,8,8,6,2,12,1,36,28,8,36,36,2,34,16,2,4,6,5,2,5,5,5,5,4,6
2024,8,19,5,13,2,6,4,3,15,4,33,31,2,33,33,6,27,19,1,8,1,7,6,3,3,3,4,3,4
2024,8,19,6,13,7,2,3,1,15,4,34,27,7,34,34,6,28,21,5,7,2,4,6,3,3,3,6,1,3
2024,8,19,7,13,6,8,4,1,9,2,31,25,6,31,31,1,30,12,2,4,4,3,1,6,6,6,5,4,4
2024,8,19,8,13,7,8,6,5,18,6,45,38,7,45,45,5,40,27,4,10,3,9,5,6,6,6,2,4,6
2024,8,19,9,13,4,12,5,5,16,6,40,36,4,40,40,6,34,22,1,7,3,6,6,4,4,4,3,6,5
2024,8,19,10,13,7,4,1,6,18,4,36,29,7,36,36,3,33,25,1,9,6,11,3,6,6,6,2,2,1
2024,8,19,11,13,10,6,6,5,16,3,39,29,10,39,39,4,35,25,4,6,6,8,4,2,2,2,3,3,6
2024,8,20,0,13,8,12,6,6,15,1,43,35,8,43,43,5,38,25,4,6,4,11,5,1,1,1,5,6,6
2024,8,20,1,13,6,4,4,1,17,4,31,25,6,31,31,4,27,20,2,9,4,6,4,2,2,2,3,2,4
2024,8,20,2,13,6,10,2,1,17,1,33,27,6,33,33,6,27,19,1,6,5,6,6,5,5,5,2,5,2
2024,8,20,3,13,4,2,3,6,12,5,32,28,4,32,32,3,29,20,2,7,2,8,3,3,3,3,5,1,3
2024,8,20,4,13,6,2,4,5,6,2,24,18,6,24,24,1,23,15,4,3,2,6,1,2,2,2,2,1,4
2024,8,20,5,13,4,10,4,6,14,3,40,36,4,40,40,4,36,23,3,9,1,12,4,6,6,6,2,5,4
2024,8,20,6,13,8,12,3,5,16,2,43,35,8,43,43,6,37,25,4,6,4,9,6,4,4,4,5,6,3
2024,8,20,7,13,8,2,6,6,16,1,43,35,8,43,43,4,39,25,3,7,5,12,4,6,6,6,5,1,6
2024,8,20,8,13,10,6,2,5,17,6,37,27,10,37,37,4,33,27,5,8,5,7,4,4,4,4,1,3,2
2024,8,20,9,13,5,2,4,6,10,1,31,26,5,31,31,4,27,19,3,4,2,9,4,3,3,3,4,1,4
2024,8,20,10,13,7,10,4,1,18,5,40,33,7,40,40,2,38,21,2,11,5,7,2,6,6,6,4,5,4
2024,8,20,11,13,7,8,1,4,13,1,34,27,7,34,34,6,28,23,6,6,1,9,6,2,2,2,4,4,1
2024,8,21,0,13,40,42,11,20,87,22,198,158,40,198,198,9,189,118,11,49,29,47,9,28,28,28,20,21,11
2024,8,21,1,13,26,24,30,15,70,17,175,149,26,175,175,22,153,91,6,28,20,26,22,29,29,29,13,12,30
2024,8,21,2,13,44,42,12,10,86,23,177,133,44,177,177,19,158,110,14,37,30,24,19,5,5,5,29,21,12
2024,8,21,3,13,40,56,13,21,94,20,209,169,40,209,209,21,188,129,14,47,26,48,21,20,20,20,19,28,13
2024,8,21,4,13,35,28,19,17,66,13,140,105,35,140,140,14,126,90,7,24,28,28,14,12,12,12,5,14,19
2024,8,21,5,13,50,56,18,26,93,17,222,172,50,222,222,29,193,147,28,42,22,51,29,11,11,11,18,28,18
2024,8,21,6,13,31,36,21,14,76,11,180,149,31,180,180,28,152,112,22,39,9,42,28,13,13,13,16,18,21
2024,8,21,7,13,37,44,28,23,68,25,225,188,37,225,225,21,204,120,29,39,8,37,21,25,25,25,30,22,28
2024,8,21,8,13,37,40,27,13,77,10,208,171,37,208,208,23,185,106,16,33,21,36,23,29,29,29,26,20,27
2024,8,21,9,13,29,32,30,10,63,11,147,118,29,147,147,20,127,78,5,19,24,18,20,16,16,16,7,16,30
2024,8,21,10,13,44,56,26,5,81,19,202,158,44,202,202,26,176,116,30,41,14,27,26,12,12,12,20,28,26
2024,8,21,11,13,31,16,23,29,57,11,161,130,31,161,161,28,133,106,20,18,11,36,28,15,15,15,9,8,23
2024,8,22,0,14,7,2,6,3,14,5,34,27,7,34,34,4,30,23,6,9,1,7,4,2,2,2,2,1,6
2024,8,22,1,14,9,12,5,3,16,1,39,30,9,39,39,4,35,23,4,7,5,9,4,1,1,1,4,6,5
2024,8,22,2,14,2,2,1,1,7,3,13,11,2,13,13,2,11,9,1,4,1,2,2,1,1,1,1,1,1
2024,8,22,3,14,8,6,3,3,15,4,39,31,8,39,39,3,36,21,3,7,5,6,3,6,6,6,6,3,3
2024,8,22,4,14,5,10,2,4,13,1,31,26,5,31,31,3,28,19,2,7,3,10,3,4,4,4,1,5,2
2024,8,22,5,14,8,6,1,5,13,3,33,25,8,33,33,3,30,22,4,6,4,8,3,1,1,1,6,3,1
2024,8,22,6,14,7,10,6,1,17,4,41,34,7,41,41,5,36,22,4,9,3,6,5,4,4,4,4,5,6
2024,8,22,7,14,10,4,4,5,15,3,41,31,10,41,41,3,38,25,5,7,5,9,3,4,4,4,6,2,4
2024,8,22,8,14,2,8,5,4,11,4,32,30,2,32,32,5,27,16,1,5,1,5,5,3,3,3,4,4,5
2024,8,22,9,14,4,4,6,2,14,2,35,31,4,35,35,5,30,19,3,8,1,8,5,6,6,6,2,2,6
2024,8,22,10,14,8,2,1,1,18,6,33,25,8,33,33,3,30,24,5,12,3,7,3,4,4,4,3,1,1
2024,8,22,11,14,7,12,4,1,14,3,39,32,7,39,39,4,35,21,6,9,1,7,4,2,2,2,6,6,4
2024,8,23,0,14,5,4,6,4,16,3,39,34,5,39,39,5,34,23,3,9,2,10,5,5,5,5,3,2,6
2024,8,23,1,14,7,2,5,1,19,4,35,28,7,35,35,5,30,23,3,10,4,7,5,1,1,1,5,1,5
2024,8,23,2,14,8,10,3,3,19,6,44,36,8,44,44,4,40,26,4,11,4,8,4,6,6,6,4,5,3
2024,8,23,3,14,9,4,1,3,14,3,30,21,9,30,30,3,27,20,3,5,6,5,3,3,3,3,4,2,1
2024,8,23,4,14,7,6,6,5,8,2,37,30,7,37,37,3,34,18,5,3,2,6,3,4,4,4,6,3,6
2024,8,23,5,14,7,10,4,1,10,4,31,24,7,31,31,3,28,16,5,5,2,2,3,1,1,1,5,5,4
2024,8,23,6,14,5,8,5,4,13,4,35,30,5,35,35,2,33,19,2,8,3,8,2,3,3,3,4,4,5
2024,8,23,7,14,10,6,3,5,17,2,40,30,10,40,40,6,34,28,6,7,4,10,6,1,1,1,5,3,3
2024,8,23,8,14,5,12,4,6,13,1,41,36,5,41,41,2,39,20,1,7,4,12,2,6,6,6,5,6,4
2024,8,23,9,14,3,2,5,5,9,4,30,27,3,30,30,2,28,16,2,6,1,7,2,6,6,6,2,1,5
2024,8,23,10,14,9,10,5,4,18,5,43,34,9,43,43,4,39,26,4,9,5,8,4,6,6,6,1,5,5
2024,8,23,11,14,11,6,6,1,16,6,38,27,11,38,38,1,37,22,5,9,6,4,1,1,1,1,6,3,6
2024,8,24,0,14,10,4,4,2,23,6,45,35,10,45,45,6,39,29,4,11,6,7,6,6,6,6,4,2,4
2024,8,24,1,14,8,10,3,3,18,5,43,35,8,43,43,2,41,24,3,11,5,9,2,5,5,5,6,5,3
2024,8,24,2,14,7,2,5,5,16,5,34,27,7,34,34,2,32,23,2,9,5,9,2,3,3,3,2,1,5
2024,8,24,3,14,8,8,3,1,14,5,34,26,8,34,34,1,33,21,6,11,2,7,1,2,2,2,4,4,3
2024,8,24,4,14,5,2,1,5,13,5,35,30,5,35,35,4,31,22,4,8,1,8,4,5,5,5,6,1,1
2024,8,24,5,14,6,4,3,5,12,5,34,28,6,34,34,2,32,19,2,6,4,6,2,5,5,5,5,2,3
2024,8,24,6,14,2,10,3,5,13,4,37,35,2,37,37,6,31,19,1,6,1,7,6,4,4,4,6,5,3
2024,8,24,7,14,10,6,1,4,18,5,35,25,10,35,35,2,33,26,4,10,6,9,2,4,4,4,1,3,1
2024,8,24,8,14,8,10,4,4,19,4,40,32,8,40,40,3,37,25,2,10,6,10,3,1,1,1,5,5,4
2024,8,24,9,14,6,4,3,4,10,5,33,27,6,33,33,1,32,19,5,8,1,7,1,4,4,4,5,2,3
2024,8,24,10,14,9,8,3,3,11,4,33,24,9,33,33,1,32,20,6,7,3,6,1,3,3,3,3,4,3
2024,8,24,11,14,9,4,3,1,16,3,37,28,9,37,37,1,36,20,3,9,6,7,1,6,6,6,6,2,3
2024,8,25,0,14,5,8,6,2,22,6,42,37,5,42,42,6,36,25,1,12,4,8,6,4,4,4,3,4,6
2024,8,25,1,14,10,6,1,5,11,5,35,25,10,35,35,1,34,22,6,6,4,6,1,3,3,3,6,3,1
2024,8,25,2,14,9,4,6,5,16,2,40,31,9,40,40,5,35,24,3,5,6,8,5,2,2,2,6,2,6
2024,8,25,3,14,5,6,4,3,17,3,33,28,5,33,33,5,28,21,1,8,4,8,5,3,3,3,2,3,4
2024,8,25,4,14,6,12,3,4,13,6,39,33,6,39,39,5,34,22,5,7,1,5,5,4,4,4,4,6,3
2024,8,25,5,14,5,10,1,6,10,3,35,30,5,35,35,1,34,19,3,7,2,10,1,6,6,6,4,5,1
2024,8,25,6,14,9,12,3,5,12,3,38,29,9,38,38,4,34,22,5,4,4,6,4,5,5,5,2,6,3
2024,8,25,7,14,6,6,3,2,12,4,28,22,6,28,28,3,25,19,5,8,1,6,3,2,2,2,1,3,3
2024,8,25,8,14,10,6,1,2,17,3,31,21,10,31,31,5,26,24,5,7,5,6,5,1,1,1,2,3,1
2024,8,25,9,14,9,6,3,4,14,2,33,24,9,33,33,2,31,22,4,7,5,9,2,2,2,2,3,3,3
2024,8,25,10,14,8,6,3,6,10,4,34,26,8,34,34,2,32,22,6,6,2,8,2,4,4,4,2,3,3
2024,8,25,11,14,10,10,1,4,16,6,37,27,10,37,37,1,36,24,4,9,6,7,1,5,5,5,2,5,1
2024,8,26,0,14,4,12,4,2,14,5,36,32,4,36,36,5,31,19,3,8,1,5,5,2,2,2,5,6,4
2024,8,26,1,14,8,8,3,6,15,5,33,25,8,33,33,1,32,23,2,8,6,9,1,2,2,2,1,4,3
2024,8,26,2,14,7,6,1,6,17,4,34,27,7,34,34,6,28,24,1,5,6,7,6,5,5,5,1,3,1
2024,8,26,3,14,6,6,4,4,13,5,31,25,6,31,31,3,28,20,3,7,3,6,3,2,2,2,2,3,4
2024,8,26,4,14,5,4,1,2,16,6,27,22,5,27,27,2,25,19,1,10,4,6,2,1,1,1,4,2,1
2024,8,26,5,14,6,8,3,6,13,4,36,30,6,36,36,5,31,22,3,5,3,7,5,6,6,6,1,4,3
2024,8,26,6,14,8,4,5,5,12,2,38,30,8,38,38,6,32,22,5,3,3,6,6,3,3,3,6,2,5
2024,8,26,7,14,9,4,4,1,13,4,36,27,9,36,36,3,33,20,6,7,3,4,3,6,6,6,4,2,4
2024,8,26,8,14,5,6,1,1,12,1,26,21,5,26,26,5,21,16,3,5,2,5,5,4,4,4,2,3,1
2024,8,26,9,14,9,12,4,3,17,5,45,36,9,45,45,6,39,26,6,8,3,6,6,3,3,3,6,6,4
2024,8,26,10,14,7,10,1,4,16,4,38,31,7,38,38,5,33,23,3,7,4,7,5,4,4,4,5,5,1
2024,8,26,11,14,7,10,1,4,15,1,33,26,7,33,33,6,27,22,3,5,4,8,6,3,3,3,2,5,1
2024,8,27,0,14,10,10,3,3,13,2,37,27,10,37,37,2,35,21,5,6,5,7,2,4,4,4,4,5,3
2024,8,27,1,14,7,12,6,2,20,5,42,35,7,42,42,6,36,24,2,9,5,6,6,5,5,5,1,6,6
2024,8,27,2,14,6,12,3,3,14,1,40,34,6,40,40,4,36,19,2,6,4,8,4,6,6,6,6,6,3
2024,8,27,3,14,9,8,4,6,9,1,39,30,9,39,39,4,35,21,6,2,3,7,4,6,6,6,4,4,4
2024,8,27,4,14,8,2,1,3,16,3,33,25,8,33,33,6,27,25,6,8,2,8,6,4,4,4,2,1,1
2024,8,27,5,14,9,8,6,1,20,6,40,31,9,40,40,4,36,24,3,10,6,5,4,2,2,2,4,4,6
2024,8,27,6,14,9,6,5,2,15,1,36,27,9,36,36,5,31,22,5,6,4,7,5,2,2,2,4,3,5
2024,8,27,7,14,9,8,2,5,10,1,35,26,9,35,35,3,32,19,4,2,5,6,3,5,5,5,5,4,2
2024,8,27,8,14,7,8,1,1,18,2,35,28,7,35,35,6,29,20,1,6,6,5,6,4,4,4,6,4,1
2024,8,27,9,14,9,2,5,3,17,4,41,32,9,41,41,4,37,25,5,9,4,8,4,5,5,5,5,1,5
2024,8,27,10,14,7,8,1,4,20,4,36,29,7,36,36,6,30,27,3,10,4,10,6,3,3,3,1,4,1
2024,8,27,11,14,6,8,6,4,14,4,35,29,6,35,35,1,34,19,1,8,5,8,1,3,3,3,3,4,6
2024,8,28,0,14,7,4,5,6,12,4,35,28,7,35,35,2,33,21,3,6,4,8,2,6,6,6,1,2,5
2024,8,28,1,14,9,10,5,6,15,2,43,34,9,43,43,2,41,24,3,7,6,11,2,4,4,4,5,5,5
2024,8,28,2,14,10,4,1,4,13,2,34,24,10,34,34,1,33,23,6,8,4,10,1,2,2,2,6,2,1
2024,8,28,3,14,9,2,3,6,11,1,32,23,9,32,32,1,31,20,3,4,6,9,1,3,3,3,5,1,3
2024,8,28,4,14,2,12,3,5,14,6,37,35,2,37,37,3,34,20,1,10,1,9,3,3,3,3,5,6,3
2024,8,28,5,14,8,10,3,3,10,3,29,21,8,29,29,1,28,17,4,5,4,5,1,2,2,2,2,5,3
2024,8,28,6,14,4,4,6,5,12,1,33,29,4,33,33,6,27,19,2,4,2,8,6,3,3,3,3,2,6
2024,8,28,7,14,8,10,2,1,12,3,30,22,8,30,30,4,26,17,4,4,4,2,4,2,2,2,4,5,2
2024,8,28,8,14,8,10,4,1,18,6,37,29,8,37,37,6,31,24,5,9,3,4,6,1,1,1,3,5,4
2024,8,28,9,14,7,2,1,6,20,4,34,27,7,34,34,5,29,27,1,9,6,11,5,3,3,3,2,1,1
2024,8,28,10,14,7,4,4,6,10,1,32,25,7,32,32,3,29,21,5,5,2,10,3,3,3,3,2,2,4
2024,8,28,11,14,6,12,2,3,12,6,34,28,6,34,34,3,31,19,4,7,2,4,3,5,5,5,2,6,2
2024,8,29,0,15,8,4,6,5,19,4,40,32,8,40,40,6,34,27,3,8,5,9,6,2,2,2,3,2,6
2024,8,29,1,15,8,6,5,1,16,4,38,30,8,38,38,6,32,23,6,8,2,5,6,4,4,4,3,3,5
2024,8,29,2,15,10,8,2,1,11,1,27,17,10,27,27,1,26,17,5,5,5,5,1,1,1,1,3,4,2
2024,8,29,3,15,7,4,1,5,10,3,30,23,7,30,30,1,29,19,4,6,3,8,1,6,6,6,2,2,1
2024,8,29,4,15,9,6,6,2,12,4,34,25,9,34,34,1,33,17,3,5,6,3,1,6,6,6,2,3,6
2024,8,29,5,15,8,2,5,4,11,1,34,26,8,34,34,3,31,21,6,6,2,9,3,4,4,4,3,1,5
2024,8,29,6,15,4,8,2,4,16,6,36,32,4,36,36,3,33,22,2,11,2,9,3,6,6,6,2,4,2
2024,8,29,7,15,11,10,6,1,19,4,43,32,11,43,43,5,38,26,6,9,5,6,5,4,4,4,2,5,6
2024,8,29,8,15,10,4,4,2,12,1,32,22,10,32,32,3,29,19,5,4,5,5,3,5,5,5,2,2,4
2024,8,29,9,15,7,4,3,1,18,6,35,28,7,35,35,6,29,21,2,7,5,2,6,6,6,6,3,2,3
2024,8,29,10,15,7,4,5,3,19,4,44,37,7,44,44,5,39,25,3,10,4,9,5,6,6,6,6,2,5
2024,8,29,11,15,8,12,2,4,13,6,38,30,8,38,38,3,35,23,6,8,2,6,3,6,6,6,1,6,2
2024,8,30,0,15,8,10,3,1,9,1,30,22,8,30,30,4,26,16,6,3,2,3,4,2,2,2,4,5,3
2024,8,30,1,15,2,4,6,6,10,3,34,32,2,34,34,5,29,17,1,4,1,7,5,6,6,6,3,2,6
2024,8,30,2,15,12,4,3,1,14,3,33,21,12,33,33,1,32,21,6,7,6,5,1,6,6,6,1,2,3
2024,8,30,3,15,9,8,1,5,19,5,37,28,9,37,37,3,34,28,4,11,5,11,3,1,1,1,3,4,1
2024,8,30,4,15,11,8,4,1,16,1,38,27,11,38,38,5,33,22,5,5,6,5,5,6,6,6,2,4,4
2024,8,30,5,15,5,10,3,2,7,1,30,25,5,30,30,1,29,10,1,2,4,3,1,6,6,6,6,5,3
2024,8,30,6,15,8,4,1,2,18,6,28,20,8,28,28,5,23,22,2,7,6,3,5,2,2,2,1,2,1
2024,8,30,7,15,7,2,1,6,14,5,34,27,7,34,34,2,32,24,4,9,3,10,2,3,3,3,5,1,1
2024,8,30,8,15,8,6,3,6,9,1,32,24,8,32,32,1,31,21,6,6,2,11,1,4,4,4,1,3,3
2024,8,30,9,15,6,10,6,1,14,6,41,35,6,41,41,6,35,20,5,7,1,2,6,5,5,5,5,5,6
2024,8,30,10,15,6,2,5,2,9,2,25,19,6,25,25,1,24,15,4,6,2,6,1,3,3,3,1,1,5
2024,8,30,11,15,7,10,3,4,10,1,34,27,7,34,34,6,28,19,5,2,2,5,6,3,3,3,4,5,3
2024,8,31,0,15,7,8,6,3,11,1,32,25,7,32,32,3,29,17,3,4,4,6,3,4,4,4,1,4,6
2024,8,31,1,15,6,12,6,4,15,6,45,39,6,45,45,5,40,23,4,8,2,6,5,6,6,6,4,6,6
2024,8,31,2,15,7,2,3,4,19,6,38,31,7,38,38,6,32,28,5,11,2,9,6,5,5,5,1,1,3
2024,8,31,3,15,7,12,2,4,12,3,35,28,7,35,35,3,32,20,4,6,3,7,3,2,2,2,5,6,2
2024,8,31,4,15,7,12,2,1,8,1,30,23,7,30,30,2,28,15,6,5,1,5,2,4,4,4,3,6,2
2024,8,31,5,15,8,10,2,4,13,1,35,27,8,35,35,2,33,21,4,7,4,10,2,5,5,5,2,5,2
2024,8,31,6,15,6,4,2,1,13,4,27,21,6,27,27,3,24,16,2,6,4,3,3,5,5,5,2,2,2
2024,8,31,7,15,9,8,4,4,18,5,44,35,9,44,44,2,42,26,4,11,5,10,2,5,5,5,5,4,4
2024,8,31,8,15,9,6,1,6,10,1,27,18,9,27,27,2,25,20,4,3,5,8,2,1,1,1,2,3,1
2024,8,31,9,15,5,6,1,3,14,5,28,23,5,28,28,2,26,21,4,11,1,9,2,2,2,2,1,3,1
2024,8,31,10,15,11,12,6,1,14,3,39,28,11,39,39,3,36,20,5,5,6,3,3,4,4,4,3,6,6
2024,8,31,11,15,7,6,5,6,17,6,40,33,7,40,40,5,35,28,5,10,2,10,5,3,3,3,1,3,5
2024,9,1,0,16,9,12,5,3,13,5,43,34,9,43,43,3,40,21,5,6,4,4,3,6,6,6,5,6,5
2024,9,1,1,16,10,6,6,4,17,2,39,29,10,39,39,5,34,26,5,7,5,9,5,3,3,3,1,3,6
2024,9,1,2,16,11,12,5,5,22,5,47,36,11,47,47,5,42,32,5,11,6,11,5,2,2,2,2,6,5
2024,9,1,3,16,12,4,2,3,20,2,44,32,12,44,44,6,38,29,6,8,6,9,6,6,6,6,5,2,2
2024,9,1,4,16,10,8,2,1,16,5,36,26,10,36,36,3,33,23,6,9,4,5,3,4,4,4,3,4,2
2024,9,1,5,16,9,12,6,1,21,6,43,34,9,43,43,6,37,27,5,11,4,6,6,3,3,3,1,6,6
2024,9,1,6,16,8,8,3,2,19,6,36,28,8,36,36,6,30,26,5,10,3,6,6,2,2,2,1,4,3
2024,9,1,7,16,6,2,4,4,11,1,32,26,6,32,32,6,26,19,4,3,2,6,6,5,5,5,3,1,4
2024,9,1,8,16,5,12,2,6,9,1,32,27,5,32,32,3,29,19,4,5,1,10,3,2,2,2,3,6,2
2024,9,1,9,16,5,2,4,5,16,6,35,30,5,35,35,4,31,24,3,10,2,9,4,4,4,4,2,1,4
2024,9,1,10,16,5,2,4,1,12,2,30,25,5,30,30,3,27,17,4,8,1,7,3,2,2,2,6,1,4
2024,9,1,11,16,5,2,6,4,13,1,36,31,5,36,36,5,31,20,3,6,2,9,5,5,5,5,4,1,6
2024,9,2,0,16,8,6,2,2,16,6,33,25,8,33,33,3,30,20,2,7,6,3,3,2,2,2,6,3,2
2024,9,2,1,16,7,6,6,5,10,2,37,30,7,37,37,5,32,20,5,3,2,6,5,3,3,3,5,3,6
2024,9,2,2,16,8,4,1,3,16,2,29,21,8,29,29,4,25,23,4,8,4,9,4,2,2,2,1,2,1
2024,9,2,3,16,4,12,3,1,11,4,30,26,4,30,30,2,28,14,2,7,2,4,2,2,2,2,5,6,3
2024,9,2,4,16,8,12,3,6,16,3,43,35,8,43,43,2,41,25,3,9,5,12,2,4,4,4,5,6,3
2024,9,2,5,16,9,8,2,6,14,6,41,32,9,41,41,1,40,25,5,9,4,9,1,6,6,6,4,4,2
2024,9,2,6,16,8,6,3,5,15,6,39,31,8,39,39,4,35,26,6,9,2,8,4,3,3,3,4,3,3
2024,9,2,7,16,7,10,4,3,13,6,38,31,7,38,38,4,34,21,5,7,2,4,4,3,3,3,5,5,4
2024,9,2,8,16,7,12,4,5,18,5,44,37,7,44,44,4,40,25,2,9,5,9,4,5,5,5,4,6,4
2024,9,2,9,16,9,4,1,3,12,3,30,21,9,30,30,3,27,20,5,5,4,5,3,3,3,3,4,2,1
2024,9,2,10,16,8,6,3,5,17,6,41,33,8,41,41,5,36,27,5,9,3,8,5,5,5,5,3,3,3
2024,9,2,11,16,7,2,5,2,18,6,34,27,7,34,34,3,31,22,2,10,5,6,3,2,2,2,4,1,5
2024,9,3,0,16,8,6,6,6,10,2,37,29,8,37,37,2,35,22,6,6,2,10,2,4,4,4,2,3,6
2024,9,3,1,16,8,2,1,3,10,3,29,21,8,29,29,2,27,17,4,4,4,4,2,5,5,5,5,1,1
2024,9,3,2,16,11,4,6,1,13,1,37,26,11,37,37,3,34,19,5,4,6,4,3,5,5,5,5,2,6
2024,9,3,3,16,10,10,4,2,15,1,34,24,10,34,34,6,28,22,5,4,5,5,6,2,2,2,1,5,4
2024,9,3,4,16,3,6,6,6,15,4,35,32,3,35,35,3,32,22,1,10,2,12,3,2,2,2,2,3,6
2024,9,3,5,16,7,4,3,4,14,4,33,26,7,33,33,6,27,23,5,6,2,6,6,3,3,3,2,2,3
2024,9,3,6,16,8,2,1,1,14,4,25,17,8,25,25,4,21,20,5,7,3,4,4,2,2,2,1,1,1
2024,9,3,7,16,11,4,5,2,14,4,35,24,11,35,35,3,32,22,6,6,5,4,3,5,5,5,1,2,5
2024,9,3,8,16,6,6,2,1,16,6,33,27,6,33,33,3,30,21,4,11,2,6,3,5,5,5,2,3,2
2024,9,3,9,16,7,6,1,3,16,5,33,26,7,33,33,1,32,22,3,11,4,9,1,4,4,4,3,3,1
2024,9,3,10,16,8,2,1,3,17,4,33,25,8,33,33,1,32,22,2,10,6,9,1,5,5,5,4,1,1
2024,9,3,11,16,4,10,2,3,14,3,32,28,4,32,32,5,27,19,2,7,2,7,5,2,2,2,4,5,2
2024,9,4,0,16,2,2,2,3,7,3,25,23,2,25,25,2,23,11,1,4,1,4,2,5,5,5,6,1,2
2024,9,4,1,16,10,6,5,3,18,1,40,30,10,40,40,6,34,26,5,7,5,9,6,1,1,1,5,3,5
2024,9,4,2,16,11,12,2,1,24,6,44,33,11,44,44,6,38,30,5,12,6,7,6,1,1,1,5,6,2
2024,9,4,3,16,5,10,2,6,13,5,37,32,5,37,37,5,32,22,3,6,2,7,5,3,3,3,5,5,2
2024,9,4,4,16,4,10,2,3,14,4,35,31,4,35,35,6,29,19,2,6,2,5,6,3,3,3,6,5,2
2024,9,4,5,16,7,6,4,1,20,4,36,29,7,36,36,6,30,24,3,10,4,7,6,3,3,3,2,3,4
2024,9,4,6,16,10,10,5,2,18,5,44,34,10,44,44,2,42,25,5,11,5,8,2,5,5,5,4,5,5
2024,9,4,7,16,6,2,4,5,12,4,32,26,6,32,32,3,29,22,5,8,1,9,3,2,2,2,3,1,4
2024,9,4,8,16,9,10,2,3,15,3,37,28,9,37,37,3,34,22,4,7,5,7,3,2,2,2,6,5,2
2024,9,4,9,16,5,6,4,4,14,6,35,30,5,35,35,4,31,22,4,9,1,7,4,5,5,5,1,3,4
2024,9,4,10,16,7,12,6,1,9,3,40,33,7,40,40,1,39,16,6,7,1,5,1,6,6,6,6,6,6
2024,9,4,11,16,8,12,4,6,15,3,40,32,8,40,40,4,36,25,4,7,4,10,4,4,4,4,1,6,4
2024,9,5,0,16,11,4,2,2,18,4,42,31,11,42,42,4,38,26,6,9,5,7,4,6,6,6,6,2,2
2024,9,5,1,16,4,6,3,1,13,1,30,26,4,30,30,4,26,15,1,6,3,6,4,6,6,6,3,3,3
2024,9,5,2,16,6,8,4,6,21,6,39,33,6,39,39,5,34,29,2,12,4,12,5,1,1,1,1,4,4
2024,9,5,3,16,12,8,4,4,14,3,37,25,12,37,37,2,35,24,6,6,6,7,2,2,2,2,3,4,4
2024,9,5,4,16,11,6,1,6,16,2,38,27,11,38,38,3,35,28,6,8,5,12,3,2,2,2,4,3,1
2024,9,5,5,16,5,6,6,3,9,1,30,25,5,30,30,2,28,16,4,6,1,8,2,1,1,1,4,3,6
2024,9,5,6,16,8,6,5,3,19,5,41,33,8,41,41,5,36,26,4,10,4,8,5,3,3,3,4,3,5
2024,9,5,7,16,11,6,5,1,20,3,36,25,11,36,36,5,31,26,5,9,6,7,5,1,1,1,1,3,5
2024,9,5,8,16,7,2,4,6,15,1,36,29,7,36,36,5,31,23,2,5,5,10,5,3,3,3,5,1,4
2024,9,5,9,16,4,12,2,1,14,4,29,25,4,29,29,4,25,18,3,9,1,6,4,2,2,2,1,6,2
2024,9,5,10,16,8,6,5,3,10,1,38,30,8,38,38,4,34,18,5,3,3,5,4,6,6,6,6,3,5
2024,9,5,11,16,8,6,5,5,11,1,36,28,8,36,36,3,33,19,3,3,5,7,3,3,3,3,6,3,5
2024,9,6,0,16,5,2,5,6,15,6,38,33,5,38,38,3,35,23,2,9,3,9,3,5,5,5,4,1,5
2024,9,6,1,16,9,2,4,6,15,4,35,26,9,35,35,1,34,25,4,9,5,11,1,2,2,2,3,1,4
2024,9,6,2,16,8,10,3,4,8,1,37,29,8,37,37,3,34,18,6,3,2,6,3,6,6,6,5,5,3
2024,9,6,3,16,8,6,4,3,16,5,39,31,8,39,39,4,35,25,6,10,2,8,4,2,2,2,5,3,4
2024,9,6,4,16,8,8,6,5,16,3,40,32,8,40,40,2,38,24,3,9,5,11,2,3,3,3,3,4,6
2024,9,6,5,16,7,2,4,4,13,1,29,22,7,29,29,4,25,18,1,3,6,6,4,4,4,4,2,1,4
2024,9,6,6,16,10,6,3,6,17,3,39,29,10,39,39,5,34,27,4,6,6,9,5,3,3,3,3,3,3
2024,9,6,7,16,10,8,5,3,16,1,35,25,10,35,35,6,29,23,4,4,6,6,6,2,2,2,1,4,5
2024,9,6,8,16,4,12,6,4,18,6,44,40,4,44,44,4,40,23,1,11,3,9,4,3,3,3,6,6,6
2024,9,6,9,16,6,12,3,3,11,3,33,27,6,33,33,2,31,18,4,7,2,7,2,5,5,5,1,6,3
2024,9,6,10,16,8,10,2,6,13,3,38,30,8,38,38,5,33,24,5,5,3,8,5,6,6,6,1,5,2
2024,9,6,11,16,9,4,2,5,20,6,34,25,9,34,34,5,29,28,3,9,6,8,5,1,1,1,1,2,2
2024,9,7,0,16,4,2,5,4,13,6,28,24,4,28,28,2,26,20,3,10,1,8,2,1,1,1,1,1,5
2024,9,7,1,16,9,8,3,1,10,3,32,23,9,32,32,1,31,15,4,4,5,2,1,6,6,6,4,4,3
2024,9,7,2,16,6,6,2,2,14,6,30,24,6,30,30,4,26,19,3,7,3,3,4,4,4,4,2,3,2
2024,9,7,3,16,6,8,1,2,14,2,36,30,6,36,36,6,30,20,4,6,2,6,6,5,5,5,6,4,1
2024,9,7,4,16,7,6,2,6,8,1,33,26,7,33,33,2,31,19,5,4,2,9,2,4,4,4,5,3,2
2024,9,7,5,16,4,6,2,5,15,5,34,30,4,34,34,1,33,21,1,11,3,11,1,3,3,3,5,3,2
2024,9,7,6,16,8,4,1,5,14,2,31,23,8,31,31,3,28,23,4,7,4,10,3,1,1,1,4,2,1
2024,9,7,7,16,7,4,3,1,17,5,32,25,7,32,32,5,27,20,2,7,5,3,5,3,3,3,4,2,3
2024,9,7,8,16,9,8,1,1,19,2,34,25,9,34,34,5,29,23,3,8,6,7,5,1,1,1,5,4,1
2024,9,7,9,16,10,10,1,6,13,1,35,25,10,35,35,3,32,23,4,4,6,9,3,5,5,5,1,5,1
2024,9,7,10,16,11,2,3,6,19,4,40,29,11,40,40,4,36,31,6,10,5,12,4,2,2,2,3,1,3
2024,9,7,11,16,2,6,2,2,10,3,25,23,2,25,25,5,20,13,1,4,1,3,5,6,6,6,1,3,2
2024,9,8,0,17,10,8,5,3,20,6,44,34,10,44,44,6,38,28,5,9,5,6,6,2,2,2,5,4,5
2024,9,8,1,17,12,10,3,4,20,3,45,33,12,45,45,6,39,30,6,8,6,9,6,6,6,6,1,5,3
2024,9,8,2,17,8,8,4,3,18,4,37,29,8,37,37,6,31,23,2,6,6,5,6,5,5,5,1,4,4
2024,9,8,3,17,11,8,1,3,17,5,38,27,11,38,38,1,37,25,5,10,6,8,1,4,4,4,4,4,1
2024,9,8,4,17,11,8,4,5,13,1,37,26,11,37,37,3,34,23,5,4,6,8,3,1,1,1,5,4,4
2024,9,8,5,17,5,2,6,1,14,3,27,22,5,27,27,5,22,16,1,5,4,3,5,1,1,1,3,1,6
2024,9,8,6,17,7,8,6,4,11,4,38,31,7,38,38,1,37,20,5,8,2,8,1,5,5,5,3,4,6
2024,9,8,7,17,10,2,4,3,15,2,33,23,10,33,33,4,29,23,5,6,5,7,4,1,1,1,4,1,4
2024,9,8,8,17,4,10,5,4,18,4,45,41,4,45,45,6,39,24,2,10,2,10,6,6,6,6,5,5,5
2024,9,8,9,17,6,12,2,5,16,3,42,36,6,42,42,6,36,22,1,5,5,7,6,6,6,6,6,6,2
2024,9,8,10,17,7,10,4,6,15,3,40,33,7,40,40,1,39,22,1,8,6,11,1,4,4,4,5,5,4
2024,9,8,11,17,4,2,4,4,9,4,27,23,4,27,27,2,25,16,3,6,1,6,2,3,3,3,3,1,4
2024,9,9,0,17,8,6,3,2,15,4,33,25,8,33,33,3,30,21,4,8,4,6,3,2,2,2,4,3,3
2024,9,9,1,17,3,6,2,6,16,4,32,29,3,32,32,5,27,23,1,9,2,11,5,2,2,2,2,3,2
2024,9,9,2,17,8,10,6,2,13,1,37,29,8,37,37,1,36,18,3,7,5,8,1,4,4,4,4,5,6
2024,9,9,3,17,8,2,6,3,11,4,37,29,8,37,37,4,33,20,6,5,2,4,4,5,5,5,5,1,6
2024,9,9,4,17,8,10,3,6,19,5,46,38,8,46,46,6,40,31,6,11,2,12,6,5,5,5,2,5,3
2024,9,9,5,17,12,12,4,5,14,2,42,30,12,42,42,1,41,25,6,7,6,10,1,4,4,4,3,6,4
2024,9,9,6,17,4,2,1,5,19,6,35,31,4,35,35,5,30,26,2,12,2,11,5,5,5,5,2,1,1
2024,9,9,7,17,7,4,3,1,11,1,31,24,7,31,31,2,29,15,3,5,4,5,2,5,5,5,6,2,3
2024,9,9,8,17,9,4,3,2,21,6,39,30,9,39,39,6,33,26,3,9,6,5,6,5,5,5,3,2,3
2024,9,9,9,17,4,6,4,1,15,3,35,31,4,35,35,6,29,19,3,8,1,6,6,5,5,5,4,3,4
2024,9,9,10,17,6,4,1,3,13,2,25,19,6,25,25,3,22,18,2,6,4,7,3,2,2,2,2,2,1
2024,9,9,11,17,7,6,1,6,12,1,30,23,7,30,30,5,25,20,2,2,5,7,5,1,1,1,5,3,1
2024,9,10,0,17,7,6,3,2,8,1,26,19,7,26,26,5,21,16,6,2,1,3,5,2,2,2,2,3,3
2024,9,10,1,17,5,2,1,4,9,2,23,18,5,23,23,2,21,14,1,3,4,5,2,6,6,6,1,1,1
2024,9,10,2,17,6,8,2,6,17,6,42,36,6,42,42,6,36,27,4,9,2,9,6,4,4,4,5,4,2
2024,9,10,3,17,4,4,5,5,17,4,41,37,4,41,41,5,36,24,2,10,2,11,5,5,5,5,5,2,5
2024,9,10,4,17,12,10,3,2,15,2,42,30,12,42,42,1,41,23,6,8,6,8,1,6,6,6,5,5,3
2024,9,10,5,17,5,4,2,1,12,4,30,25,5,30,30,1,29,17,4,10,1,7,1,6,6,6,3,2,2
2024,9,10,6,17,4,2,3,5,18,6,34,30,4,34,34,4,30,24,1,11,3,10,4,3,3,3,3,1,3
2024,9,10,7,17,7,12,1,4,5,2,29,22,7,29,29,1,28,15,6,3,1,5,1,6,6,6,1,6,1
2024,9,10,8,17,3,2,2,2,9,1,20,17,3,20,20,3,17,13,2,5,1,6,3,3,3,3,1,1,2
2024,9,10,9,17,4,2,1,1,13,1,21,17,4,21,21,4,17,15,1,6,3,6,4,3,3,3,1,1,1
2024,9,10,10,17,7,8,4,1,22,5,37,30,7,37,37,6,31,24,1,10,6,6,6,3,3,3,2,4,4
2024,9,10,11,17,8,8,2,6,15,5,39,31,8,39,39,4,35,25,4,7,4,8,4,3,3,3,5,4,2
2024,9,11,0,17,4,8,1,2,13,6,29,25,4,29,29,1,28,17,2,10,2,6,1,2,2,2,5,4,1
2024,9,11,1,17,2,10,1,1,15,6,32,30,2,32,32,2,30,17,1,12,1,7,2,5,5,5,4,5,1
2024,9,11,2,17,5,6,1,3,13,5,31,26,5,31,31,5,26,19,3,6,2,4,5,5,5,5,3,3,1
2024,9,11,3,17,8,10,3,3,13,6,40,32,8,40,40,3,37,22,6,8,2,5,3,5,5,5,5,5,3
2024,9,11,4,17,5,8,1,1,10,3,29,24,5,29,29,5,24,15,4,4,1,2,5,4,4,4,5,4,1
2024,9,11,5,17,5,2,1,1,13,6,29,24,5,29,29,2,27,18,4,10,1,5,2,5,5,5,4,1,1
2024,9,11,6,17,4,12,5,5,9,2,35,31,4,35,35,3,32,15,1,3,3,6,3,6,6,6,3,6,5
2024,9,11,7,17,3,12,2,2,10,1,29,26,3,29,29,3,26,14,2,6,1,7,3,4,4,4,3,6,2
2024,9,11,8,17,7,12,2,4,14,3,35,28,7,35,35,6,29,22,4,5,3,6,6,2,2,2,3,6,2
2024,9,11,9,17,5,6,5,6,15,4,44,39,5,44,44,4,40,25,4,10,1,12,4,5,5,5,6,3,5
2024,9,11,10,17,3,4,1,1,16,4,26,23,3,26,26,4,22,18,1,10,2,7,4,4,4,4,1,2,1
2024,9,11,11,17,8,4,4,3,15,3,38,30,8,38,38,4,34,22,4,7,4,7,4,4,4,4,6,2,4
2024,9,12,0,17,5,2,4,3,12,5,31,26,5,31,31,3,28,18,3,7,2,5,3,2,2,2,6,1,4
2024,9,12,1,17,6,12,5,2,9,1,33,27,6,33,33,1,32,15,4,6,2,7,1,6,6,6,1,6,5
2024,9,12,2,17,5,10,4,4,14,4,33,28,5,33,33,2,31,19,1,8,4,8,2,1,1,1,4,5,4
2024,9,12,3,17,10,8,1,3,8,2,29,19,10,29,29,1,28,17,6,3,4,4,1,4,4,4,3,4,1
2024,9,12,4,17,2,2,4,3,8,4,22,20,2,22,22,1,21,12,1,6,1,5,1,3,3,3,2,1,4
2024,9,12,5,17,9,2,5,6,11,1,36,27,9,36,36,4,32,22,5,3,4,8,4,5,5,5,3,1,5
2024,9,12,6,17,5,10,3,6,14,2,32,27,5,32,32,4,28,21,1,6,4,10,4,2,2,2,1,5,3
2024,9,12,7,17,7,6,2,5,14,1,31,24,7,31,31,5,26,23,4,6,3,10,5,1,1,1,2,3,2
2024,9,12,8,17,5,6,1,3,11,2,32,27,5,32,32,5,27,18,4,5,1,6,5,5,5,5,5,3,1
2024,9,12,9,17,5,8,5,3,15,6,31,26,5,31,31,5,26,20,2,7,3,4,5,1,1,1,1,4,5
2024,9,12,10,17,7,6,4,6,22,5,40,33,7,40,40,6,34,29,1,10,6,11,6,2,2,2,2,3,4
2024,9,12,11,17,8,12,2,3,15,4,32,24,8,32,32,6,26,22,4,5,4,4,6,1,1,1,1,6,2
2024,9,13,0,17,11,2,6,3,19,6,40,29,11,40,40,3,37,28,6,11,5,8,3,1,1,1,4,1,6
2024,9,13,1,17,2,4,6,1,9,1,25,23,2,25,25,6,19,11,1,2,1,2,6,5,5,5,1,2,6
2024,9,13,2,17,4,6,6,2,10,3,32,28,4,32,32,2,30,14,2,6,2,5,2,3,3,3,6,3,6
2024,9,13,3,17,4,6,6,1,8,1,26,22,4,26,26,2,24,10,1,3,3,3,2,2,2,2,5,3,6
2024,9,13,4,17,6,8,3,5,13,1,32,26,6,32,32,4,28,19,1,4,5,8,4,1,1,1,5,4,3
2024,9,13,5,17,4,6,5,3,10,4,26,22,4,26,26,2,24,14,1,5,3,4,2,1,1,1,3,3,5
2024,9,13,6,17,4,6,3,4,8,1,26,22,4,26,26,4,22,14,2,2,2,5,4,3,3,3,3,3,3
2024,9,13,7,17,5,6,5,2,18,6,36,31,5,36,36,4,32,21,1,10,4,6,4,3,3,3,4,3,5
2024,9,13,8,17,9,12,2,4,9,2,38,29,9,38,38,2,36,18,5,3,4,5,2,6,6,6,6,6,2
2024,9,13,9,17,7,10,2,3,13,3,37,30,7,37,37,6,31,22,6,6,1,6,6,2,2,2,6,5,2
2024,9,13,10,17,7,2,6,6,9,4,37,30,7,37,37,2,35,20,5,5,2,7,2,6,6,6,4,1,6
2024,9,13,11,17,8,8,6,3,18,5,37,29,8,37,37,6,31,24,3,7,5,5,6,2,2,2,1,4,6
2024,9,14,0,17,6,10,5,2,11,2,31,25,6,31,31,5,26,18,5,5,1,5,5,1,1,1,2,5,5
2024,9,14,1,17,10,12,6,3,16,6,45,35,10,45,45,2,43,25,6,10,4,7,2,3,3,3,5,6,6
2024,9,14,2,17,10,8,4,5,16,1,43,33,10,43,43,6,37,25,4,4,6,8,6,4,4,4,6,4,4
2024,9,14,3,17,5,10,6,4,11,2,34,29,5,34,34,5,29,17,2,3,3,5,5,1,1,1,5,5,6
2024,9,14,4,17,6,12,1,1,12,2,30,24,6,30,30,2,28,14,1,5,5,4,2,5,5,5,4,6,1
2024,9,14,5,17,11,10,4,5,11,1,41,30,11,41,41,1,40,21,5,4,6,8,1,6,6,6,5,5,4
2024,9,14,6,17,6,6,2,6,17,6,37,31,6,37,37,5,32,27,4,10,2,10,5,3,3,3,2,3,2
2024,9,14,7,17,9,4,4,1,15,4,30,21,9,30,30,1,29,19,3,8,6,5,1,4,4,4,1,2,4
2024,9,14,8,17,8,6,5,5,5,1,33,25,8,33,33,1,32,16,6,2,2,6,1,3,3,3,6,3,5
2024,9,14,9,17,3,6,1,2,13,6,28,25,3,28,28,3,25,16,1,8,2,4,3,6,6,6,2,3,1
2024,9,14,10,17,8,10,4,1,14,4,34,26,8,34,34,6,28,20,5,5,3,2,6,2,2,2,3,5,4
2024,9,14,11,17,9,10,2,6,11,3,32,23,9,32,32,2,30,21,4,4,5,7,2,2,2,2,2,5,2
2024,9,15,0,18,7,2,1,4,11,1,30,23,7,30,30,6,24,19,4,2,3,5,6,4,4,4,5,1,1
2024,9,15,1,18,6,10,4,4,17,4,39,33,6,39,39,3,36,23,2,10,4,10,3,3,3,3,4,5,4
2024,9,15,2,18,5,10,2,6,14,4,33,28,5,33,33,4,29,23,3,8,2,10,4,2,2,2,1,5,2
2024,9,15,3,18,5,8,3,4,18,3,34,29,5,34,34,6,28,24,2,9,3,10,6,2,2,2,1,4,3
2024,9,15,4,18,10,12,1,5,13,1,37,27,10,37,37,5,32,23,5,3,5,7,5,5,5,5,2,6,1
2024,9,15,5,18,11,8,2,5,14,2,41,30,11,41,41,1,40,25,6,8,5,11,1,5,5,5,5,4,2
2024,9,15,6,18,8,2,5,4,16,3,34,26,8,34,34,5,29,24,4,7,4,8,5,2,2,2,2,1,5
2024,9,15,7,18,9,10,4,3,17,6,41,32,9,41,41,4,37,26,6,10,3,7,4,3,3,3,3,5,4
2024,9,15,8,18,8,12,5,4,11,2,40,32,8,40,40,4,36,20,5,4,3,6,4,3,3,3,6,6,5
2024,9,15,9,18,11,2,2,4,18,6,40,29,11,40,40,5,35,28,6,8,5,6,5,6,6,6,3,1,2
2024,9,15,10,18,3,6,3,2,16,3,31,28,3,31,31,5,26,19,1,9,2,8,5,5,5,5,1,3,3
2024,9,15,11,18,2,6,3,5,10,4,26,24,2,26,26,4,22,16,1,5,1,6,4,2,2,2,2,3,3
2024,9,16,0,18,7,10,1,4,17,6,38,31,7,38,38,6,32,26,5,9,2,7,6,5,5,5,1,5,1
2024,9,16,1,18,5,8,6,6,13,5,40,35,5,40,40,1,39,21,2,9,3,10,1,6,6,6,3,4,6
2024,9,16,2,18,5,2,5,1,11,3,24,19,5,24,24,4,20,15,3,5,2,3,4,1,1,1,2,1,5
2024,9,16,3,18,10,12,6,5,17,3,43,33,10,43,43,6,37,27,5,6,5,8,6,2,2,2,2,6,6
2024,9,16,4,18,6,6,5,5,16,4,41,35,6,41,41,5,36,23,2,7,4,8,5,6,6,6,4,3,5
2024,9,16,5,18,12,2,2,6,15,4,37,25,12,37,37,1,36,27,6,8,6,10,1,3,3,3,4,1,2
2024,9,16,6,18,9,12,4,3,12,4,36,27,9,36,36,1,35,18,3,5,6,4,1,4,4,4,4,6,4
2024,9,16,7,18,11,2,6,6,14,4,41,30,11,41,41,3,38,25,5,5,6,7,3,6,6,6,3,1,6
2024,9,16,8,18,7,4,1,2,19,3,30,23,7,30,30,5,25,22,1,8,6,7,5,3,3,3,2,2,1
2024,9,16,9,18,7,2,1,6,13,3,30,23,7,30,30,1,29,21,2,7,5,10,1,4,4,4,3,1,1
2024,9,16,10,18,11,8,1,6,14,2,39,28,11,39,39,4,35,26,6,5,5,9,4,4,4,4,4,4,1
2024,9,16,11,18,6,12,6,1,13,1,34,28,6,34,34,5,29,18,4,6,2,6,5,1,1,1,3,6,6
2024,9,17,0,18,10,6,5,5,20,6,42,32,10,42,42,3,39,29,4,11,6,10,3,4,4,4,1,3,5
2024,9,17,1,18,11,12,1,4,17,5,40,29,11,40,40,3,37,27,6,9,5,8,3,4,4,4,2,6,1
2024,9,17,2,18,11,6,4,3,16,3,35,24,11,35,35,1,34,24,5,9,6,9,1,1,1,1,3,3,4
2024,9,17,3,18,8,8,2,3,13,3,33,25,8,33,33,5,28,20,4,4,4,4,5,2,2,2,5,4,2
2024,9,17,4,18,9,10,4,2,17,4,38,29,9,38,38,4,34,23,4,8,5,6,4,3,3,3,3,5,4
2024,9,17,5,18,3,10,6,5,14,6,38,35,3,38,38,2,36,20,1,10,2,9,2,4,4,4,3,5,6
2024,9,17,6,18,9,12,5,3,18,3,42,33,9,42,42,5,37,24,3,7,6,7,5,1,1,1,6,6,5
2024,9,17,7,18,8,2,5,6,17,3,40,32,8,40,40,6,34,25,2,5,6,8,6,3,3,3,6,1,5
2024,9,17,8,18,12,10,4,2,16,1,42,30,12,42,42,6,36,24,6,4,6,5,6,6,6,6,3,5,4
2024,9,17,9,18,5,10,3,4,10,3,29,24,5,29,29,2,27,16,2,5,3,6,2,4,4,4,1,5,3
2024,9,17,10,18,5,2,3,1,14,2,29,24,5,29,29,5,24,19,4,8,1,7,5,5,5,5,1,1,3
2024,9,17,11,18,6,12,3,2,9,1,35,29,6,35,35,4,31,16,5,4,1,5,4,6,6,6,4,6,3
2024,9,18,0,18,7,10,5,4,16,4,36,29,7,36,36,2,34,22,2,9,5,9,2,1,1,1,3,5,5
2024,9,18,1,18,11,12,4,5,17,2,42,31,11,42,42,6,36,27,5,5,6,8,6,2,2,2,3,6,4
2024,9,18,2,18,3,8,1,1,12,3,25,22,3,25,25,2,23,14,1,8,2,6,2,3,3,3,3,4,1
2024,9,18,3,18,10,10,3,5,14,5,39,29,10,39,39,3,36,24,5,6,5,6,3,4,4,4,3,5,3
2024,9,18,4,18,9,6,6,1,20,5,43,34,9,43,43,6,37,26,5,10,4,6,6,6,6,6,2,3,6
2024,9,18,5,18,6,2,6,5,15,4,35,29,6,35,35,6,29,23,3,6,3,7,6,2,2,2,3,1,6
2024,9,18,6,18,6,6,5,2,11,4,29,23,6,29,29,1,28,15,2,6,4,4,1,5,5,5,1,3,5
2024,9,18,7,18,6,2,3,1,17,3,30,24,6,30,30,6,24,22,4,9,2,7,6,1,1,1,3,1,3
2024,9,18,8,18,7,8,2,3,8,1,29,22,7,29,29,3,26,17,6,4,1,6,3,4,4,4,2,4,2
2024,9,18,9,18,6,6,2,2,21,6,37,31,6,37,37,6,31,25,2,11,4,7,6,6,6,6,1,3,2
2024,9,18,10,18,9,10,3,1,13,2,32,23,9,32,32,2,30,18,4,6,5,5,2,5,5,5,1,5,3
2024,9,18,11,18,11,8,4,3,11,2,37,26,11,37,37,3,34,20,6,3,5,4,3,4,4,4,5,4,4
2024,9,19,0,18,5,10,3,3,20,6,42,37,5,42,42,5,37,25,2,12,3,9,5,4,4,4,5,5,3
2024,9,19,1,18,8,8,4,4,14,3,39,31,8,39,39,3,36,22,4,7,4,8,3,3,3,3,6,4,4
2024,9,19,2,18,7,4,5,4,11,1,31,24,7,31,31,4,27,20,5,5,2,8,4,3,3,3,1,2,5
2024,9,19,3,18,5,2,2,5,10,1,26,21,5,26,26,5,21,17,2,2,3,6,5,4,4,4,2,1,2
2024,9,19,4,18,9,4,2,1,18,5,36,27,9,36,36,3,33,24,5,11,4,7,3,6,6,6,2,2,2
2024,9,19,5,18,4,10,5,6,10,2,39,35,4,39,39,5,34,19,3,4,1,8,5,5,5,5,5,5,5
2024,9,19,6,18,7,2,2,2,22,5,34,27,7,34,34,5,29,25,1,11,6,8,5,4,4,4,2,1,2
2024,9,19,7,18,6,4,3,3,16,3,30,24,6,30,30,4,26,22,3,9,3,9,4,2,2,2,1,2,3
2024,9,19,8,18,4,10,3,3,16,6,33,29,4,33,33,1,32,20,1,12,3,9,1,2,2,2,3,5,3
2024,9,19,9,18,10,12,3,1,22,5,47,37,10,47,47,5,42,27,4,11,6,7,5,6,6,6,5,6,3
2024,9,19,10,18,9,10,6,6,12,2,37,28,9,37,37,5,32,23,5,3,4,7,5,1,1,1,2,5,6
2024,9,19,11,18,3,10,3,1,16,4,35,32,3,35,35,6,29,19,2,9,1,6,6,6,6,6,2,5,3
2024,9,20,0,18,12,2,3,2,18,2,36,24,12,36,36,6,30,26,6,6,6,6,6,5,5,5,1,1,3
2024,9,20,1,18,9,8,5,4,15,4,39,30,9,39,39,3,36,25,6,9,3,9,3,3,3,3,2,4,5
2024,9,20,2,18,10,8,1,4,19,4,36,26,10,36,36,6,30,28,5,8,5,8,6,2,2,2,1,4,1
2024,9,20,3,18,4,2,2,1,15,5,27,23,4,27,27,3,24,19,3,11,1,7,3,3,3,3,2,1,2
2024,9,20,4,18,8,8,6,3,14,1,36,28,8,36,36,4,32,22,5,7,3,9,4,2,2,2,2,4,6
2024,9,20,5,18,7,4,3,1,12,2,30,23,7,30,30,6,24,18,5,4,2,3,6,1,1,1,6,2,3
2024,9,20,6,18,3,4,5,5,16,2,41,38,3,41,41,6,35,22,1,8,2,11,6,6,6,6,6,2,5
2024,9,20,7,18,9,4,3,2,12,4,31,22,9,31,31,1,30,19,5,7,4,5,1,5,5,5,2,2,3
2024,9,20,8,18,10,4,1,4,15,3,33,23,10,33,33,1,32,23,4,8,6,9,1,2,2,2,5,2,1
2024,9,20,9,18,5,10,1,1,18,6,33,28,5,33,33,3,30,21,2,12,3,7,3,4,4,4,2,5,1
2024,9,20,10,18,11,12,5,5,20,6,46,35,11,46,46,4,42,30,5,10,6,9,4,2,2,2,3,6,5
2024,9,20,11,18,11,10,3,6,15,5,42,31,11,42,42,1,41,27,6,9,5,10,1,5,5,5,2,5,3
2024,9,21,0,18,10,6,2,3,15,6,34,24,10,34,34,1,33,24,6,10,4,7,1,3,3,3,2,3,2
2024,9,21,1,18,3,2,5,5,12,4,32,29,3,32,32,6,26,19,2,5,1,6,6,6,6,6,1,1,5
2024,9,21,2,18,6,2,2,6,9,2,29,23,6,29,29,5,24,20,5,3,1,7,5,4,4,4,2,1,2
2024,9,21,3,18,6,4,5,3,16,4,32,26,6,32,32,3,29,22,3,10,3,9,3,2,2,2,1,2,5
2024,9,21,4,18,9,2,6,3,12,4,37,28,9,37,37,3,34,21,6,6,3,5,3,3,3,3,6,1,6
2024,9,21,5,18,6,12,1,5,14,6,36,30,6,36,36,6,30,24,5,7,1,6,6,2,2,2,3,6,1
2024,9,21,6,18,4,2,6,3,14,6,34,30,4,34,34,1,33,20,3,12,1,9,1,5,5,5,2,1,6
2024,9,21,7,18,3,8,2,3,12,6,28,25,3,28,28,3,25,16,1,7,2,4,3,3,3,3,3,4,2
2024,9,21,8,18,5,2,5,1,17,6,33,28,5,33,33,6,27,20,2,8,3,3,6,5,5,5,2,1,5
2024,9,21,9,18,11,6,5,6,17,4,44,33,11,44,44,1,43,28,5,10,6,12,1,6,6,6,2,3,5
2024,9,21,10,18,5,8,5,2,15,4,30,25,5,30,30,1,29,18,1,10,4,8,1,2,2,2,1,4,5
2024,9,21,11,18,7,2,3,6,13,4,38,31,7,38,38,6,32,24,5,5,2,7,6,4,4,4,6,1,3
2024,9,22,0,19,3,4,4,2,9,1,20,17,3,20,20,3,17,12,1,4,2,5,3,1,1,1,1,2,4
2024,9,22,1,19,5,10,6,3,15,6,37,32,5,37,37,4,33,19,1,7,4,4,4,6,6,6,1,5,6
2024,9,22,2,19,9,10,4,3,12,2,37,28,9,37,37,6,31,21,6,3,3,4,6,6,6,6,1,5,4
2024,9,22,3,19,6,4,4,5,20,3,38,32,6,38,38,6,32,26,1,9,5,11,6,1,1,1,5,2,4
2024,9,22,4,19,7,4,3,3,11,2,29,22,7,29,29,1,28,16,2,5,5,6,1,4,4,4,4,2,3
2024,9,22,5,19,7,10,3,6,12,5,39,32,7,39,39,1,38,21,3,7,4,8,1,5,5,5,5,5,3
2024,9,22,6,19,6,10,4,2,15,6,40,34,6,40,40,4,36,20,3,8,3,4,4,5,5,5,6,5,4
2024,9,22,7,19,7,6,5,5,13,1,34,27,7,34,34,5,29,20,2,3,5,7,5,1,1,1,5,3,5
2024,9,22,8,19,12,6,3,5,14,1,34,22,12,34,34,4,30,25,6,4,6,8,4,2,2,2,1,3,3
2024,9,22,9,19,4,6,1,3,11,6,24,20,4,24,24,1,23,15,1,7,3,4,1,1,1,1,4,3,1
2024,9,22,10,19,11,2,5,3,17,5,43,32,11,43,43,3,40,26,6,9,5,7,3,6,6,6,5,1,5
2024,9,22,11,19,6,2,2,3,13,1,28,22,6,28,28,5,23,19,3,5,3,7,5,1,1,1,5,1,2
2024,9,23,0,19,6,4,4,6,16,6,36,30,6,36,36,1,35,24,2,11,4,11,1,1,1,1,5,2,4
2024,9,23,1,19,10,12,6,6,13,6,48,38,10,48,48,2,46,25,6,7,4,7,2,5,5,5,6,6,6
2024,9,23,2,19,5,2,1,4,13,2,24,19,5,24,24,4,20,18,1,5,4,7,4,3,3,3,1,1,1
2024,9,23,3,19,3,10,4,3,16,5,35,32,3,35,35,5,30,21,2,10,1,8,5,3,3,3,2,5,4
2024,9,23,4,19,12,2,2,5,20,4,40,28,12,40,40,4,36,31,6,10,6,11,4,4,4,4,2,1,2
2024,9,23,5,19,8,12,1,4,16,4,34,26,8,34,34,4,30,24,4,8,4,8,4,1,1,1,2,6,1
2024,9,23,6,19,2,10,2,2,10,2,28,26,2,28,28,1,27,13,1,8,1,8,1,3,3,3,5,5,2
2024,9,23,7,19,7,2,4,5,11,3,28,21,7,28,28,1,27,21,5,8,2,10,1,1,1,1,1,1,4
2024,9,23,8,19,7,4,1,2,13,4,27,20,7,27,27,1,26,16,1,6,6,4,1,3,3,3,5,2,1
2024,9,23,9,19,6,10,6,1,13,1,36,30,6,36,36,1,35,15,1,7,5,7,1,5,5,5,5,5,6
2024,9,23,10,19,6,4,2,6,15,5,35,29,6,35,35,5,30,24,3,7,3,8,5,3,3,3,4,2,2
2024,9,23,11,19,11,12,3,1,16,2,38,27,11,38,38,5,33,23,6,6,5,5,5,3,3,3,3,6,3
2024,9,24,0,19,7,2,1,2,18,2,36,29,7,36,36,6,30,23,3,8,4,8,6,6,6,6,5,1,1
2024,9,24,1,19,3,10,5,6,7,2,36,33,3,36,36,1,35,15,2,5,1,9,1,6,6,6,5,5,5
2024,9,24,2,19,5,8,2,3,9,3,31,26,5,31,31,2,29,14,2,4,3,4,2,6,6,6,5,4,2
2024,9,24,3,19,7,8,4,2,8,3,31,24,7,31,31,1,30,15,5,5,2,4,1,6,6,6,2,4,4
2024,9,24,4,19,6,2,5,4,15,3,34,28,6,34,34,5,29,21,2,6,4,7,5,6,6,6,1,1,5
2024,9,24,5,19,8,6,6,3,13,4,33,25,8,33,33,2,31,22,6,9,2,8,2,1,1,1,1,3,6
2024,9,24,6,19,2,4,6,6,8,1,30,28,2,30,30,3,27,15,1,4,1,9,3,2,2,2,5,2,6
2024,9,24,7,19,9,4,2,1,15,5,32,23,9,32,32,2,30,22,6,10,3,6,2,5,5,5,1,2,2
2024,9,24,8,19,9,4,5,5,18,4,43,34,9,43,43,6,37,28,5,8,4,9,6,4,4,4,4,2,5
2024,9,24,9,19,4,4,5,6,11,2,34,30,4,34,34,4,30,20,3,6,1,10,4,5,5,5,2,2,5
2024,9,24,10,19,4,12,1,6,14,3,40,36,4,40,40,5,35,23,3,8,1,11,5,6,6,6,4,6,1
2024,9,24,11,19,10,6,2,5,17,4,39,29,10,39,39,6,33,27,5,6,5,7,6,2,2,2,5,3,2
2024,9,25,0,19,11,8,1,3,21,6,40,29,11,40,40,4,36,29,5,11,6,8,4,5,5,5,1,4,1
2024,9,25,1,19,5,10,6,2,17,4,44,39,5,44,44,5,39,22,3,10,2,8,5,5,5,5,6,5,6
2024,9,25,2,19,5,8,4,1,16,5,33,28,5,33,33,2,31,19,2,11,3,7,2,2,2,2,4,4,4
2024,9,25,3,19,4,6,2,6,15,3,34,30,4,34,34,6,28,24,3,8,1,11,6,3,3,3,2,3,2
2024,9,25,4,19,8,4,4,6,11,3,34,26,8,34,34,1,33,21,4,6,4,9,1,6,6,6,1,2,4
2024,9,25,5,19,7,2,3,1,16,2,33,26,7,33,33,6,27,18,1,4,6,3,6,5,5,5,6,1,3
2024,9,25,6,19,4,2,5,5,12,3,36,32,4,36,36,6,30,20,3,5,1,7,6,4,4,4,6,1,5
2024,9,25,7,19,7,4,3,1,14,3,24,17,7,24,24,5,19,17,2,4,5,2,5,1,1,1,1,2,3
2024,9,25,8,19,6,12,4,6,10,5,38,32,6,38,38,1,37,19,3,6,3,7,1,6,6,6,3,6,4
2024,9,25,9,19,5,2,3,1,16,2,30,25,5,30,30,6,24,18,1,6,4,5,6,2,2,2,6,1,3
2024,9,25,10,19,5,8,6,2,13,3,35,30,5,35,35,3,32,16,1,6,4,5,3,5,5,5,4,4,6
2024,9,25,11,19,7,2,1,5,16,3,32,25,7,32,32,5,27,23,2,6,5,8,5,2,2,2,5,1,1
2024,9,26,0,19,9,12,5,1,20,4,45,36,9,45,45,6,39,25,4,9,5,6,6,5,5,5,4,6,5
2024,9,26,1,19,2,4,6,4,12,3,32,30,2,32,32,6,26,17,1,5,1,6,6,2,2,2,5,2,6
2024,9,26,2,19,7,12,5,3,15,3,39,32,7,39,39,6,33,20,2,4,5,4,6,6,6,6,2,6,5
2024,9,26,3,19,2,4,3,1,10,2,23,21,2,23,23,4,19,12,1,5,1,4,4,2,2,2,4,2,3
2024,9,26,4,19,8,4,1,1,14,4,27,19,8,27,27,2,25,18,3,7,5,4,2,4,4,4,2,2,1
2024,9,26,5,19,8,2,5,1,12,4,27,19,8,27,27,1,26,17,4,7,4,4,1,2,2,2,2,1,5
2024,9,26,6,19,9,12,3,2,15,5,39,30,9,39,39,4,35,23,6,8,3,5,4,5,5,5,2,6,3
2024,9,26,7,19,3,6,1,6,19,6,41,38,3,41,41,5,36,26,1,12,2,12,5,6,6,6,5,3,1
2024,9,26,8,19,8,8,4,4,13,3,34,26,8,34,34,3,31,22,5,7,3,8,3,1,1,1,3,4,4
2024,9,26,9,19,4,12,1,4,16,4,37,33,4,37,37,5,32,23,3,10,1,10,5,6,6,6,1,6,1
2024,9,26,10,19,7,12,4,4,15,1,37,30,7,37,37,6,31,20,1,3,6,6,6,3,3,3,4,6,4
2024,9,26,11,19,7,12,6,5,23,6,47,40,7,47,47,6,41,29,1,11,6,10,6,3,3,3,3,6,6
2024,9,27,0,19,3,10,3,2,17,5,39,36,3,39,39,6,33,20,1,9,2,6,6,6,6,6,5,5,3
2024,9,27,1,19,5,6,2,1,12,3,28,23,5,28,28,5,23,16,3,5,2,3,5,6,6,6,1,3,2
2024,9,27,2,19,10,10,5,1,11,2,30,20,10,30,30,4,26,18,6,3,4,2,4,1,1,1,1,5,5
2024,9,27,3,19,8,10,4,6,15,2,37,29,8,37,37,2,35,24,3,8,5,12,2,1,1,1,3,5,4
2024,9,27,4,19,10,8,5,1,16,5,36,26,10,36,36,2,34,23,6,10,4,6,2,3,3,3,1,4,5
2024,9,27,5,19,8,10,3,2,14,3,32,24,8,32,32,5,27,20,4,5,4,4,5,2,2,2,2,5,3
2024,9,27,6,19,9,8,6,1,14,6,37,28,9,37,37,1,36,18,3,7,6,2,1,4,4,4,5,4,6
2024,9,27,7,19,8,12,5,5,18,5,42,34,8,42,42,1,41,25,2,11,6,11,1,2,2,2,4,6,5
2024,9,27,8,19,9,8,6,1,12,2,32,23,9,32,32,3,29,18,5,5,4,4,3,2,2,2,2,4,6
2024,9,27,9,19,12,10,6,4,20,6,43,31,12,43,43,3,40,30,6,11,6,9,3,1,1,1,1,5,6
2024,9,27,10,19,5,4,4,6,16,4,41,36,5,41,41,6,35,23,1,6,4,8,6,6,6,6,6,2,4
2024,9,27,11,19,8,8,6,2,10,4,38,30,8,38,38,1,37,18,6,7,2,5,1,5,5,5,5,4,6
2024,9,28,0,19,10,12,3,1,16,4,39,29,10,39,39,6,33,22,5,5,5,2,6,4,4,4,4,6,3
2024,9,28,1,19,4,8,6,2,17,6,37,33,4,37,37,4,33,20,1,10,3,6,4,4,4,4,3,4,6
2024,9,28,2,19,9,10,3,1,18,5,35,26,9,35,35,5,30,22,3,7,6,3,5,3,3,3,2,5,3
2024,9,28,3,19,4,2,1,6,12,4,28,24,4,28,28,2,26,19,1,7,3,9,2,2,2,2,5,1,1
2024,9,28,4,19,6,10,4,4,8,1,29,23,6,29,29,1,28,15,3,4,3,7,1,2,2,2,3,5,4
2024,9,28,5,19,6,12,2,6,20,4,45,39,6,45,45,5,40,27,1,10,5,12,5,5,5,5,5,6,2
2024,9,28,6,19,7,2,4,1,17,6,28,21,7,28,28,4,24,19,1,7,6,2,4,1,1,1,3,1,4
2024,9,28,7,19,9,6,3,3,14,5,34,25,9,34,34,4,30,22,5,6,4,4,4,4,4,4,2,3,3
2024,9,28,8,19,8,4,1,6,14,1,33,25,8,33,33,1,32,22,2,7,6,12,1,4,4,4,4,2,1
2024,9,28,9,19,2,8,2,3,11,2,26,24,2,26,26,4,22,15,1,6,1,7,4,4,4,4,1,4,2
2024,9,28,10,19,6,4,1,1,14,1,26,20,6,26,26,3,23,16,1,6,5,6,3,4,4,4,3,2,1
2024,9,28,11,19,8,4,4,3,14,2,36,28,8,36,36,3,33,21,4,7,4,8,3,3,3,3,6,2,4
2024,9,29,0,20,7,8,2,2,14,5,34,27,7,34,34,4,30,19,3,6,4,3,4,4,4,4,5,4,2
2024,9,29,1,20,4,8,1,3,18,5,31,27,4,31,31,4,27,22,1,11,3,9,4,1,1,1,3,4,1
2024,9,29,2,20,11,4,5,1,14,1,35,24,11,35,35,5,30,21,6,4,5,4,5,2,2,2,5,2,5
2024,9,29,3,20,6,8,3,6,12,5,38,32,6,38,38,2,36,23,5,9,1,10,2,6,6,6,2,4,3
2024,9,29,4,20,3,6,4,3,14,5,30,27,3,30,30,1,29,18,1,11,2,9,1,4,4,4,1,3,4
2024,9,29,5,20,8,2,3,3,11,4,29,21,8,29,29,2,27,19,5,6,3,5,2,4,4,4,2,1,3
2024,9,29,6,20,8,6,6,6,11,3,35,27,8,35,35,2,33,21,4,5,4,8,2,4,4,4,1,3,6
2024,9,29,7,20,2,4,4,1,9,5,24,22,2,24,24,1,23,11,1,7,1,3,1,2,2,2,5,2,4
2024,9,29,8,20,10,2,5,6,13,4,38,28,10,38,38,2,36,23,4,5,6,7,2,6,6,6,3,1,5
2024,9,29,9,20,5,8,6,6,10,5,35,30,5,35,35,3,32,20,4,6,1,7,3,3,3,3,2,4,6
2024,9,29,10,20,9,6,1,5,13,1,32,23,9,32,32,4,28,22,4,4,5,8,4,5,5,5,1,3,1
2024,9,29,11,20,8,12,5,2,14,1,43,35,8,43,43,6,37,20,4,4,4,5,6,6,6,6,6,6,5
2024,9,30,0,20,7,12,5,6,10,4,38,31,7,38,38,1,37,20,4,6,3,8,1,3,3,3,4,6,5
2024,9,30,1,20,8,12,6,5,14,4,42,34,8,42,42,2,40,21,2,6,6,7,2,6,6,6,3,6,6
2024,9,30,2,20,7,4,4,3,12,3,33,26,7,33,33,1,32,19,4,8,3,8,1,4,4,4,4,2,4
2024,9,30,3,20,5,2,1,4,10,1,22,17,5,22,22,2,20,15,1,4,4,7,2,3,3,3,2,1,1
2024,9,30,4,20,6,2,3,5,12,1,33,27,6,33,33,5,28,18,1,2,5,6,5,6,6,6,5,1,3
2024,9,30,5,20,7,8,3,6,15,1,37,30,7,37,37,3,34,22,1,6,6,11,3,6,6,6,2,4,3
2024,9,30,6,20,9,8,3,6,9,1,40,31,9,40,40,1,39,21,6,5,3,10,1,6,6,6,6,4,3
2024,9,30,7,20,8,12,3,2,16,6,41,33,8,41,41,4,37,23,5,9,3,5,4,3,3,3,6,6,3
2024,9,30,8,20,8,2,4,1,17,2,37,29,8,37,37,6,31,22,4,7,4,6,6,6,6,6,4,1,4
2024,9,30,9,20,10,10,3,4,21,4,44,34,10,44,44,6,38,30,5,10,5,10,6,4,4,4,2,5,3
2024,9,30,10,20,8,12,6,4,15,2,45,37,8,45,45,4,41,22,3,6,5,8,4,6,6,6,5,6,6
2024,9,30,11,20,5,10,2,5,9,2,32,27,5,32,32,3,29,18,4,5,1,8,3,1,1,1,6,5,2
2024,10,1,0,21,10,6,2,4,17,6,41,31,10,41,41,2,39,26,5,10,5,8,2,5,5,5,5,3,2
2024,10,1,1,21,5,2,4,3,13,3,33,28,5,33,33,2,31,17,1,7,4,7,2,6,6,6,5,1,4
2024,10,1,2,21,10,8,6,1,11,2,38,28,10,38,38,2,36,16,4,3,6,2,2,6,6,6,6,4,6
2024,10,1,3,21,8,8,2,2,13,5,31,23,8,31,31,1,30,18,3,7,5,4,1,4,4,4,3,4,2
2024,10,1,4,21,7,10,1,2,14,2,32,25,7,32,32,4,28,18,2,5,5,5,4,2,2,2,6,5,1
2024,10,1,5,21,8,2,1,1,22,6,31,23,8,31,31,5,26,25,2,11,6,6,5,2,2,2,2,1,1
2024,10,1,6,21,4,8,2,1,14,6,26,22,4,26,26,5,21,17,2,7,2,2,5,1,1,1,2,4,2
2024,10,1,7,21,5,8,4,6,12,1,34,29,5,34,34,3,31,21,3,7,2,12,3,2,2,2,3,4,4
2024,10,1,8,21,11,12,6,6,16,2,46,35,11,46,46,3,43,27,5,7,6,11,3,3,3,3,4,6,6
2024,10,1,9,21,8,2,6,6,14,4,41,33,8,41,41,4,37,25,5,7,3,9,4,4,4,4,5,1,6
2024,10,1,10,21,4,10,2,6,18,6,41,37,4,41,41,6,35,25,1,9,3,9,6,5,5,5,4,5,2
2024,10,1,11,21,5,12,4,6,17,5,46,41,5,46,46,6,40,27,4,10,1,11,6,5,5,5,4,6,4
2024,10,2,0,21,7,2,1,1,15,5,28,21,7,28,28,4,24,20,4,8,3,4,4,4,4,4,2,1,1
2024,10,2,1,21,12,10,3,2,15,6,38,26,12,38,38,2,36,23,6,7,6,3,2,2,2,2,5,5,3
2024,10,2,2,21,11,10,2,2,14,5,39,28,11,39,39,3,36,22,6,6,5,3,3,5,5,5,5,5,2
2024,10,2,3,21,4,10,5,3,12,3,40,36,4,40,40,5,35,18,3,6,1,6,5,6,6,6,6,5,5
2024,10,2,4,21,7,4,1,3,14,3,35,28,7,35,35,6,29,23,6,7,1,7,6,6,6,6,3,2,1
2024,10,2,5,21,5,8,6,1,11,4,30,25,5,30,30,4,26,15,3,5,2,2,4,1,1,1,4,4,6
2024,10,2,6,21,7,12,3,2,14,6,40,33,7,40,40,1,39,22,6,12,1,8,1,3,3,3,6,6,3
2024,10,2,7,21,7,8,1,4,16,4,36,29,7,36,36,3,33,21,1,7,6,7,3,6,6,6,4,4,1
2024,10,2,8,21,8,10,2,1,13,6,34,26,8,34,34,4,30,20,6,7,2,2,4,6,6,6,1,5,2
2024,10,2,9,21,9,4,6,3,13,3,38,29,9,38,38,3,35,21,5,6,4,6,3,3,3,3,6,2,6
2024,10,2,10,21,7,2,4,5,19,6,41,34,7,41,41,5,36,29,5,12,2,11,5,2,2,2,5,1,4
2024,10,2,11,21,11,8,4,3,18,4,42,31,11,42,42,6,36,26,5,6,6,5,6,4,4,4,4,4,4
2024,10,3,0,21,3,8,6,1,15,6,31,28,3,31,31,4,27,17,1,9,2,4,4,1,1,1,3,4,6
2024,10,3,1,21,10,2,3,5,17,2,39,29,10,39,39,6,33,26,4,5,6,8,6,3,3,3,6,1,3
2024,10,3,2,21,7,6,1,5,10,2,28,21,7,28,28,5,23,20,5,3,2,6,5,2,2,2,2,3,1
2024,10,3,3,21,10,8,1,1,16,3,31,21,10,31,31,6,25,21,4,4,6,2,6,2,2,2,3,4,1
2024,10,3,4,21,6,6,1,3,11,3,27,21,6,27,27,4,23,17,3,4,3,4,4,2,2,2,4,3,1
2024,10,3,5,21,5,12,2,5,18,6,42,37,5,42,42,5,37,25,2,10,3,9,5,6,6,6,3,6,2
2024,10,3,6,21,8,8,4,2,14,1,34,26,8,34,34,6,28,21,5,5,3,6,6,2,2,2,3,4,4
2024,10,3,7,21,5,2,3,6,10,2,26,21,5,26,26,3,23,19,3,5,2,9,3,2,2,2,1,1,3
2024,10,3,8,21,6,6,4,2,18,6,36,30,6,36,36,5,31,23,3,10,3,6,5,4,4,4,2,3,4
2024,10,3,9,21,5,6,6,4,9,6,35,30,5,35,35,1,34,17,4,7,1,5,1,4,4,4,5,3,6
2024,10,3,10,21,9,4,2,2,11,3,25,16,9,25,25,2,23,17,4,4,5,3,2,2,2,2,2,2,2
2024,10,3,11,21,7,6,2,4,18,3,35,28,7,35,35,6,29,24,2,7,5,8,6,1,1,1,5,3,2
2024,10,4,0,21,8,8,5,2,12,1,31,23,8,31,31,3,28,16,2,3,6,4,3,5,5,5,1,4,5
2024,10,4,1,21,11,2,3,1,16,5,34,23,11,34,34,1,33,23,6,10,5,6,1,2,2,2,5,1,3
2024,10,4,2,21,10,8,6,2,14,1,43,33,10,43,43,4,39,22,6,6,4,7,4,5,5,5,6,4,6
2024,10,4,3,21,6,2,3,2,15,5,35,29,6,35,35,4,31,21,4,9,2,6,4,4,4,4,6,1,3
2024,10,4,4,21,7,4,1,4,16,4,32,25,7,32,32,1,31,21,1,9,6,9,1,4,4,4,4,2,1
2024,10,4,5,21,5,10,3,6,13,6,37,32,5,37,37,4,33,22,3,7,2,7,4,4,4,4,3,5,3
2024,10,4,6,21,5,4,1,2,15,3,30,25,5,30,30,5,25,21,4,9,1,8,5,5,5,5,1,2,1
2024,10,4,7,21,4,6,4,4,14,5,29,25,4,29,29,1,28,19,1,10,3,9,1,2,2,2,1,3,4
2024,10,4,8,21,6,12,2,6,12,3,34,28,6,34,34,2,32,22,4,8,2,11,2,3,3,3,1,6,2
2024,10,4,9,21,9,4,2,6,18,4,38,29,9,38,38,3,35,28,4,10,5,12,3,5,5,5,1,2,2
2024,10,4,10,21,3,4,6,6,10,3,28,25,3,28,28,1,27,17,1,7,2,10,1,2,2,2,1,2,6
2024,10,4,11,21,6,6,5,4,16,2,37,31,6,37,37,6,31,22,2,6,4,8,6,6,6,6,1,3,5
2024,10,5,0,21,3,12,2,5,9,2,31,28,3,31,31,1,30,16,2,7,1,10,1,2,2,2,5,6,2
2024,10,5,1,21,5,10,5,5,15,5,39,34,5,39,39,1,38,21,1,10,4,10,1,6,6,6,2,5,5
2024,10,5,2,21,3,4,2,4,15,2,27,24,3,27,27,5,22,20,1,8,2,10,5,1,1,1,2,2,2
2024,10,5,3,21,4,10,4,2,10,2,30,26,4,30,30,1,29,14,2,7,2,7,1,4,4,4,3,5,4
2024,10,5,4,21,7,6,6,4,14,4,41,34,7,41,41,4,37,23,5,8,2,8,4,6,6,6,3,3,6
2024,10,5,5,21,8,8,3,3,16,5,40,32,8,40,40,3,37,23,4,9,4,7,3,5,5,5,5,4,3
2024,10,5,6,21,6,6,2,2,10,1,29,23,6,29,29,1,28,13,1,4,5,5,1,6,6,6,5,3,2
2024,10,5,7,21,5,6,5,6,11,5,40,35,5,40,40,3,37,20,3,6,2,7,3,6,6,6,6,3,5
2024,10,5,8,21,9,10,3,6,16,6,42,33,9,42,42,5,37,28,6,8,3,8,5,2,2,2,4,5,3
2024,10,5,9,21,8,10,1,3,13,5,38,30,8,38,38,1,37,22,6,10,2,8,1,5,5,5,5,5,1
2024,10,5,10,21,6,2,3,4,15,1,35,29,6,35,35,3,32,20,1,7,5,10,3,5,5,5,6,1,3
2024,10,5,11,21,6,12,4,2,15,3,42,36,6,42,42,5,37,22,5,9,1,8,5,5,5,5,5,6,4
2024,10,6,0,21,3,2,5,2,14,4,29,26,3,29,29,3,26,18,2,10,1,8,3,2,2,2,3,1,5
2024,10,6,1,21,5,8,4,1,15,4,32,27,5,32,32,5,27,20,4,9,1,6,5,3,3,3,1,4,4
2024,10,6,2,21,9,12,2,3,12,2,31,22,9,31,31,2,29,20,5,6,4,7,2,1,1,1,2,6,2
2024,10,6,3,21,12,4,2,2,19,5,38,26,12,38,38,4,34,27,6,9,6,6,4,6,6,6,1,2,2
2024,10,6,4,21,7,12,1,4,12,3,36,29,7,36,36,3,33,22,6,8,1,9,3,2,2,2,5,6,1
2024,10,6,5,21,11,4,6,5,16,6,43,32,11,43,43,1,42,26,5,9,6,8,1,6,6,6,3,2,6
2024,10,6,6,21,4,10,5,3,14,4,39,35,4,39,39,3,36,18,1,8,3,7,3,6,6,6,5,5,5
2024,10,6,7,21,12,2,5,1,13,2,35,23,12,35,35,1,34,20,6,6,6,5,1,4,4,4,5,1,5
2024,10,6,8,21,5,2,6,3,14,4,39,34,5,39,39,5,34,21,4,8,1,7,5,5,5,5,6,1,6
2024,10,6,9,21,9,2,3,3,12,3,29,20,9,29,29,1,28,21,6,8,3,8,1,1,1,1,3,1,3
2024,10,6,10,21,10,12,5,6,17,6,48,38,10,48,48,1,47,27,4,10,6,10,1,4,4,4,6,6,5
2024,10,6,11,21,6,10,5,5,18,4,41,35,6,41,41,4,37,25,2,10,4,11,4,5,5,5,1,5,5
2024,10,7,0,21,7,10,5,2,11,2,35,28,7,35,35,3,32,15,2,3,5,3,3,5,5,5,5,5,5
2024,10,7,1,21,8,8,6,1,15,5,37,29,8,37,37,3,34,20,4,8,4,4,3,2,2,2,5,4,6
2024,10,7,2,21,4,12,5,5,12,1,36,32,4,36,36,5,31,18,1,4,3,8,5,3,3,3,4,6,5
2024,10,7,3,21,7,2,3,3,14,6,33,26,7,33,33,2,31,22,5,10,2,7,2,5,5,5,2,1,3
2024,10,7,4,21,8,6,1,4,11,5,33,25,8,33,33,1,32,19,4,6,4,5,1,6,6,6,4,3,1
2024,10,7,5,21,10,2,5,3,17,6,37,27,10,37,37,6,31,26,6,7,4,4,6,3,3,3,2,1,5
2024,10,7,6,21,10,8,4,3,11,2,34,24,10,34,34,2,32,18,4,3,6,4,2,4,4,4,4,4,4
2024,10,7,7,21,5,12,2,2,19,6,39,34,5,39,39,6,33,24,3,11,2,7,6,6,6,6,1,6,2
2024,10,7,8,21,7,12,5,2,13,2,33,26,7,33,33,2,31,19,4,8,3,8,2,1,1,1,2,6,5
2024,10,7,9,21,7,6,2,3,7,1,27,20,7,27,27,1,26,16,6,5,1,7,1,4,4,4,2,3,2
2024,10,7,10,21,7,6,4,5,13,4,34,27,7,34,34,5,29,24,6,7,1,8,5,2,2,2,1,3,4
2024,10,7,11,21,3,12,1,5,10,4,31,28,3,31,31,4,27,17,2,5,1,6,4,1,1,1,6,6,1
2024,10,8,0,22,5,10,4,1,11,3,31,26,5,31,31,1,30,13,1,6,4,4,1,3,3,3,6,5,4
2024,10,8,1,22,5,10,2,4,11,6,31,26,5,31,31,1,30,19,4,9,1,7,1,1,1,1,4,5,2
2024,10,8,2,22,9,2,5,6,12,1,36,27,9,36,36,5,31,24,6,4,3,9,5,5,5,5,1,1,5
2024,10,8,3,22,8,10,3,1,15,4,32,24,8,32,32,3,29,20,4,8,4,5,3,3,3,3,1,5,3
2024,10,8,4,22,10,2,3,1,16,5,34,24,10,34,34,1,33,23,6,11,4,7,1,6,6,6,1,1,3
2024,10,8,5,22,11,6,2,5,22,5,42,31,11,42,42,6,36,32,5,10,6,10,6,4,4,4,1,3,2
2024,10,8,6,22,6,6,4,3,12,3,28,22,6,28,28,4,24,19,4,6,2,6,4,1,1,1,1,3,4
2024,10,8,7,22,2,8,4,4,13,4,38,36,2,38,38,2,36,18,1,10,1,10,2,6,6,6,6,4,4
2024,10,8,8,22,6,12,2,1,12,1,28,22,6,28,28,6,22,16,3,3,3,3,6,3,3,3,1,6,2
2024,10,8,9,22,8,10,2,1,13,4,32,24,8,32,32,1,31,20,6,10,2,7,1,1,1,1,4,5,2
2024,10,8,10,22,8,10,2,5,12,2,34,26,8,34,34,3,31,19,2,3,6,6,3,2,2,2,6,5,2
2024,10,8,11,22,7,10,2,3,19,2,37,30,7,37,37,6,31,23,1,7,6,8,6,2,2,2,5,5,2
2024,10,9,0,22,6,4,5,5,11,5,39,33,6,39,39,2,37,20,4,7,2,7,2,6,6,6,6,2,5
2024,10,9,1,22,5,4,2,3,9,2,27,22,5,27,27,1,26,16,4,7,1,8,1,4,4,4,3,2,2
2024,10,9,2,22,12,4,5,3,18,4,43,31,12,43,43,4,39,27,6,8,6,7,4,5,5,5,4,2,5
2024,10,9,3,22,8,4,2,1,12,4,28,20,8,28,28,4,24,19,6,6,2,3,4,3,3,3,2,2,2
2024,10,9,4,22,11,8,4,6,15,6,42,31,11,42,42,2,40,27,6,8,5,8,2,1,1,1,6,4,4
2024,10,9,5,22,6,12,4,3,18,6,40,34,6,40,40,3,37,23,2,11,4,8,3,3,3,3,4,6,4
2024,10,9,6,22,9,6,4,3,12,2,37,28,9,37,37,1,36,20,5,7,4,8,1,4,4,4,6,3,4
2024,10,9,7,22,6,2,4,5,14,2,31,25,6,31,31,5,26,20,1,4,5,7,5,1,1,1,5,1,4
2024,10,9,8,22,5,6,4,5,8,1,29,24,5,29,29,1,28,14,1,3,4,7,1,6,6,6,2,3,4
2024,10,9,9,22,5,6,1,5,14,6,31,26,5,31,31,1,30,23,4,12,1,11,1,3,3,3,1,3,1
2024,10,9,10,22,8,12,1,5,11,3,38,30,8,38,38,2,36,22,6,7,2,9,2,6,6,6,3,6,1
2024,10,9,11,22,3,12,2,6,11,2,32,29,3,32,32,3,29,18,1,6,2,10,3,2,2,2,4,6,2
2024,10,10,0,22,9,6,1,4,15,3,33,24,9,33,33,5,28,24,5,6,4,7,5,4,4,4,1,3,1
2024,10,10,1,22,2,4,1,4,12,2,26,24,2,26,26,3,23,17,1,8,1,10,3,2,2,2,4,2,1
2024,10,10,2,22,11,6,2,4,16,3,39,28,11,39,39,4,35,25,5,6,6,7,4,5,5,5,4,3,2
2024,10,10,3,22,9,2,4,3,12,3,34,25,9,34,34,4,30,21,6,5,3,5,4,3,3,3,5,1,4
2024,10,10,4,22,9,4,3,5,16,2,36,27,9,36,36,5,31,27,6,8,3,11,5,3,3,3,1,2,3
2024,10,10,5,22,8,2,6,4,10,2,37,29,8,37,37,1,36,18,4,5,4,7,1,6,6,6,6,1,6
2024,10,10,6,22,6,6,5,1,14,2,32,26,6,32,32,6,26,19,4,6,2,5,6,1,1,1,4,3,5
2024,10,10,7,22,6,8,2,4,18,6,41,35,6,41,41,5,36,27,5,12,1,10,5,2,2,2,6,4,2
2024,10,10,8,22,8,12,2,1,17,4,37,29,8,37,37,6,31,20,2,5,6,2,6,4,4,4,5,6,2
2024,10,10,9,22,12,2,2,2,16,3,32,20,12,32,32,6,26,24,6,4,6,3,6,1,1,1,4,1,2
2024,10,10,10,22,5,2,5,5,12,2,31,26,5,31,31,3,28,18,1,5,4,8,3,3,3,3,4,1,5
2024,10,10,11,22,10,8,2,6,18,1,42,32,10,42,42,6,36,28,4,6,6,11,6,3,3,3,5,4,2
2024,10,11,0,22,7,6,1,3,16,6,37,30,7,37,37,5,32,22,3,7,4,4,5,6,6,6,5,3,1
2024,10,11,1,22,7,2,3,6,12,2,36,29,7,36,36,5,31,23,5,5,2,9,5,6,6,6,3,1,3
2024,10,11,2,22,7,2,4,2,10,2,26,19,7,26,26,4,22,18,6,5,1,5,4,1,1,1,2,1,4
2024,10,11,3,22,7,2,1,5,8,4,26,19,7,26,26,1,25,19,6,6,1,7,1,4,4,4,1,1,1
2024,10,11,4,22,6,6,4,4,8,3,29,23,6,29,29,3,26,17,5,4,1,5,3,1,1,1,4,3,4
2024,10,11,5,22,11,2,2,1,18,6,34,23,11,34,34,5,29,24,5,7,6,2,5,1,1,1,6,1,2
2024,10,11,6,22,11,6,1,1,17,6,35,24,11,35,35,2,33,23,5,9,6,4,2,4,4,4,4,3,1
2024,10,11,7,22,7,8,1,6,15,5,33,26,7,33,33,4,29,26,5,9,2,10,4,1,1,1,1,4,1
2024,10,11,8,22,10,6,6,6,12,1,41,31,10,41,41,1,40,23,5,6,5,11,1,5,5,5,4,3,6
2024,10,11,9,22,5,4,1,1,18,6,27,22,5,27,27,2,25,20,1,12,4,7,2,2,2,2,2,2,1
2024,10,11,10,22,8,2,2,6,23,6,38,30,8,38,38,6,32,32,3,12,5,12,6,1,1,1,2,1,2
2024,10,11,11,22,7,4,3,5,15,3,37,30,7,37,37,4,33,24,4,8,3,10,4,3,3,3,5,2,3
2024,10,12,0,22,11,8,4,1,13,1,34,23,11,34,34,2,32,19,5,5,6,5,2,2,2,2,5,4,4
2024,10,12,1,22,9,10,1,5,15,4,41,32,9,41,41,2,39,25,5,9,4,10,2,6,6,6,4,5,1
2024,10,12,2,22,10,2,1,2,15,2,28,18,10,28,28,4,24,21,4,5,6,5,4,4,4,4,1,1,1
2024,10,12,3,22,11,8,5,2,16,1,39,28,11,39,39,3,36,23,5,7,6,8,3,3,3,3,4,4,5
2024,10,12,4,22,11,6,3,1,23,6,42,31,11,42,42,5,37,29,5,12,6,7,5,1,1,1,6,3,3
2024,10,12,5,22,4,4,3,5,13,5,35,31,4,35,35,2,33,20,2,9,2,9,2,4,4,4,6,2,3
2024,10,12,6,22,7,6,1,1,11,2,23,16,7,23,23,1,22,13,1,4,6,3,1,1,1,1,5,3,1
2024,10,12,7,22,6,8,3,3,13,2,33,27,6,33,33,5,28,19,3,5,3,6,5,3,3,3,4,4,3
2024,10,12,8,22,7,6,6,6,13,2,35,28,7,35,35,1,34,21,2,7,5,11,1,4,4,4,1,3,6
2024,10,12,9,22,7,2,4,6,14,5,33,26,7,33,33,2,31,21,1,6,6,7,2,6,6,6,1,1,4
2024,10,12,10,22,7,6,2,3,10,3,26,19,7,26,26,2,24,18,5,6,2,6,2,2,2,2,1,3,2
2024,10,12,11,22,5,10,5,4,10,1,36,31,5,36,36,3,33,16,2,4,3,7,3,6,6,6,4,5,5
2024,10,13,0,22,10,6,3,6,18,6,46,36,10,46,46,5,41,30,6,9,4,9,5,6,6,6,4,3,3
2024,10,13,1,22,6,2,4,3,14,3,28,22,6,28,28,6,22,20,3,5,3,5,6,1,1,1,2,1,4
2024,10,13,2,22,6,10,4,6,14,1,36,30,6,36,36,5,31,23,3,6,3,11,5,3,3,3,1,5,4
2024,10,13,3,22,12,6,3,3,15,2,40,28,12,40,40,6,34,24,6,3,6,4,6,6,6,6,4,3,3
2024,10,13,4,22,8,4,5,1,17,2,37,29,8,37,37,6,31,22,4,7,4,6,6,3,3,3,5,2,5
2024,10,13,5,22,4,4,3,6,16,5,39,35,4,39,39,6,33,25,3,9,1,10,6,5,5,5,4,2,3
2024,10,13,6,22,4,2,4,2,11,2,26,22,4,26,26,2,24,14,1,6,3,6,2,4,4,4,3,1,4
2024,10,13,7,22,7,2,3,5,15,4,38,31,7,38,38,5,33,26,6,9,1,10,5,3,3,3,5,1,3
2024,10,13,8,22,11,4,1,3,15,3,34,23,11,34,34,5,29,24,6,5,5,5,5,2,2,2,5,2,1
2024,10,13,9,22,6,8,6,1,13,3,35,29,6,35,35,5,30,19,5,7,1,5,5,2,2,2,4,4,6
2024,10,13,10,22,11,8,1,5,17,5,42,31,11,42,42,5,37,28,6,7,5,7,5,3,3,3,6,4,1
2024,10,13,11,22,8,12,5,1,18,2,41,33,8,41,41,4,37,21,2,8,6,7,4,4,4,4,5,6,5
2024,10,14,0,22,7,6,1,4,16,2,34,27,7,34,34,4,30,21,1,6,6,8,4,4,4,4,5,3,1
2024,10,14,1,22,12,10,3,5,16,3,38,26,12,38,38,5,33,27,6,5,6,7,5,1,1,1,2,5,3
2024,10,14,2,22,2,8,4,6,12,4,36,34,2,36,36,1,35,19,1,10,1,12,1,6,6,6,3,4,4
2024,10,14,3,22,6,8,6,4,12,1,33,27,6,33,33,5,28,19,3,4,3,7,5,1,1,1,3,4,6
2024,10,14,4,22,12,8,4,5,15,1,39,27,12,39,39,3,36,26,6,6,6,10,3,4,4,4,1,4,4
2024,10,14,5,22,7,12,5,6,11,5,37,30,7,37,37,1,36,20,3,6,4,7,1,5,5,5,1,6,5
2024,10,14,6,22,12,4,4,5,18,5,42,30,12,42,42,5,37,29,6,7,6,7,5,3,3,3,4,2,4
2024,10,14,7,22,5,12,6,5,17,1,37,32,5,37,37,6,31,23,1,7,4,11,6,1,1,1,1,6,6
2024,10,14,8,22,10,2,1,1,10,1,24,14,10,24,24,1,23,16,5,4,5,4,1,4,4,4,2,1,1
2024,10,14,9,22,11,10,5,3,16,2,42,31,11,42,42,4,38,25,6,7,5,8,4,6,6,6,1,5,5
2024,10,14,10,22,10,8,3,5,13,2,32,22,10,32,32,2,30,22,4,5,6,8,2,1,1,1,2,4,3
2024,10,14,11,22,9,12,5,1,19,6,42,33,9,42,42,4,38,23,3,9,6,4,4,2,2,2,6,6,5
2024,10,15,0,23,4,10,5,1,16,3,36,32,4,36,36,6,30,19,2,8,2,6,6,5,5,5,2,5,5
2024,10,15,1,23,7,4,2,3,10,2,27,20,7,27,27,2,25,17,4,5,3,6,2,4,4,4,2,2,2
2024,10,15,2,23,8,8,4,4,13,2,36,28,8,36,36,6,30,23,6,5,2,7,6,2,2,2,3,4,4
2024,10,15,3,23,6,2,4,5,19,3,36,30,6,36,36,6,30,26,2,9,4,11,6,4,4,4,1,1,4
2024,10,15,4,23,7,4,5,3,10,3,32,25,7,32,32,2,30,17,4,5,3,5,2,6,6,6,2,2,5
2024,10,15,5,23,5,12,4,1,12,3,34,29,5,34,34,5,29,17,4,6,1,4,5,6,6,6,1,6,4
2024,10,15,6,23,5,8,5,5,13,5,40,35,5,40,40,4,36,21,3,7,2,7,4,6,6,6,4,4,5
2024,10,15,7,23,9,8,2,5,22,5,40,31,9,40,40,6,34,31,4,11,5,11,6,1,1,1,2,4,2
2024,10,15,8,23,6,6,1,5,15,5,39,33,6,39,39,6,33,23,3,6,3,6,6,6,6,6,6,3,1
2024,10,15,9,23,6,2,5,1,14,4,30,24,6,30,30,5,25,18,3,6,3,3,5,4,4,4,2,1,5
2024,10,15,10,23,5,12,6,5,14,3,38,33,5,38,38,5,33,21,2,6,3,8,5,4,4,4,1,6,6
2024,10,15,11,23,7,12,6,6,20,6,51,44,7,51,51,4,47,29,3,12,4,12,4,4,4,4,6,6,6
2024,10,16,0,23,7,10,5,6,10,6,38,31,7,38,38,1,37,22,6,8,1,8,1,3,3,3,3,5,5
2024,10,16,1,23,4,8,2,2,15,4,30,26,4,30,30,6,24,18,1,6,3,4,6,1,1,1,5,4,2
2024,10,16,2,23,5,6,2,3,12,3,31,26,5,31,31,1,30,18,3,9,2,9,1,2,2,2,6,3,2
2024,10,16,3,23,9,2,5,4,11,1,32,23,9,32,32,1,31,19,4,5,5,8,1,4,4,4,3,1,5
2024,10,16,4,23,7,2,5,5,15,4,38,31,7,38,38,6,32,26,6,8,1,9,6,2,2,2,4,1,5
2024,10,16,5,23,7,6,1,4,19,4,37,30,7,37,37,4,33,25,2,10,5,10,4,5,5,5,3,3,1
2024,10,16,6,23,8,2,5,2,16,3,36,28,8,36,36,2,34,21,3,9,5,8,2,5,5,5,4,1,5
2024,10,16,7,23,6,2,3,6,16,5,30,24,6,30,30,4,26,23,1,7,5,8,4,1,1,1,2,1,3
2024,10,16,8,23,6,10,1,4,12,3,32,26,6,32,32,5,27,19,3,4,3,5,5,4,4,4,3,5,1
2024,10,16,9,23,10,10,2,4,18,4,38,28,10,38,38,3,35,27,5,10,5,10,3,3,3,3,1,5,2
2024,10,16,10,23,4,8,1,4,10,6,28,24,4,28,28,1,27,16,2,7,2,5,1,4,4,4,3,4,1
2024,10,16,11,23,12,2,4,1,24,6,48,36,12,48,48,6,42,31,6,12,6,7,6,6,6,6,6,1,4
2024,10,17,0,23,9,4,6,6,17,6,43,34,9,43,43,2,41,28,5,11,4,11,2,5,5,5,2,2,6
2024,10,17,1,23,4,4,2,5,13,3,32,28,4,32,32,2,30,20,2,9,2,11,2,6,6,6,2,2,2
2024,10,17,2,23,6,12,2,2,18,6,35,29,6,35,35,3,32,21,1,10,5,6,3,5,5,5,1,6,2
2024,10,17,3,23,9,12,1,6,11,2,33,24,9,33,33,1,32,20,3,4,6,8,1,3,3,3,3,6,1
2024,10,17,4,23,6,8,5,5,18,6,45,39,6,45,45,4,41,26,3,11,3,10,4,5,5,5,5,4,5
2024,10,17,5,23,2,10,1,1,11,6,27,25,2,27,27,2,25,13,1,8,1,3,2,3,3,3,5,5,1
2024,10,17,6,23,5,6,3,2,10,1,26,21,5,26,26,2,24,16,4,7,1,8,2,1,1,1,3,3,3
2024,10,17,7,23,4,12,4,1,13,6,34,30,4,34,34,2,32,16,2,9,2,4,2,3,3,3,5,6,4
2024,10,17,8,23,3,12,4,6,9,5,33,30,3,33,33,1,32,16,1,6,2,7,1,4,4,4,3,6,4
2024,10,17,9,23,5,4,6,5,13,2,33,28,5,33,33,3,30,19,1,6,4,9,3,5,5,5,1,2,6
2024,10,17,10,23,8,12,4,3,15,5,41,33,8,41,41,4,37,24,6,9,2,7,4,1,1,1,6,6,4
2024,10,17,11,23,7,8,2,1,10,1,27,20,7,27,27,5,22,15,4,2,3,2,5,1,1,1,5,4,2
2024,10,18,0,23,10,4,5,3,13,4,34,24,10,34,34,2,32,22,6,7,4,6,2,1,1,1,4,2,5
2024,10,18,1,23,10,10,6,5,20,6,49,39,10,49,49,5,44,29,4,9,6,8,5,4,4,4,5,5,6
2024,10,18,2,23,4,6,6,3,11,2,33,29,4,33,33,5,28,16,2,4,2,5,5,3,3,3,5,3,6
2024,10,18,3,23,9,12,1,3,20,4,42,33,9,42,42,6,36,28,5,10,4,9,6,2,2,2,5,6,1
2024,10,18,4,23,4,6,2,2,12,3,24,20,4,24,24,3,21,15,1,6,3,5,3,2,2,2,2,3,2
2024,10,18,5,23,6,6,3,1,14,4,31,25,6,31,31,2,29,17,2,8,4,5,2,4,4,4,4,3,3
2024,10,18,6,23,6,2,2,1,12,3,30,24,6,30,30,4,26,18,5,7,1,5,4,3,3,3,6,1,2
2024,10,18,7,23,10,2,3,3,13,2,36,26,10,36,36,5,31,21,5,3,5,4,5,5,5,5,6,1,3
2024,10,18,8,23,5,4,2,3,14,6,31,26,5,31,31,1,30,19,2,10,3,7,1,4,4,4,4,2,2
2024,10,18,9,23,3,8,3,4,7,3,30,27,3,30,30,2,28,13,2,4,1,5,2,5,5,5,5,4,3
2024,10,18,10,23,9,8,1,6,14,2,37,28,9,37,37,2,35,25,5,8,4,12,2,6,6,6,1,4,1
2024,10,18,11,23,6,10,4,6,16,3,41,35,6,41,41,5,36,26,4,9,2,12,5,4,4,4,2,5,4
2024,10,19,0,23,10,12,5,3,17,4,45,35,10,45,45,5,40,26,6,8,4,7,5,3,3,3,5,6,5
2024,10,19,1,23,8,6,1,3,15,2,35,27,8,35,35,6,29,24,6,7,2,8,6,5,5,5,2,3,1
2024,10,19,2,23,8,12,5,5,16,5,44,36,8,44,44,1,43,23,2,9,6,9,1,6,6,6,4,6,5
2024,10,19,3,23,7,6,4,3,13,5,35,28,7,35,35,2,33,20,4,8,3,6,2,3,3,3,5,3,4
2024,10,19,4,23,9,6,3,3,14,6,32,23,9,32,32,1,31,20,3,7,6,4,1,1,1,1,5,3,3
2024,10,19,5,23,8,2,3,1,14,6,31,23,8,31,31,1,30,21,6,11,2,6,1,4,4,4,2,1,3
2024,10,19,6,23,8,8,3,4,18,5,41,33,8,41,41,4,37,26,4,10,4,9,4,5,5,5,3,4,3
2024,10,19,7,23,7,8,3,2,18,6,34,27,7,34,34,4,30,22,2,9,5,5,4,1,1,1,4,4,3
2024,10,19,8,23,6,8,5,5,10,1,34,28,6,34,34,1,33,16,1,4,5,8,1,4,4,4,5,4,5
2024,10,19,9,23,6,10,3,5,14,1,35,29,6,35,35,4,31,22,3,7,3,11,4,1,1,1,4,5,3
2024,10,19,10,23,7,10,5,2,15,2,37,30,7,37,37,4,33,19,2,6,5,6,4,3,3,3,5,5,5
2024,10,19,11,23,5,2,6,2,10,2,30,25,5,30,30,4,26,15,3,4,2,4,4,2,2,2,6,1,6
2024,10,20,0,23,9,10,5,2,16,6,40,31,9,40,40,4,36,22,4,7,5,3,4,3,3,3,5,5,5
2024,10,20,1,23,10,10,1,1,18,5,39,29,10,39,39,5,34,23,4,7,6,3,5,4,4,4,6,5,1
2024,10,20,2,23,6,6,5,4,20,6,37,31,6,37,37,6,31,25,1,9,5,7,6,3,3,3,1,3,5
2024,10,20,3,23,11,4,2,4,14,1,33,22,11,33,33,5,28,23,5,3,6,6,5,3,3,3,3,2,2
2024,10,20,4,23,9,8,3,5,11,1,35,26,9,35,35,6,29,22,6,2,3,6,6,2,2,2,4,4,3
2024,10,20,5,23,5,8,3,3,11,5,29,24,5,29,29,3,26,17,3,6,2,4,3,4,4,4,1,4,3
2024,10,20,6,23,3,8,4,2,8,2,26,23,3,26,26,1,25,12,2,6,1,6,1,5,5,5,1,4,4
2024,10,20,7,23,10,6,3,2,17,4,36,26,10,36,36,1,35,23,4,10,6,8,1,2,2,2,5,3,3
2024,10,20,8,23,7,8,6,3,13,6,35,28,7,35,35,2,33,19,3,7,4,4,2,3,3,3,3,4,6
2024,10,20,9,23,3,2,6,2,12,2,33,30,3,33,33,5,28,15,1,5,2,5,5,6,6,6,5,1,6
2024,10,20,10,23,11,6,4,1,19,3,41,30,11,41,41,5,36,25,5,8,6,6,5,5,5,5,4,3,4
2024,10,20,11,23,5,8,6,3,13,4,37,32,5,37,37,2,35,18,2,8,3,7,2,4,4,4,5,4,6
2024,10,21,0,23,4,8,6,2,16,5,38,34,4,38,38,3,35,20,2,11,2,8,3,4,4,4,4,4,6
2024,10,21,1,23,11,12,6,2,13,2,40,29,11,40,40,3,37,21,6,5,5,5,3,5,5,5,2,6,6
2024,10,21,2,23,8,4,3,4,21,6,40,32,8,40,40,4,36,27,2,11,6,9,4,4,4,4,4,2,3
2024,10,21,3,23,5,2,6,5,9,1,32,27,5,32,32,5,27,18,4,3,1,7,5,1,1,1,6,1,6
2024,10,21,4,23,3,2,5,5,16,6,36,33,3,36,36,6,30,23,2,9,1,8,6,1,1,1,6,1,5
2024,10,21,5,23,3,10,4,2,16,6,34,31,3,34,34,5,29,19,1,9,2,5,5,2,2,2,4,5,4
2024,10,21,6,23,9,10,1,6,10,1,34,25,9,34,34,2,32,19,3,2,6,7,2,4,4,4,5,5,1
2024,10,21,7,23,10,8,4,5,21,6,41,31,10,41,41,5,36,30,4,10,6,9,5,1,1,1,2,4,4
2024,10,21,8,23,6,8,6,3,13,3,37,31,6,37,37,4,33,18,2,5,4,5,4,6,6,6,3,4,6
2024,10,21,9,23,10,2,3,4,14,4,31,21,10,31,31,2,29,22,4,6,6,6,2,3,3,3,2,1,3
2024,10,21,10,23,4,6,1,1,9,1,25,21,4,25,25,2,23,13,3,6,1,6,2,4,4,4,4,3,1
2024,10,21,11,23,5,10,6,6,13,2,38,33,5,38,38,5,33,21,2,5,3,9,5,1,1,1,5,5,6
2024,10,22,0,24,7,8,2,3,16,6,39,32,7,39,39,2,37,24,5,12,2,9,2,3,3,3,6,4,2
2024,10,22,1,24,8,8,4,3,8,1,33,25,8,33,33,4,29,17,6,2,2,4,4,2,2,2,6,4,4
2024,10,22,2,24,8,12,1,1,21,6,38,30,8,38,38,5,33,25,3,11,5,6,5,1,1,1,5,6,1
2024,10,22,3,24,8,12,3,3,15,2,35,27,8,35,35,2,33,20,2,7,6,8,2,1,1,1,5,6,3
2024,10,22,4,24,7,6,4,4,20,6,39,32,7,39,39,4,35,26,2,11,5,9,4,1,1,1,5,3,4
2024,10,22,5,24,4,4,3,1,14,4,30,26,4,30,30,4,26,16,1,7,3,4,4,6,6,6,3,2,3
2024,10,22,6,24,6,2,3,5,11,4,30,24,6,30,30,1,29,19,3,7,3,8,1,5,5,5,2,1,3
2024,10,22,7,24,5,2,1,4,12,1,26,21,5,26,26,3,23,17,1,5,4,8,3,2,2,2,5,1,1
2024,10,22,8,24,5,10,1,5,9,2,32,27,5,32,32,1,31,17,3,6,2,9,1,5,5,5,4,5,1
2024,10,22,9,24,8,10,6,5,15,2,46,38,8,46,46,2,44,23,3,8,5,11,2,6,6,6,6,5,6
2024,10,22,10,24,9,4,5,2,18,2,39,30,9,39,39,5,34,24,4,8,5,8,5,5,5,5,3,2,5
2024,10,22,11,24,9,10,6,1,20,2,43,34,9,43,43,6,37,24,3,8,6,7,6,2,2,2,6,5,6
2024,10,23,0,24,6,6,1,4,14,1,35,29,6,35,35,6,29,22,4,6,2,9,6,4,4,4,5,3,1
2024,10,23,1,24,8,10,5,2,14,4,41,33,8,41,41,3,38,21,5,8,3,6,3,6,6,6,4,5,5
2024,10,23,2,24,10,8,4,4,19,4,42,32,10,42,42,5,37,28,5,9,5,9,5,5,5,5,1,4,4
2024,10,23,3,24,8,4,3,6,14,1,36,28,8,36,36,5,31,25,5,6,3,11,5,4,4,4,2,2,3
2024,10,23,4,24,7,2,1,2,10,3,25,18,7,25,25,1,24,15,3,5,4,4,1,6,6,6,2,1,1
2024,10,23,5,24,8,12,5,6,14,4,39,31,8,39,39,3,36,23,3,6,5,8,3,4,4,4,1,6,5
2024,10,23,6,24,8,6,5,6,19,6,37,29,8,37,37,6,31,27,2,7,6,7,6,1,1,1,1,3,5
2024,10,23,7,24,8,4,2,2,10,3,25,17,8,25,25,1,24,18,6,7,2,6,1,2,2,2,1,2,2
2024,10,23,8,24,11,12,1,4,15,3,37,26,11,37,37,1,36,24,5,8,6,9,1,2,2,2,4,6,1
2024,10,23,9,24,12,2,2,1,10,1,26,14,12,26,26,1,25,17,6,3,6,3,1,3,3,3,3,1,2
2024,10,23,10,24,6,2,3,5,18,5,36,30,6,36,36,3,33,24,1,10,5,10,3,2,2,2,6,1,3
2024,10,23,11,24,4,10,6,4,17,6,44,40,4,44,44,6,38,23,2,9,2,7,6,5,5,5,5,5,6
2024,10,24,0,24,8,8,4,4,15,1,34,26,8,34,34,6,28,22,3,4,5,7,6,3,3,3,1,4,4
2024,10,24,1,24,8,4,2,6,19,5,42,34,8,42,42,4,38,28,3,10,5,11,4,6,6,6,4,2,2
2024,10,24,2,24,8,8,1,6,17,4,41,33,8,41,41,3,38,26,3,9,5,11,3,4,4,4,6,4,1
2024,10,24,3,24,8,12,1,3,19,6,38,30,8,38,38,3,35,24,2,10,6,7,3,4,4,4,3,6,1
2024,10,24,4,24,12,2,4,3,19,6,38,26,12,38,38,5,33,28,6,8,6,5,5,2,2,2,3,1,4
2024,10,24,5,24,12,6,5,5,15,2,40,28,12,40,40,3,37,26,6,6,6,9,3,4,4,4,2,3,5
2024,10,24,6,24,5,4,4,2,9,2,21,16,5,21,21,3,18,13,2,3,3,3,3,1,1,1,1,2,4
2024,10,24,7,24,10,12,5,3,14,1,42,32,10,42,42,1,41,21,4,7,6,9,1,6,6,6,4,6,5
2024,10,24,8,24,2,6,4,5,14,6,36,34,2,36,36,3,33,20,1,10,1,9,3,4,4,4,5,3,4
2024,10,24,9,24,9,8,2,3,13,2,37,28,9,37,37,5,32,22,6,5,3,6,5,3,3,3,6,4,2
2024,10,24,10,24,10,12,5,5,15,2,41,31,10,41,41,3,38,25,5,7,5,10,3,4,4,4,1,6,5
2024,10,24,11,24,7,12,1,4,14,3,34,27,7,34,34,6,28,21,3,4,4,5,6,2,2,2,4,6,1
2024,10,25,0,24,7,8,1,1,15,2,32,25,7,32,32,5,27,21,5,8,2,7,5,4,4,4,2,4,1
2024,10,25,1,24,10,12,4,5,17,5,44,34,10,44,44,3,41,26,4,8,6,8,3,6,6,6,2,6,4
2024,10,25,2,24,2,12,2,3,11,2,32,30,2,32,32,4,28,15,1,6,1,7,4,3,3,3,6,6,2
2024,10,25,3,24,9,4,6,2,18,4,44,35,9,44,44,5,39,26,6,10,3,8,5,4,4,4,6,2,6
2024,10,25,4,24,4,4,1,3,14,5,30,26,4,30,30,2,28,20,3,11,1,9,2,2,2,2,5,2,1
2024,10,25,5,24,6,8,3,1,11,5,31,25,6,31,31,1,30,17,5,9,1,5,1,6,6,6,1,4,3
2024,10,25,6,24,9,4,1,1,16,2,32,23,9,32,32,5,27,23,6,8,3,7,5,4,4,4,2,2,1
2024,10,25,7,24,4,12,5,4,14,1,40,36,4,40,40,5,35,20,2,7,2,10,5,4,4,4,5,6,5
2024,10,25,8,24,6,10,2,1,10,2,27,21,6,27,27,6,21,16,5,3,1,2,6,1,1,1,3,5,2
2024,10,25,9,24,10,4,1,1,20,5,34,24,10,34,34,6,28,25,4,8,6,4,6,5,5,5,1,2,1
2024,10,25,10,24,8,8,2,2,16,3,39,31,8,39,39,5,34,21,3,6,5,5,5,6,6,6,6,4,2
2024,10,25,11,24,11,6,6,3,17,2,42,31,11,42,42,4,38,25,5,7,6,8,4,3,3,3,5,3,6
2024,10,26,0,24,10,8,3,6,17,3,45,35,10,45,45,6,39,27,4,5,6,8,6,6,6,6,5,4,3
2024,10,26,1,24,7,8,6,2,11,4,33,26,7,33,33,1,32,19,6,9,1,7,1,1,1,1,3,4,6
2024,10,26,2,24,7,6,5,5,19,6,42,35,7,42,42,5,37,28,4,11,3,10,5,3,3,3,3,3,5
2024,10,26,3,24,7,12,6,4,8,5,40,33,7,40,40,1,39,18,6,6,1,5,1,5,5,5,5,6,6
2024,10,26,4,24,12,4,5,6,17,3,45,33,12,45,45,3,42,29,6,8,6,11,3,3,3,3,6,2,5
2024,10,26,5,24,6,12,5,6,16,4,39,33,6,39,39,2,37,23,1,9,5,11,2,4,4,4,1,6,5
2024,10,26,6,24,9,6,5,6,12,5,37,28,9,37,37,1,36,24,6,8,3,9,1,4,4,4,1,3,5
2024,10,26,7,24,3,2,1,6,10,4,24,21,3,24,24,2,22,17,1,6,2,8,2,4,4,4,1,1,1
2024,10,26,8,24,6,4,3,4,13,3,31,25,6,31,31,6,25,20,3,4,3,5,6,5,5,5,1,2,3
2024,10,26,9,24,10,12,1,3,21,5,48,38,10,48,48,6,42,29,5,10,5,8,6,6,6,6,6,6,1
2024,10,26,10,24,9,6,3,2,11,1,27,18,9,27,27,3,24,17,4,3,5,4,3,1,1,1,3,3,3
2024,10,26,11,24,9,4,3,6,15,2,34,25,9,34,34,6,28,25,4,4,5,8,6,1,1,1,3,2,3
2024,10,27,0,24,5,2,2,3,11,5,27,22,5,27,27,3,24,18,4,7,1,5,3,2,2,2,4,1,2
2024,10,27,1,24,10,2,6,6,15,2,43,33,10,43,43,3,40,25,4,6,6,10,3,6,6,6,5,1,6
2024,10,27,2,24,10,10,4,2,16,5,37,27,10,37,37,2,35,23,5,9,5,6,2,1,1,1,4,5,4
2024,10,27,3,24,8,4,1,1,11,3,25,17,8,25,25,2,23,17,5,6,3,4,2,4,4,4,1,2,1
2024,10,27,4,24,10,12,6,3,12,2,36,26,10,36,36,1,35,19,4,5,6,6,1,3,3,3,2,6,6
2024,10,27,5,24,7,12,2,3,18,3,39,32,7,39,39,5,34,22,1,7,6,7,5,5,5,5,4,6,2
2024,10,27,6,24,10,8,3,1,14,2,38,28,10,38,38,6,32,21,6,4,4,3,6,5,5,5,5,4,3
2024,10,27,7,24,9,4,4,6,12,5,38,29,9,38,38,1,37,24,6,8,3,9,1,5,5,5,3,2,4
2024,10,27,8,24,8,4,3,4,17,4,33,25,8,33,33,4,29,25,4,9,4,9,4,1,1,1,2,2,3
2024,10,27,9,24,7,10,2,3,16,4,36,29,7,36,36,5,31,20,1,5,6,4,5,5,5,5,4,5,2
2024,10,27,10,24,7,6,5,2,15,2,40,33,7,40,40,6,34,21,4,6,3,6,6,6,6,6,5,3,5
2024,10,27,11,24,3,4,3,1,18,6,36,33,3,36,36,4,32,20,1,12,2,7,4,5,5,5,6,2,3
2024,10,28,0,24,9,8,5,3,15,5,38,29,9,38,38,2,36,23,5,9,4,7,2,3,3,3,3,4,5
2024,10,28,1,24,9,10,2,6,21,4,46,37,9,46,46,6,40,31,4,10,5,12,6,6,6,6,2,5,2
2024,10,28,2,24,10,4,6,2,15,4,33,23,10,33,33,4,29,21,4,5,6,3,4,3,3,3,1,2,6
2024,10,28,3,24,3,2,4,1,7,1,19,16,3,19,19,3,16,9,1,2,2,2,3,3,3,3,2,1,4
2024,10,28,4,24,11,10,3,5,15,4,39,28,11,39,39,4,35,26,6,6,5,7,4,3,3,3,2,5,3
2024,10,28,5,24,10,6,4,5,21,6,41,31,10,41,41,5,36,30,4,10,6,9,5,3,3,3,1,3,4
2024,10,28,6,24,8,12,3,2,12,2,35,27,8,35,35,3,32,20,6,7,2,7,3,2,2,2,4,6,3
2024,10,28,7,24,9,2,4,3,16,6,40,31,9,40,40,2,38,25,6,11,3,8,2,5,5,5,5,1,4
2024,10,28,8,24,8,8,4,5,13,2,32,24,8,32,32,3,29,20,2,4,6,7,3,1,1,1,3,4,4
2024,10,28,9,24,11,12,1,5,20,2,45,34,11,45,45,6,39,30,5,8,6,11,6,3,3,3,5,6,1
2024,10,28,10,24,10,6,4,1,13,2,33,23,10,33,33,5,28,20,6,4,4,3,5,1,1,1,5,3,4
2024,10,28,11,24,11,10,6,6,18,3,50,39,11,50,50,5,45,30,6,8,5,11,5,3,3,3,6,5,6
2024,10,29,0,25,8,6,1,1,17,1,34,26,8,34,34,6,28,21,3,6,5,6,6,5,5,5,4,3,1
2024,10,29,1,25,9,8,2,4,16,6,37,28,9,37,37,3,34,24,4,8,5,6,3,3,3,3,4,4,2
2024,10,29,2,25,5,8,6,2,11,1,32,27,5,32,32,6,26,15,2,2,3,3,6,5,5,5,2,4,6
2024,10,29,3,25,6,8,2,5,10,1,33,27,6,33,33,3,30,17,2,3,4,7,3,6,6,6,4,4,2
2024,10,29,4,25,8,10,5,2,13,2,38,30,8,38,38,6,32,19,4,3,4,3,6,3,3,3,6,5,5
2024,10,29,5,25,5,12,5,1,14,5,40,35,5,40,40,2,38,17,2,9,3,5,2,6,6,6,6,6,5
2024,10,29,6,25,12,2,4,5,15,2,40,28,12,40,40,5,35,26,6,4,6,7,5,6,6,6,3,1,4
2024,10,29,7,25,3,4,2,6,13,6,32,29,3,32,32,3,29,21,2,9,1,9,3,2,2,2,5,2,2
2024,10,29,8,25,5,8,4,1,15,3,36,31,5,36,36,6,30,18,2,6,3,4,6,6,6,6,4,4,4
2024,10,29,9,25,8,12,2,5,13,2,37,29,8,37,37,3,34,21,3,5,5,8,3,3,3,3,5,6,2
2024,10,29,10,25,7,2,1,2,12,1,25,18,7,25,25,1,24,17,3,7,4,8,1,1,1,1,5,1,1
2024,10,29,11,25,10,8,6,2,17,2,43,33,10,43,43,6,37,23,4,5,6,5,6,5,5,5,5,4,6
2024,10,30,0,25,7,12,3,1,6,2,30,23,7,30,30,2,28,13,6,3,1,2,2,4,4,4,4,6,3
2024,10,30,1,25,8,10,4,6,14,1,40,32,8,40,40,6,34,24,4,4,4,9,6,2,2,2,5,5,4
2024,10,30,2,25,3,10,4,6,7,1,35,32,3,35,35,3,32,14,1,2,2,7,3,6,6,6,6,5,4
2024,10,30,3,25,11,12,5,4,19,4,42,31,11,42,42,4,38,28,5,9,6,9,4,2,2,2,1,6,5
2024,10,30,4,25,4,2,4,4,13,3,32,28,4,32,32,6,26,20,3,6,1,7,6,5,5,5,2,1,4
2024,10,30,5,25,7,4,6,2,18,5,32,25,7,32,32,3,29,21,1,9,6,6,3,1,1,1,2,2,6
2024,10,30,6,25,6,12,4,4,15,5,39,33,6,39,39,1,38,21,2,10,4,9,1,4,4,4,4,6,4
2024,10,30,7,25,7,8,5,5,15,1,44,37,7,44,44,6,38,23,3,5,4,9,6,6,6,6,6,4,5
2024,10,30,8,25,11,12,2,1,18,2,35,24,11,35,35,5,30,25,6,8,5,7,5,1,1,1,1,6,2
2024,10,30,9,25,9,2,6,2,17,4,40,31,9,40,40,4,36,24,5,9,4,7,4,4,4,4,5,1,6
2024,10,30,10,25,3,4,5,3,9,3,25,22,3,25,25,2,23,14,2,6,1,6,2,1,1,1,3,2,5
2024,10,30,11,25,9,12,5,5,14,2,44,35,9,44,44,6,38,23,4,3,5,6,6,4,4,4,6,6,5
2024,10,31,0,25,8,2,3,1,14,2,26,18,8,26,26,6,20,18,3,3,5,2,6,1,1,1,3,1,3
2024,10,31,1,25,3,6,2,5,7,3,27,24,3,27,27,2,25,14,2,4,1,6,2,6,6,6,2,3,2
2024,10,31,2,25,12,8,6,5,21,4,52,40,12,52,52,6,46,32,6,9,6,10,6,5,5,5,5,4,6
2024,10,31,3,25,8,2,5,3,18,3,40,32,8,40,40,6,34,25,4,8,4,8,6,6,6,6,3,1,5
2024,10,31,4,25,11,4,6,4,16,5,41,30,11,41,41,1,40,26,6,10,5,9,1,3,3,3,4,2,6
2024,10,31,5,25,2,10,4,4,11,4,30,28,2,30,30,4,26,16,1,6,1,6,4,3,3,3,2,5,4
2024,10,31,6,25,2,6,5,4,11,6,33,31,2,33,33,2,31,16,1,8,1,6,2,6,6,6,3,3,5
2024,10,31,7,25,5,2,4,1,19,6,33,28,5,33,33,3,30,21,1,12,4,7,3,3,3,3,4,1,4
2024,10,31,8,25,4,8,2,4,14,4,32,28,4,32,32,4,28,20,2,8,2,8,4,4,4,4,2,4,2
2024,10,31,9,25,6,2,6,3,10,2,31,25,6,31,31,2,29,15,2,4,4,5,2,4,4,4,5,1,6
2024,10,31,10,25,7,10,6,4,14,4,38,31,7,38,38,5,33,24,6,8,1,8,5,1,1,1,2,5,6
2024,10,31,11,25,6,8,1,2,17,6,33,27,6,33,33,6,27,21,2,7,4,3,6,2,2,2,5,4,1
2024,11,1,0,26,7,2,6,4,13,2,31,24,7,31,31,5,26,19,2,3,5,5,5,4,4,4,1,1,6
2024,11,1,1,26,5,12,1,5,9,1,26,21,5,26,26,4,22,17,3,3,2,7,4,1,1,1,1,6,1
2024,11,1,2,26,10,4,6,3,13,3,34,24,10,34,34,5,29,22,6,4,4,4,5,3,3,3,1,2,6
2024,11,1,3,26,9,12,3,5,13,5,37,28,9,37,37,1,36,24,6,9,3,9,1,3,3,3,1,6,3
2024,11,1,4,26,8,2,4,5,13,4,39,31,8,39,39,1,38,22,4,8,4,9,1,6,6,6,6,1,4
2024,11,1,5,26,11,12,1,3,14,3,36,25,11,36,36,1,35,22,5,7,6,7,1,4,4,4,3,6,1
2024,11,1,6,26,6,2,2,2,10,5,25,19,6,25,25,1,24,15,3,6,3,3,1,6,6,6,1,1,2
2024,11,1,7,26,6,2,6,1,16,5,33,27,6,33,33,6,27,20,3,7,3,3,6,5,5,5,1,1,6
2024,11,1,8,26,2,10,3,1,10,1,32,30,2,32,32,3,29,12,1,6,1,6,3,6,6,6,6,5,3
2024,11,1,9,26,5,12,4,6,17,6,43,38,5,43,43,3,40,24,1,10,4,10,3,4,4,4,5,6,4
2024,11,1,10,26,8,10,2,5,12,1,36,28,8,36,36,5,31,20,3,2,5,6,5,5,5,5,4,5,2
2024,11,1,11,26,10,10,2,4,14,1,36,26,10,36,36,6,30,23,5,3,5,6,6,2,2,2,4,5,2
2024,11,2,0,26,8,12,2,2,14,1,37,29,8,37,37,5,32,21,5,6,3,7,5,2,2,2,6,6,2
2024,11,2,1,26,5,6,6,5,11,2,30,25,5,30,30,4,26,17,1,3,4,6,4,3,3,3,1,3,6
2024,11,2,2,26,9,4,4,3,17,5,35,26,9,35,35,3,32,23,3,8,6,6,3,4,4,4,2,2,4
2024,11,2,3,26,6,2,5,6,12,6,37,31,6,37,37,1,36,23,5,10,1,10,1,6,6,6,2,1,5
2024,11,2,4,26,11,4,1,2,13,3,34,23,11,34,34,3,31,20,5,4,6,3,3,5,5,5,6,2,1
2024,11,2,5,26,3,6,2,5,10,5,28,25,3,28,28,1,27,16,1,7,2,7,1,1,1,1,6,3,2
2024,11,2,6,26,7,10,6,6,13,4,41,34,7,41,41,5,36,23,4,5,3,7,5,3,3,3,4,5,6
2024,11,2,7,26,3,12,6,2,10,1,30,27,3,30,30,6,24,14,2,3,1,4,6,2,2,2,2,6,6
2024,11,2,8,26,4,4,1,6,11,2,30,26,4,30,30,5,25,20,3,5,1,9,5,3,3,3,4,2,1
2024,11,2,9,26,6,12,6,2,11,2,33,27,6,33,33,3,30,15,2,4,4,4,3,3,3,3,3,6,6
2024,11,2,10,26,4,4,1,5,19,4,37,33,4,37,37,6,31,25,1,10,3,11,6,5,5,5,4,2,1
2024,11,2,11,26,4,6,1,2,12,4,27,23,4,27,27,1,26,16,2,9,2,7,1,4,4,4,3,3,1
2024,11,3,0,26,12,4,5,4,17,4,43,31,12,43,43,1,42,27,6,10,6,10,1,4,4,4,5,2,5
2024,11,3,1,26,6,8,1,3,10,4,27,21,6,27,27,2,25,16,3,5,3,4,2,3,3,3,3,4,1
2024,11,3,2,26,4,10,5,4,17,4,40,36,4,40,40,4,36,22,1,10,3,10,4,6,6,6,2,5,5
2024,11,3,3,26,9,4,1,2,13,5,28,19,9,28,28,1,27,21,6,9,3,6,1,1,1,1,3,2,1
2024,11,3,4,26,9,6,4,4,12,2,35,26,9,35,35,3,32,22,6,6,3,8,3,1,1,1,5,3,4
2024,11,3,5,26,9,2,3,5,15,3,36,27,9,36,36,3,33,24,4,7,5,9,3,6,6,6,2,1,3
2024,11,3,6,26,5,8,1,1,8,3,24,19,5,24,24,1,23,11,2,4,3,2,1,5,5,5,3,4,1
2024,11,3,7,26,12,12,6,1,10,1,40,28,12,40,40,1,39,17,6,3,6,3,1,5,5,5,6,6,6
2024,11,3,8,26,8,4,3,6,18,3,40,32,8,40,40,6,34,26,2,6,6,9,6,4,4,4,5,2,3
2024,11,3,9,26,5,2,4,3,10,2,25,20,5,25,25,1,24,14,1,5,4,6,1,5,5,5,1,1,4
2024,11,3,10,26,5,2,6,3,17,5,37,32,5,37,37,6,31,21,1,7,4,5,6,4,4,4,5,1,6
2024,11,3,11,26,5,10,5,2,18,6,40,35,5,40,40,6,34,21,1,8,4,4,6,4,4,4,5,5,5
2024,11,4,0,26,8,12,6,1,14,5,39,31,8,39,39,3,36,19,4,7,4,3,3,4,4,4,4,6,6
2024,11,4,1,26,7,10,1,2,8,1,29,22,7,29,29,3,26,15,5,3,2,4,3,3,3,3,5,5,1
2024,11,4,2,26,7,12,3,6,8,2,33,26,7,33,33,2,31,19,5,4,2,8,2,1,1,1,4,6,3
2024,11,4,3,26,4,10,2,5,11,2,33,29,4,33,33,6,27,19,3,4,1,7,6,3,3,3,4,5,2
2024,11,4,4,26,10,4,6,5,10,1,39,29,10,39,39,2,37,20,5,3,5,7,2,5,5,5,6,2,6
2024,11,4,5,26,10,12,2,4,17,1,42,32,10,42,42,6,36,25,4,5,6,8,6,6,6,6,3,6,2
2024,11,4,6,26,9,10,4,6,11,2,36,27,9,36,36,2,34,22,5,5,4,9,2,4,4,4,1,5,4
2024,11,4,7,26,10,12,5,4,15,6,43,33,10,43,43,3,40,25,6,8,4,6,3,5,5,5,2,6,5
2024,11,4,8,26,9,2,6,2,19,5,35,26,9,35,35,6,29,25,4,8,5,5,6,2,2,2,1,1,6
2024,11,4,9,26,6,8,4,4,11,2,30,24,6,30,30,4,26,18,3,4,3,6,4,1,1,1,3,4,4
2024,11,4,10,26,7,6,3,4,13,1,36,29,7,36,36,3,33,20,3,6,4,9,3,4,4,4,6,3,3
2024,11,4,11,26,9,10,5,2,19,4,43,34,9,43,43,5,38,26,5,10,4,8,5,6,6,6,1,5,5
2024,11,5,0,26,8,12,5,4,16,2,41,33,8,41,41,6,35,23,3,5,5,7,6,1,1,1,6,6,5
2024,11,5,1,26,3,2,5,3,11,1,23,20,3,23,23,6,17,15,1,3,2,5,6,1,1,1,1,1,5
2024,11,5,2,26,9,8,4,3,14,5,38,29,9,38,38,3,35,22,5,7,4,5,3,4,4,4,4,4,4
2024,11,5,3,26,4,8,6,1,18,4,37,33,4,37,37,5,32,20,1,10,3,7,5,4,4,4,3,4,6
2024,11,5,4,26,5,10,2,4,17,5,38,33,5,38,38,3,35,22,1,10,4,9,3,5,5,5,4,5,2
2024,11,5,5,26,8,12,5,1,13,2,36,28,8,36,36,5,31,17,3,3,5,2,5,5,5,5,3,6,5
2024,11,5,6,26,5,2,1,2,15,4,27,22,5,27,27,3,24,19,2,9,3,7,3,4,4,4,2,1,1
2024,11,5,7,26,6,2,1,3,9,1,27,21,6,27,27,5,22,16,4,2,2,4,5,5,5,5,4,1,1
2024,11,5,8,26,5,2,4,5,10,1,30,25,5,30,30,4,26,19,4,5,1,9,4,3,3,3,3,1,4
2024,11,5,9,26,4,2,3,4,14,6,31,27,4,31,31,4,27,20,2,8,2,6,4,6,6,6,1,1,3
2024,11,5,10,26,9,4,4,5,14,5,40,31,9,40,40,3,37,25,6,8,3,8,3,4,4,4,5,2,4
2024,11,5,11,26,7,4,5,6,13,1,41,34,7,41,41,4,37,24,5,7,2,12,4,6,6,6,4,2,5
2024,11,6,0,26,7,6,6,3,12,4,35,28,7,35,35,1,34,19,4,8,3,7,1,3,3,3,4,3,6
2024,11,6,1,26,3,10,2,6,11,2,32,29,3,32,32,6,26,18,1,3,2,7,6,6,6,6,1,5,2
2024,11,6,2,26,7,4,3,6,9,3,33,26,7,33,33,4,29,21,6,4,1,7,4,3,3,3,4,2,3
2024,11,6,3,26,11,10,5,4,12,1,37,26,11,37,37,2,35,21,5,4,6,7,2,4,4,4,2,5,5
2024,11,6,4,26,7,4,1,1,19,3,32,25,7,32,32,5,27,22,2,9,5,7,5,4,4,4,3,2,1
2024,11,6,5,26,2,6,2,3,16,5,31,29,2,31,31,6,25,20,1,9,1,7,6,3,3,3,3,3,2
2024,11,6,6,26,9,6,2,1,14,3,34,25,9,34,34,5,29,20,5,5,4,3,5,3,3,3,6,3,2
2024,11,6,7,26,2,6,5,2,9,1,30,28,2,30,30,6,24,12,1,2,1,3,6,5,5,5,5,3,5
2024,11,6,8,26,6,4,3,4,15,6,34,28,6,34,34,5,29,24,5,9,1,7,5,3,3,3,2,2,3
2024,11,6,9,26,3,12,2,6,8,1,34,31,3,34,34,5,29,16,2,2,1,7,5,4,4,4,6,6,2
2024,11,6,10,26,9,8,5,3,14,2,37,28,9,37,37,2,35,21,4,7,5,8,2,5,5,5,2,4,5
2024,11,6,11,26,4,12,2,3,10,3,31,27,4,31,31,4,27,15,2,4,2,4,4,4,4,4,4,6,2
2024,11,7,0,26,9,12,1,3,16,5,37,28,9,37,37,1,36,23,4,10,5,8,1,5,5,5,2,6,1
2024,11,7,1,26,7,10,4,1,14,3,35,28,7,35,35,5,30,18,3,5,4,3,5,2,2,2,6,5,4
2024,11,7,2,26,8,12,5,6,16,6,41,33,8,41,41,1,40,24,2,9,6,9,1,4,4,4,2,6,5
2024,11,7,3,26,10,2,2,5,14,3,32,22,10,32,32,2,30,24,5,7,5,9,2,3,3,3,2,1,2
2024,11,7,4,26,6,4,1,5,14,3,33,27,6,33,33,5,28,23,4,7,2,9,5,1,1,1,6,2,1
2024,11,7,5,26,4,4,2,4,9,1,28,24,4,28,28,2,26,16,3,6,1,9,2,4,4,4,4,2,2
2024,11,7,6,26,5,10,1,1,16,6,27,22,5,27,27,5,22,18,1,7,4,2,5,2,2,2,1,5,1
2024,11,7,7,26,9,8,2,6,14,3,37,28,9,37,37,3,34,25,5,7,4,10,3,2,2,2,4,4,2
2024,11,7,8,26,10,2,4,5,18,2,40,30,10,40,40,6,34,28,5,7,5,10,6,5,5,5,2,1,4
2024,11,7,9,26,12,12,5,5,12,3,41,29,12,41,41,2,39,23,6,4,6,6,2,1,1,1,6,6,5
2024,11,7,10,26,10,8,2,1,17,6,38,28,10,38,38,1,37,22,4,10,6,5,1,5,5,5,5,4,2
2024,11,7,11,26,7,8,4,3,15,6,34,27,7,34,34,1,33,21,3,10,4,7,1,1,1,1,4,4,4
2024,11,8,0,27,5,12,1,5,13,6,36,31,5,36,36,3,33,22,4,9,1,8,3,2,2,2,5,6,1
2024,11,8,1,27,9,12,1,6,12,3,39,30,9,39,39,2,37,21,3,4,6,7,2,6,6,6,5,6,1
2024,11,8,2,27,5,8,3,4,14,5,39,34,5,39,39,2,37,21,3,10,2,9,2,6,6,6,5,4,3
2024,11,8,3,27,6,10,2,4,15,3,42,36,6,42,42,5,37,23,4,8,2,9,5,6,6,6,6,5,2
2024,11,8,4,27,9,6,6,3,17,3,37,28,9,37,37,6,31,24,4,6,5,6,6,3,3,3,1,3,6
2024,11,8,5,27,11,10,6,3,15,4,36,25,11,36,36,3,33,23,5,6,6,5,3,1,1,1,1,5,6
2024,11,8,6,27,6,10,2,5,16,6,40,34,6,40,40,3,37,24,3,10,3,9,3,5,5,5,4,5,2
2024,11,8,7,27,6,8,6,4,15,4,40,34,6,40,40,2,38,20,1,8,5,8,2,5,5,5,5,4,6
2024,11,8,8,27,5,4,5,4,15,4,33,28,5,33,33,6,27,20,1,5,4,5,6,4,4,4,2,2,5
2024,11,8,9,27,3,4,4,4,9,2,28,25,3,28,28,2,26,14,1,5,2,7,2,5,5,5,3,2,4
2024,11,8,10,27,8,2,4,4,5,1,27,19,8,27,27,1,26,15,6,2,2,5,1,4,4,4,3,1,4
2024,11,8,11,27,5,10,1,3,14,6,26,21,5,26,26,3,23,18,1,7,4,4,3,1,1,1,1,5,1
2024,11,9,0,27,9,10,5,2,12,2,35,26,9,35,35,5,30,20,6,4,3,4,5,2,2,2,3,5,5
2024,11,9,1,27,10,8,1,4,13,1,33,23,10,33,33,2,31,23,6,7,4,10,2,1,1,1,4,4,1
2024,11,9,2,27,4,6,5,4,11,4,34,30,4,34,34,2,32,18,3,8,1,8,2,5,5,5,3,3,5
2024,11,9,3,27,9,2,2,4,16,4,30,21,9,30,30,6,24,24,4,5,5,5,6,1,1,1,2,1,2
2024,11,9,4,27,7,12,2,5,20,5,41,34,7,41,41,5,36,26,1,9,6,9,5,5,5,5,2,6,2
2024,11,9,5,27,5,4,5,4,12,3,30,25,5,30,30,2,28,19,3,8,2,9,2,1,1,1,3,2,5
2024,11,9,6,27,8,4,5,6,17,6,40,32,8,40,40,6,34,28,5,8,3,8,6,3,3,3,2,2,5
2024,11,9,7,27,6,8,3,1,12,1,30,24,6,30,30,5,25,18,5,6,1,6,5,3,3,3,2,4,3
2024,11,9,8,27,4,8,4,3,16,4,40,36,4,40,40,6,34,20,1,7,3,6,6,6,6,6,6,4,4
2024,11,9,9,27,8,12,4,3,14,5,36,28,8,36,36,5,31,22,5,6,3,4,5,1,1,1,3,6,4
2024,11,9,10,27,8,12,1,2,19,6,35,27,8,35,35,6,29,23,2,7,6,3,6,2,2,2,3,6,1
2024,11,9,11,27,2,4,4,1,16,6,31,29,2,31,31,4,27,18,1,11,1,6,4,4,4,4,3,2,4
2024,11,10,0,27,5,4,4,3,7,1,25,20,5,25,25,2,23,14,4,4,1,6,2,2,2,2,3,2,4
2024,11,10,1,27,9,12,1,1,14,2,33,24,9,33,33,4,29,18,3,4,6,3,4,6,6,6,2,6,1
2024,11,10,2,27,6,4,2,1,16,6,33,27,6,33,33,6,27,21,4,8,2,3,6,3,3,3,5,2,2
2024,11,10,3,27,11,6,1,6,19,6,40,29,11,40,40,3,37,30,5,10,6,10,3,1,1,1,5,3,1
2024,11,10,4,27,9,2,1,3,15,5,35,26,9,35,35,6,29,24,6,6,3,4,6,6,6,6,3,1,1
2024,11,10,5,27,7,6,5,5,16,5,38,31,7,38,38,5,33,24,3,7,4,7,5,4,4,4,2,3,5
2024,11,10,6,27,10,6,5,6,14,3,42,32,10,42,42,2,40,26,6,8,4,11,2,5,5,5,3,3,5
2024,11,10,7,27,8,6,2,6,12,3,31,23,8,31,31,3,28,21,3,4,5,7,3,3,3,3,2,3,2
2024,11,10,8,27,9,8,1,4,12,2,36,27,9,36,36,2,34,22,6,7,3,9,2,6,6,6,3,4,1
2024,11,10,9,27,5,2,1,2,12,4,26,21,5,26,26,1,25,18,4,10,1,8,1,4,4,4,2,1,1
2024,11,10,10,27,6,12,4,6,14,3,42,36,6,42,42,5,37,25,5,8,1,11,5,2,2,2,5,6,4
2024,11,10,11,27,8,4,3,4,19,2,35,27,8,35,35,5,30,25,2,8,6,10,5,1,1,1,4,2,3
2024,11,11,0,27,6,8,4,4,15,4,35,29,6,35,35,4,31,20,1,6,5,6,4,5,5,5,2,4,4
2024,11,11,1,27,4,2,2,3,12,2,27,23,4,27,27,6,21,16,1,3,3,4,6,4,4,4,4,1,2
2024,11,11,2,27,12,4,5,2,14,2,39,27,12,39,39,2,37,22,6,6,6,6,2,4,4,4,6,2,5
2024,11,11,3,27,10,2,2,3,21,6,41,31,10,41,41,6,35,28,4,9,6,6,6,6,6,6,4,1,2
2024,11,11,4,27,9,12,2,1,13,6,36,27,9,36,36,2,34,19,5,7,4,2,2,3,3,3,6,6,2
2024,11,11,5,27,9,2,1,5,14,3,26,17,9,26,26,1,25,22,3,7,6,9,1,1,1,1,1,1,1
2024,11,11,6,27,7,10,6,3,12,2,34,27,7,34,34,3,31,16,1,3,6,4,3,1,1,1,6,5,6
2024,11,11,7,27,7,8,6,3,11,5,38,31,7,38,38,2,36,20,6,8,1,6,2,5,5,5,3,4,6
2024,11,11,8,27,9,10,4,4,14,1,43,34,9,43,43,6,37,24,6,5,3,8,6,5,5,5,5,5,4
2024,11,11,9,27,10,4,1,1,17,6,31,21,10,31,31,3,28,24,6,10,4,5,3,1,1,1,3,2,1
2024,11,11,10,27,9,8,4,4,12,6,37,28,9,37,37,1,36,21,5,7,4,5,1,3,3,3,5,4,4
2024,11,11,11,27,9,4,6,5,14,4,38,29,9,38,38,1,37,25,6,10,3,11,1,2,2,2,3,2,6
2024,11,12,0,27,4,10,3,1,8,1,30,26,4,30,30,5,25,12,3,2,1,2,5,5,5,5,5,5,3
2024,11,12,1,27,3,4,2,4,11,5,29,26,3,29,29,3,26,16,1,6,2,5,3,3,3,3,6,2,2
2024,11,12,2,27,7,4,4,1,8,4,28,21,7,28,28,1,27,15,6,6,1,3,1,4,4,4,3,2,4
2024,11,12,3,27,5,6,5,4,19,5,41,36,5,41,41,5,36,25,2,11,3,10,5,2,2,2,6,3,5
2024,11,12,4,27,11,8,4,5,18,2,41,30,11,41,41,6,35,29,6,7,5,10,6,3,3,3,1,4,4
2024,11,12,5,27,8,8,1,1,15,5,30,22,8,30,30,4,26,19,3,6,5,2,4,1,1,1,5,4,1
2024,11,12,6,27,8,4,1,2,12,3,27,19,8,27,27,2,25,17,3,5,5,4,2,3,3,3,4,2,1
2024,11,12,7,27,10,8,5,1,12,1,30,20,10,30,30,5,25,18,5,2,5,2,5,2,2,2,1,4,5
2024,11,12,8,27,7,4,3,6,15,2,34,27,7,34,34,5,29,23,2,5,5,9,5,2,2,2,4,2,3
2024,11,12,9,27,11,8,6,6,18,4,48,37,11,48,48,6,42,30,6,7,5,9,6,2,2,2,6,4,6
2024,11,12,10,27,8,10,2,5,14,6,35,27,8,35,35,1,34,23,4,9,4,8,1,3,3,3,2,5,2
2024,11,12,11,27,4,12,3,4,15,6,34,30,4,34,34,3,31,21,2,10,2,8,3,2,2,2,2,6,3
2024,11,13,0,27,3,2,1,1,8,4,18,15,3,18,18,1,17,11,2,6,1,3,1,3,3,3,2,1,1
2024,11,13,1,27,6,8,2,5,18,6,37,31,6,37,37,6,31,24,1,7,5,6,6,5,5,5,2,4,2
2024,11,13,2,27,5,4,6,3,9,4,32,27,5,32,32,1,31,16,4,7,1,6,1,6,6,6,2,2,6
2024,11,13,3,27,6,8,3,2,20,5,40,34,6,40,40,6,34,24,2,10,4,7,6,3,3,3,6,4,3
2024,11,13,4,27,6,4,5,4,11,5,31,25,6,31,31,1,30,20,5,9,1,8,1,2,2,2,2,2,5
2024,11,13,5,27,8,2,6,5,13,1,33,25,8,33,33,6,27,21,3,2,5,6,6,4,4,4,1,1,6
2024,11,13,6,27,8,10,1,2,14,4,30,22,8,30,30,3,27,19,3,6,5,4,3,3,3,3,2,5,1
2024,11,13,7,27,8,2,2,6,12,2,31,23,8,31,31,2,29,22,4,6,4,10,2,4,4,4,2,1,2
2024,11,13,8,27,8,4,1,5,14,5,34,26,8,34,34,1,33,24,5,10,3,10,1,3,3,3,4,2,1
2024,11,13,9,27,10,10,1,4,15,2,38,28,10,38,38,6,32,24,5,4,5,6,6,5,5,5,3,5,1
2024,11,13,10,27,11,4,4,1,15,1,35,24,11,35,35,2,33,21,5,7,6,7,2,2,2,2,6,2,4
2024,11,13,11,27,7,6,1,5,14,4,32,25,7,32,32,5,27,23,4,6,3,7,5,2,2,2,3,3,1
2024,11,14,0,27,8,12,4,1,11,1,30,22,8,30,30,3,27,15,3,3,5,3,3,2,2,2,3,6,4
2024,11,14,1,27,5,4,2,2,11,2,27,22,5,27,27,3,24,14,1,4,4,4,3,4,4,4,5,2,2
2024,11,14,2,27,8,8,2,4,18,2,39,31,8,39,39,5,34,25,3,8,5,10,5,4,4,4,4,4,2
2024,11,14,3,27,3,6,6,5,5,1,27,24,3,27,27,1,26,12,2,3,1,7,1,3,3,3,3,3,6
2024,11,14,4,27,5,12,4,3,15,6,38,33,5,38,38,6,32,22,4,8,1,5,6,5,5,5,1,6,4
2024,11,14,5,27,6,2,5,1,15,3,30,24,6,30,30,6,24,18,2,5,4,3,6,1,1,1,5,1,5
2024,11,14,6,27,10,10,3,6,14,2,40,30,10,40,40,2,38,24,4,6,6,10,2,6,6,6,2,5,3
2024,11,14,7,27,5,6,2,4,9,4,29,24,5,29,29,3,26,17,4,5,1,5,3,1,1,1,6,3,2
2024,11,14,8,27,6,12,3,3,16,1,37,31,6,37,37,6,31,22,3,7,3,9,6,2,2,2,4,6,3
2024,11,14,9,27,8,10,3,5,15,1,37,29,8,37,37,5,32,25,5,7,3,11,5,3,3,3,1,5,3
2024,11,14,10,27,9,6,6,6,19,2,48,39,9,48,48,6,42,28,3,7,6,11,6,5,5,5,6,3,6
2024,11,14,11,27,4,12,1,2,16,6,31,27,4,31,31,2,29,20,2,12,2,8,2,2,2,2,2,6,1
2024,11,15,0,28,6,10,1,4,16,5,37,31,6,37,37,2,35,22,2,10,4,9,2,6,6,6,3,5,1
2024,11,15,1,28,8,8,5,5,20,5,44,36,8,44,44,5,39,29,4,11,4,11,5,1,1,1,5,4,5
2024,11,15,2,28,4,2,2,5,11,2,30,26,4,30,30,4,26,19,3,6,1,9,4,5,5,5,3,1,2
2024,11,15,3,28,5,6,1,1,8,3,22,17,5,22,22,1,21,13,4,6,1,4,1,3,3,3,2,3,1
2024,11,15,4,28,8,6,1,1,12,4,30,22,8,30,30,3,27,18,5,6,3,3,3,4,4,4,4,3,1
2024,11,15,5,28,10,10,5,4,13,4,40,30,10,40,40,2,38,21,4,5,6,5,2,5,5,5,4,5,5
2024,11,15,6,28,5,10,1,6,11,2,30,25,5,30,30,2,28,20,3,7,2,11,2,3,3,3,1,5,1
2024,11,15,7,28,4,8,5,2,11,5,34,30,4,34,34,1,33,15,2,8,2,5,1,4,4,4,6,4,5
2024,11,15,8,28,7,12,6,6,16,3,44,37,7,44,44,2,42,23,1,8,6,11,2,4,4,4,5,6,6
2024,11,15,9,28,6,12,5,3,17,6,38,32,6,38,38,1,37,21,1,11,5,8,1,4,4,4,2,6,5
2024,11,15,10,28,11,12,6,5,16,4,50,39,11,50,50,1,49,27,6,10,5,11,1,6,6,6,5,6,6
2024,11,15,11,28,12,2,3,5,18,6,37,25,12,37,37,1,36,29,6,11,6,10,1,2,2,2,2,1,3
2024,11,16,0,28,8,2,6,2,15,2,38,30,8,38,38,4,34,19,2,5,6,5,4,6,6,6,6,1,6
2024,11,16,1,28,8,2,1,3,19,5,35,27,8,35,35,6,29,26,4,9,4,7,6,1,1,1,6,1,1
2024,11,16,2,28,9,6,2,6,21,6,40,31,9,40,40,5,35,31,4,11,5,11,5,1,1,1,3,3,2
2024,11,16,3,28,7,6,2,2,13,6,29,22,7,29,29,2,27,20,5,9,2,5,2,2,2,2,2,3,2
2024,11,16,4,28,10,6,6,6,16,2,39,29,10,39,39,2,37,26,4,8,6,12,2,2,2,2,2,3,6
2024,11,16,5,28,9,12,6,1,22,6,44,35,9,44,44,6,38,27,4,11,5,6,6,4,4,4,1,6,6
2024,11,16,6,28,8,10,4,2,12,3,35,27,8,35,35,3,32,17,3,4,5,3,3,3,3,3,6,5,4
2024,11,16,7,28,5,4,5,3,6,1,25,20,5,25,25,1,24,12,3,3,2,5,1,1,1,1,5,2,5
2024,11,16,8,28,7,12,3,2,18,5,43,36,7,43,43,4,39,22,2,9,5,6,4,6,6,6,6,6,3
2024,11,16,9,28,8,2,3,5,16,5,34,26,8,34,34,5,29,24,3,6,5,6,5,3,3,3,3,1,3
2024,11,16,10,28,12,2,3,1,15,3,32,20,12,32,32,4,28,22,6,5,6,3,4,3,3,3,3,1,3
2024,11,16,11,28,5,4,2,3,14,5,30,25,5,30,30,2,28,19,2,9,3,7,2,1,1,1,6,2,2
2024,11,17,0,28,5,4,1,6,12,3,30,25,5,30,30,4,26,21,3,6,2,9,4,5,5,5,1,2,1
2024,11,17,1,28,4,8,2,6,8,2,34,30,4,34,34,4,30,17,3,3,1,7,4,5,5,5,6,4,2
2024,11,17,2,28,8,6,1,2,16,5,33,25,8,33,33,3,30,22,4,9,4,6,3,4,4,4,3,3,1
2024,11,17,3,28,9,10,1,4,19,4,40,31,9,40,40,3,37,26,3,10,6,10,3,3,3,3,5,5,1
2024,11,17,4,28,4,12,6,5,9,3,32,28,4,32,32,3,29,16,2,4,2,6,3,1,1,1,3,6,6
2024,11,17,5,28,9,10,3,4,15,1,36,27,9,36,36,3,33,22,3,6,6,9,3,5,5,5,1,5,3
2024,11,17,6,28,5,8,6,4,10,2,36,31,5,36,36,2,34,16,2,5,3,7,2,4,4,4,6,4,6
2024,11,17,7,28,6,2,6,6,14,5,37,31,6,37,37,3,34,21,1,6,5,7,3,5,5,5,4,1,6
2024,11,17,8,28,5,2,2,1,14,5,25,20,5,25,25,2,23,17,2,9,3,5,2,2,2,2,3,1,2
2024,11,17,9,28,4,12,2,1,9,2,28,24,4,28,28,3,25,12,2,4,2,3,3,4,4,4,4,6,2
2024,11,17,10,28,10,8,5,6,16,6,43,33,10,43,43,2,41,26,4,8,6,8,2,6,6,6,2,4,5
2024,11,17,11,28,2,12,6,5,10,3,36,34,2,36,36,3,33,16,1,6,1,8,3,3,3,3,5,6,6
2024,11,18,0,28,7,4,2,6,19,4,41,34,7,41,41,6,35,28,3,9,4,11,6,6,6,6,3,2,2
2024,11,18,1,28,5,8,4,4,9,1,31,26,5,31,31,2,29,16,3,5,2,8,2,6,6,6,1,4,4
2024,11,18,2,28,6,8,5,5,15,4,35,29,6,35,35,6,29,23,3,6,3,7,6,2,2,2,1,4,5
2024,11,18,3,28,6,6,6,5,18,3,41,35,6,41,41,5,36,25,2,9,4,11,5,1,1,1,6,3,6
2024,11,18,4,28,7,12,6,1,13,2,34,27,7,34,34,1,33,17,3,8,4,7,1,4,4,4,1,6,6
2024,11,18,5,28,7,10,5,1,17,2,37,30,7,37,37,5,32,19,1,6,6,5,5,6,6,6,2,5,5
2024,11,18,6,28,5,12,4,2,6,1,33,28,5,33,33,1,32,11,3,3,2,4,1,6,6,6,6,6,4
2024,11,18,7,28,2,10,6,6,10,2,36,34,2,36,36,2,34,17,1,7,1,11,2,4,4,4,4,5,6
2024,11,18,8,28,5,2,6,4,16,4,41,36,5,41,41,4,37,23,3,10,2,10,4,6,6,6,5,1,6
2024,11,18,9,28,8,4,1,1,18,3,35,27,8,35,35,6,29,21,2,6,6,4,6,5,5,5,6,2,1
2024,11,18,10,28,7,8,5,1,13,1,36,29,7,36,36,3,33,16,2,5,5,5,3,6,6,6,5,4,5
2024,11,18,11,28,6,12,6,4,14,4,41,35,6,41,41,4,37,21,3,7,3,7,4,3,3,3,5,6,6
2024,11,19,0,28,8,6,5,5,12,6,40,32,8,40,40,1,39,21,4,7,4,6,1,6,6,6,5,3,5
2024,11,19,1,28,6,12,4,5,15,4,37,31,6,37,37,2,35,22,2,9,4,10,2,3,3,3,2,6,4
2024,11,19,2,28,5,6,3,5,17,6,41,36,5,41,41,6,35,24,2,8,3,7,6,6,6,6,5,3,3
2024,11,19,3,28,8,4,5,1,11,2,27,19,8,27,27,2,25,15,3,4,5,3,2,3,3,3,2,2,5
2024,11,19,4,28,7,2,5,3,19,2,36,29,7,36,36,6,30,24,2,8,5,9,6,4,4,4,2,1,5
2024,11,19,5,28,7,12,4,3,18,6,35,28,7,35,35,4,31,22,1,8,6,5,4,2,2,2,1,6,4
2024,11,19,6,28,10,8,2,5,18,6,43,33,10,43,43,1,42,27,4,11,6,10,1,6,6,6,4,4,2
2024,11,19,7,28,8,10,6,1,14,5,40,32,8,40,40,5,35,21,6,7,2,3,5,5,5,5,3,5,6
2024,11,19,8,28,6,6,6,6,14,3,41,35,6,41,41,4,37,22,2,6,4,9,4,4,4,4,6,3,6
2024,11,19,9,28,8,2,5,6,19,6,38,30,8,38,38,2,36,27,2,11,6,11,2,4,4,4,1,1,5
2024,11,19,10,28,7,8,2,6,14,5,38,31,7,38,38,5,33,25,5,7,2,8,5,4,4,4,3,4,2
2024,11,19,11,28,7,8,3,3,20,6,44,37,7,44,44,6,38,28,5,12,2,9,6,3,3,3,6,4,3
2024,11,20,0,28,12,12,6,4,18,3,49,37,12,49,49,4,45,28,6,8,6,9,4,6,6,6,3,6,6
2024,11,20,1,28,6,12,3,2,12,3,36,30,6,36,36,2,34,18,4,8,2,7,2,6,6,6,3,6,3
2024,11,20,2,28,2,10,1,5,11,2,30,28,2,30,30,2,28,17,1,8,1,11,2,1,1,1,6,5,1
2024,11,20,3,28,2,6,1,5,8,4,27,25,2,27,27,2,25,14,1,5,1,6,2,6,6,6,3,3,1
2024,11,20,4,28,9,6,1,4,12,3,31,22,9,31,31,1,30,20,4,6,5,7,1,3,3,3,4,3,1
2024,11,20,5,28,7,2,6,1,12,1,29,22,7,29,29,1,28,14,1,5,6,5,1,3,3,3,5,1,6
2024,11,20,6,28,10,10,4,1,16,6,37,27,10,37,37,1,36,23,6,11,4,6,1,3,3,3,2,5,4
2024,11,20,7,28,9,8,4,2,11,1,29,20,9,29,29,2,27,16,3,3,6,4,2,3,3,3,2,4,4
2024,11,20,8,28,5,6,5,6,15,1,38,33,5,38,38,5,33,23,2,7,3,12,5,1,1,1,6,3,5
2024,11,20,9,28,5,10,4,1,11,1,28,23,5,28,28,3,25,16,4,7,1,7,3,1,1,1,2,5,4
2024,11,20,10,28,10,4,2,1,18,6,32,22,10,32,32,5,27,23,4,7,6,2,5,1,1,1,4,2,2
2024,11,20,11,28,6,12,1,2,9,2,34,28,6,34,34,2,32,15,4,5,2,5,2,6,6,6,6,6,1
2024,11,21,0,28,8,4,6,4,18,6,42,34,8,42,42,2,40,26,4,12,4,10,2,3,3,3,5,2,6
2024,11,21,1,28,10,4,1,6,23,6,45,35,10,45,45,5,40,33,4,12,6,12,5,3,3,3,6,2,1
2024,11,21,2,28,7,12,1,1,17,4,33,26,7,33,33,5,28,19,1,6,6,3,5,6,6,6,1,6,1
2024,11,21,3,28,8,8,5,5,10,1,36,28,8,36,36,1,35,18,3,4,5,8,1,6,6,6,3,4,5
2024,11,21,4,28,6,4,5,4,15,5,38,32,6,38,38,2,36,23,4,11,2,10,2,6,6,6,2,2,5
2024,11,21,5,28,3,2,5,1,11,4,23,20,3,23,23,5,18,14,2,5,1,2,5,2,2,2,1,1,5
2024,11,21,6,28,6,2,4,3,13,5,36,30,6,36,36,3,33,21,5,9,1,7,3,5,5,5,5,1,4
2024,11,21,7,28,10,8,2,6,20,6,43,33,10,43,43,5,38,30,4,9,6,9,5,6,6,6,1,4,2
2024,11,21,8,28,11,12,1,1,14,6,31,20,11,31,31,1,30,20,5,7,6,2,1,1,1,1,3,6,1
2024,11,21,9,28,7,4,6,2,14,3,39,32,7,39,39,3,36,20,4,8,3,7,3,6,6,6,5,2,6
2024,11,21,10,28,3,10,6,3,7,1,27,24,3,27,27,2,25,11,1,3,2,5,2,2,2,2,3,5,6
2024,11,21,11,28,7,4,6,4,17,2,36,29,7,36,36,6,30,24,3,7,4,9,6,3,3,3,1,2,6
2024,11,22,0,29,8,10,4,4,15,3,40,32,8,40,40,4,36,23,4,7,4,8,4,5,5,5,3,5,4
2024,11,22,1,29,8,8,2,5,9,2,32,24,8,32,32,1,31,20,6,6,2,9,1,3,3,3,3,4,2
2024,11,22,2,29,8,12,2,5,10,4,32,24,8,32,32,3,29,21,6,5,2,6,3,2,2,2,1,6,2
2024,11,22,3,29,4,12,6,2,16,4,41,37,4,41,41,5,36,21,3,10,1,8,5,2,2,2,6,6,6
2024,11,22,4,29,4,4,1,5,14,2,33,29,4,33,33,4,29,20,1,7,3,10,4,4,4,4,6,2,1
2024,11,22,5,29,9,4,4,1,17,6,37,28,9,37,37,5,32,22,4,7,5,2,5,3,3,3,6,2,4
2024,11,22,6,29,7,10,3,5,11,4,36,29,7,36,36,3,33,21,5,6,2,7,3,4,4,4,3,5,3
2024,11,22,7,29,8,4,4,5,15,5,38,30,8,38,38,2,36,24,4,9,4,9,2,3,3,3,5,2,4
2024,11,22,8,29,6,10,5,1,14,4,36,30,6,36,36,3,33,18,3,8,3,5,3,2,2,2,6,5,5
2024,11,22,9,29,11,4,2,1,15,2,33,22,11,33,33,5,28,22,6,5,5,4,5,4,4,4,3,2,2
2024,11,22,10,29,4,12,2,3,9,2,27,23,4,27,27,4,23,15,3,4,1,5,4,1,1,1,3,6,2
2024,11,22,11,29,11,10,3,3,18,4,42,31,11,42,42,5,37,26,5,7,6,6,5,3,3,3,5,5,3
2024,11,23,0,29,8,4,3,4,16,6,35,27,8,35,35,3,32,25,5,10,3,8,3,3,3,3,2,2,3
2024,11,23,1,29,5,10,1,2,11,1,31,26,5,31,31,6,25,17,4,4,1,5,6,6,6,6,2,5,1
2024,11,23,2,29,10,12,1,1,14,3,31,21,10,31,31,5,26,20,5,4,5,2,5,1,1,1,3,6,1
2024,11,23,3,29,5,4,5,1,15,2,34,29,5,34,34,3,31,17,1,8,4,7,3,6,6,6,4,2,5
2024,11,23,4,29,6,10,2,2,19,4,41,35,6,41,41,6,35,24,3,10,3,8,6,6,6,6,4,5,2
2024,11,23,5,29,6,4,2,6,14,3,30,24,6,30,30,6,24,24,4,6,2,9,6,1,1,1,1,2,2
2024,11,23,6,29,9,8,3,2,18,6,37,28,9,37,37,3,34,26,6,12,3,8,3,1,1,1,3,4,3
2024,11,23,7,29,8,2,4,2,14,4,29,21,8,29,29,2,27,18,2,6,6,4,2,5,5,5,1,1,4
2024,11,23,8,29,10,2,2,3,21,3,38,28,10,38,38,6,32,28,4,9,6,9,6,4,4,4,3,1,2
2024,11,23,9,29,5,12,1,4,14,6,29,24,5,29,29,2,27,19,1,8,4,6,2,1,1,1,2,6,1
2024,11,23,10,29,12,6,5,5,21,6,48,36,12,48,48,4,44,32,6,11,6,10,4,6,6,6,2,3,5
2024,11,23,11,29,6,8,1,1,12,3,33,27,6,33,33,2,31,17,4,8,2,6,2,5,5,5,6,4,1
2024,11,24,0,29,9,6,6,4,11,1,32,23,9,32,32,2,30,18,3,3,6,6,2,2,2,2,3,3,6
2024,11,24,1,29,8,12,6,2,11,3,36,28,8,36,36,2,34,17,4,5,4,4,2,4,4,4,3,6,6
2024,11,24,2,29,10,12,2,5,13,3,40,30,10,40,40,5,35,24,6,4,4,6,5,6,6,6,2,6,2
2024,11,24,3,29,9,6,4,3,19,6,38,29,9,38,38,6,32,26,4,8,5,5,6,4,4,4,1,3,4
2024,11,24,4,29,10,2,2,3,16,2,35,25,10,35,35,5,30,25,6,7,4,8,5,3,3,3,4,1,2
2024,11,24,5,29,12,2,1,3,21,4,37,25,12,37,37,6,31,30,6,9,6,8,6,2,2,2,3,1,1
2024,11,24,6,29,10,8,5,6,14,4,42,32,10,42,42,2,40,26,6,8,4,10,2,3,3,3,4,4,5
2024,11,24,7,29,4,6,3,4,12,4,28,24,4,28,28,5,23,19,3,6,1,6,5,2,2,2,1,3,3
2024,11,24,8,29,6,8,6,1,18,6,38,32,6,38,38,5,33,23,4,11,2,6,5,2,2,2,3,4,6
2024,11,24,9,29,9,2,4,4,18,1,40,31,9,40,40,5,35,25,3,7,6,10,5,5,5,5,5,1,4
2024,11,24,10,29,5,10,1,2,22,6,37,32,5,37,37,6,31,25,1,12,4,8,6,4,4,4,2,5,1
2024,11,24,11,29,10,8,6,4,17,3,40,30,10,40,40,4,36,25,4,7,6,8,4,1,1,1,4,4,6
2024,11,25,0,29,8,10,1,2,18,5,33,25,8,33,33,2,31,22,2,10,6,7,2,2,2,2,3,5,1
2024,11,25,1,29,8,10,2,2,14,4,33,25,8,33,33,5,28,20,4,5,4,3,5,1,1,1,5,5,2
2024,11,25,2,29,6,8,2,1,7,2,27,21,6,27,27,2,25,13,5,4,1,3,2,2,2,2,6,4,2
2024,11,25,3,29,7,6,4,4,13,4,35,28,7,35,35,4,31,21,4,6,3,6,4,2,2,2,5,3,4
2024,11,25,4,29,10,6,2,6,16,2,41,31,10,41,41,5,36,27,5,6,5,10,5,6,6,6,3,3,2
2024,11,25,5,29,10,10,4,5,15,2,38,28,10,38,38,4,34,26,6,7,4,10,4,1,1,1,2,5,4
2024,11,25,6,29,6,2,2,5,9,3,23,17,6,23,23,2,21,17,3,4,3,6,2,2,2,2,1,1,2
2024,11,25,7,29,5,6,6,5,13,1,36,31,5,36,36,4,32,20,2,6,3,10,4,6,6,6,1,3,6
2024,11,25,8,29,8,8,5,3,16,3,38,30,8,38,38,5,33,22,3,6,5,6,5,4,4,4,3,4,5
2024,11,25,9,29,10,12,5,4,12,4,43,33,10,43,43,1,42,20,4,5,6,5,1,6,6,6,6,6,5
2024,11,25,10,29,10,4,5,2,19,5,39,29,10,39,39,5,34,26,5,9,5,6,5,5,5,5,1,2,5
2024,11,25,11,29,11,10,6,3,15,6,41,30,11,41,41,1,40,24,6,9,5,6,1,4,4,4,2,5,6
2024,11,26,0,29,8,8,2,6,13,3,38,30,8,38,38,2,36,23,4,7,4,10,2,5,5,5,4,4,2
2024,11,26,1,29,9,12,6,3,19,6,45,36,9,45,45,3,42,25,3,10,6,7,3,4,4,4,4,6,6
2024,11,26,2,29,8,8,5,1,15,5,35,27,8,35,35,4,31,22,6,9,2,5,4,2,2,2,2,4,5
2024,11,26,3,29,6,12,6,6,16,3,49,43,6,49,49,6,43,25,3,7,3,10,6,6,6,6,6,6,6
2024,11,26,4,29,5,4,5,1,10,4,29,24,5,29,29,3,26,14,3,5,2,2,3,5,5,5,3,2,5
2024,11,26,5,29,7,4,4,6,9,3,38,31,7,38,38,2,36,20,5,5,2,8,2,6,6,6,6,2,4
2024,11,26,6,29,4,6,6,4,13,5,32,28,4,32,32,2,30,18,1,8,3,7,2,2,2,2,3,3,6
2024,11,26,7,29,9,4,1,2,14,3,31,22,9,31,31,2,29,19,3,6,6,5,2,6,6,6,3,2,1
2024,11,26,8,29,9,8,1,5,13,2,36,27,9,36,36,3,33,21,3,4,6,7,3,4,4,4,6,4,1
2024,11,26,9,29,5,2,3,2,11,1,26,21,5,26,26,3,23,14,1,4,4,5,3,5,5,5,3,1,3
2024,11,26,10,29,10,6,1,3,12,4,26,16,10,26,26,1,25,20,5,6,5,5,1,1,1,1,1,3,1
2024,11,26,11,29,3,8,1,5,11,5,35,32,3,35,35,4,31,18,2,6,1,6,4,6,6,6,6,4,1
2024,11,27,0,29,9,2,4,4,11,1,30,21,9,30,30,3,27,20,5,4,4,7,3,4,4,4,1,1,4
2024,11,27,1,29,2,10,6,1,11,3,29,27,2,29,29,2,27,13,1,8,1,6,2,1,1,1,4,5,6
2024,11,27,2,29,9,6,4,2,9,3,30,21,9,30,30,1,29,16,5,4,4,3,1,4,4,4,3,3,4
2024,11,27,3,29,9,12,4,1,13,2,37,28,9,37,37,2,35,18,4,6,5,5,2,6,6,6,3,6,4
2024,11,27,4,29,6,6,3,2,17,6,32,26,6,32,32,6,26,23,4,9,2,5,6,2,2,2,1,3,3
2024,11,27,5,29,6,6,3,2,14,5,26,20,6,26,26,3,23,17,1,6,5,3,3,1,1,1,2,3,3
2024,11,27,6,29,4,6,3,3,9,2,31,27,4,31,31,3,28,15,3,5,1,6,3,6,6,6,4,3,3
2024,11,27,7,29,5,10,5,1,12,2,36,31,5,36,36,6,30,17,4,5,1,4,6,3,3,3,6,5,5
2024,11,27,8,29,9,12,1,4,17,5,36,27,9,36,36,3,33,25,4,9,5,8,3,1,1,1,3,6,1
2024,11,27,9,29,5,2,2,4,16,4,34,29,5,34,34,5,29,23,3,9,2,9,5,4,4,4,4,1,2
2024,11,27,10,29,6,10,3,5,12,3,35,29,6,35,35,3,32,20,3,6,3,8,3,5,5,5,2,5,3
2024,11,27,11,29,3,10,1,6,11,6,33,30,3,33,33,3,30,19,2,7,1,7,3,4,4,4,4,5,1
2024,11,28,0,29,8,2,1,4,22,6,38,30,8,38,38,4,34,28,2,12,6,10,4,4,4,4,4,1,1
2024,11,28,1,29,3,10,4,2,7,1,23,20,3,23,23,1,22,10,1,4,2,5,1,1,1,1,3,5,4
2024,11,28,2,29,7,6,2,6,16,6,38,31,7,38,38,3,35,23,1,7,6,7,3,5,5,5,5,3,2
2024,11,28,3,29,7,2,4,5,13,5,34,27,7,34,34,5,29,23,5,6,2,6,5,2,2,2,4,1,4
2024,11,28,4,29,2,6,4,5,15,6,31,29,2,31,31,5,26,21,1,9,1,8,5,2,2,2,1,3,4
2024,11,28,5,29,6,6,4,2,6,2,29,23,6,29,29,1,28,13,5,4,1,4,1,5,5,5,4,3,4
2024,11,28,6,29,8,12,3,3,15,4,40,32,8,40,40,3,37,23,5,9,3,8,3,5,5,5,3,6,3
2024,11,28,7,29,8,8,5,3,19,4,42,34,8,42,42,5,37,26,4,10,4,9,5,5,5,5,2,4,5
2024,11,28,8,29,6,10,3,3,16,5,35,29,6,35,35,1,34,20,1,10,5,8,1,2,2,2,5,5,3
2024,11,28,9,29,11,12,6,5,18,5,47,36,11,47,47,1,46,28,5,11,6,11,1,4,4,4,3,6,6
2024,11,28,10,29,7,4,2,1,14,1,28,21,7,28,28,2,26,17,2,7,5,7,2,2,2,2,5,2,2
2024,11,28,11,29,5,10,1,5,6,1,28,23,5,28,28,2,26,14,3,2,2,6,2,3,3,3,5,5,1
2024,11,29,0,30,3,10,5,6,13,4,40,37,3,40,40,4,36,21,2,8,1,10,4,6,6,6,3,5,5
2024,11,29,1,30,6,8,2,4,13,1,30,24,6,30,30,4,26,21,4,7,2,10,4,1,1,1,2,4,2
2024,11,29,2,30,6,4,3,2,10,3,27,21,6,27,27,2,25,14,2,4,4,3,2,4,4,4,4,2,3
2024,11,29,3,30,4,6,4,6,18,5,38,34,4,38,38,6,32,26,2,10,2,11,6,4,4,4,1,3,4
2024,11,29,4,30,10,6,4,5,12,1,30,20,10,30,30,4,26,21,4,2,6,6,4,1,1,1,1,3,4
2024,11,29,5,30,8,8,3,4,18,5,36,28,8,36,36,2,34,24,2,10,6,9,2,1,1,1,4,4,3
2024,11,29,6,30,9,10,3,5,19,5,45,36,9,45,45,4,41,29,5,11,4,11,4,3,3,3,5,5,3
2024,11,29,7,30,8,12,6,3,15,4,40,32,8,40,40,2,38,23,5,10,3,9,2,4,4,4,1,6,6
2024,11,29,8,30,5,6,3,6,13,3,36,31,5,36,36,5,31,20,1,4,4,7,5,5,5,5,5,3,3
2024,11,29,9,30,6,8,6,2,14,6,41,35,6,41,41,3,38,21,5,10,1,6,3,5,5,5,5,4,6
2024,11,29,10,30,6,6,5,6,12,2,36,30,6,36,36,2,34,22,4,8,2,12,2,2,2,2,4,3,5
2024,11,29,11,30,8,10,5,5,12,1,40,32,8,40,40,4,36,19,2,2,6,6,4,6,6,6,5,5,5
2024,11,30,0,30,11,10,5,2,16,3,37,26,11,37,37,5,32,23,5,5,6,4,5,2,2,2,2,5,5
2024,11,30,1,30,5,8,6,2,14,2,32,27,5,32,32,6,26,17,1,4,4,4,6,1,1,1,4,4,6
2024,11,30,2,30,7,10,3,5,15,5,42,35,7,42,42,1,41,23,3,10,4,10,1,5,5,5,6,5,3
2024,11,30,3,30,6,12,1,1,13,5,32,26,6,32,32,4,28,17,3,6,3,2,4,4,4,4,4,6,1
2024,11,30,4,30,3,2,5,6,13,4,39,36,3,39,39,2,37,21,2,10,1,12,2,6,6,6,6,1,5
2024,11,30,5,30,9,2,5,4,10,1,36,27,9,36,36,3,33,20,6,4,3,7,3,4,4,4,6,1,5
2024,11,30,6,30,4,4,5,6,11,5,35,31,4,35,35,1,34,19,2,8,2,9,1,3,3,3,6,2,5
2024,11,30,7,30,9,8,4,1,18,1,39,30,9,39,39,6,33,22,3,6,6,6,6,4,4,4,5,4,4
2024,11,30,8,30,3,12,3,1,8,4,22,19,3,22,22,1,21,11,2,6,1,3,1,1,1,1,1,6,3
2024,11,30,9,30,11,8,3,3,13,3,37,26,11,37,37,4,33,22,6,4,5,4,4,2,2,2,6,4,3
2024,11,30,10,30,2,12,5,5,9,5,31,29,2,31,31,2,29,15,1,6,1,6,2,4,4,4,1,6,5
2024,11,30,11,30,8,12,5,4,14,4,44,36,8,44,44,6,38,23,5,5,3,5,6,6,6,6,4,6,5
2024,12,1,0,31,10,12,3,6,13,3,43,33,10,43,43,1,42,24,5,7,5,10,1,4,4,4,6,6,3
2024,12,1,1,31,10,6,1,5,15,3,36,26,10,36,36,3,33,24,4,6,6,8,3,3,3,3,5,3,1
2024,12,1,2,31,9,2,3,3,19,4,41,32,9,41,41,5,36,27,5,10,4,9,5,6,6,6,4,1,3
2024,12,1,3,31,10,8,1,2,15,5,35,25,10,35,35,3,32,23,6,8,4,5,3,4,4,4,3,4,1
2024,12,1,4,31,6,10,3,5,14,5,36,30,6,36,36,4,32,22,3,7,3,7,4,4,4,4,2,5,3
2024,12,1,5,31,9,6,4,6,12,1,39,30,9,39,39,1,38,23,5,7,4,12,1,5,5,5,4,3,4
2024,12,1,6,31,7,8,1,6,14,1,35,28,7,35,35,2,33,22,2,7,5,12,2,2,2,2,6,4,1
2024,12,1,7,31,8,2,5,3,20,6,40,32,8,40,40,3,37,25,2,11,6,8,3,5,5,5,4,1,5
2024,12,1,8,31,7,8,1,5,12,1,31,24,7,31,31,4,27,19,2,3,5,7,4,1,1,1,6,4,1
2024,12,1,9,31,11,10,3,1,17,2,35,24,11,35,35,5,30,23,5,6,6,5,5,1,1,1,3,5,3
2024,12,1,10,31,4,12,2,1,15,6,34,30,4,34,34,1,33,17,1,11,3,6,1,3,3,3,6,6,2
2024,12,1,11,31,7,10,4,2,20,4,42,35,7,42,42,6,36,25,3,10,4,8,6,5,5,5,3,5,4
2024,12,2,0,31,11,12,5,3,16,3,41,30,11,41,41,3,38,25,6,8,5,8,3,2,2,2,3,6,5
2024,12,2,1,31,6,4,2,5,16,5,35,29,6,35,35,5,30,26,5,10,1,10,5,2,2,2,3,2,2
2024,12,2,2,31,5,10,6,5,10,1,38,33,5,38,38,2,36,18,3,6,2,10,2,4,4,4,5,5,6
2024,12,2,3,31,12,10,4,3,18,5,40,28,12,40,40,6,34,27,6,6,6,4,6,2,2,2,2,5,4
2024,12,2,4,31,7,6,3,1,12,3,27,20,7,27,27,1,26,15,2,6,5,4,1,3,3,3,3,3,3
2024,12,2,5,31,6,4,3,3,18,6,33,27,6,33,33,5,28,24,3,10,3,7,5,1,1,1,3,2,3
2024,12,2,6,31,9,12,6,3,23,6,53,44,9,53,53,6,47,30,4,12,5,9,6,5,5,5,6,6,6
2024,12,2,7,31,9,2,1,5,14,1,33,24,9,33,33,4,29,24,5,6,4,10,4,4,4,4,3,1,1
2024,12,2,8,31,5,12,5,4,16,6,44,39,5,44,44,5,39,21,1,7,4,5,5,6,6,6,6,6,5
2024,12,2,9,31,5,12,2,1,12,6,29,24,5,29,29,3,26,16,3,7,2,2,3,1,1,1,4,6,2
2024,12,2,10,31,8,6,4,6,10,1,38,30,8,38,38,6,32,22,6,2,2,7,6,3,3,3,6,3,4
2024,12,2,11,31,4,4,6,1,18,6,32,28,4,32,32,5,27,20,1,10,3,5,5,2,2,2,2,2,6
2024,12,3,0,31,9,6,5,4,10,1,30,21,9,30,30,3,27,20,6,4,3,7,3,1,1,1,1,3,5
2024,12,3,1,31,9,4,4,1,20,6,38,29,9,38,38,5,33,26,5,11,4,6,5,5,5,5,1,2,4
2024,12,3,2,31,10,10,5,3,20,5,47,37,10,47,47,6,41,28,5,9,5,7,6,6,6,6,3,5,5
2024,12,3,3,31,7,4,5,1,16,3,33,26,7,33,33,3,30,20,3,9,4,7,3,4,4,4,2,2,5
2024,12,3,4,31,6,6,1,4,13,3,31,25,6,31,31,3,28,21,4,8,2,9,3,4,4,4,2,3,1
2024,12,3,5,31,3,6,3,1,10,6,22,19,3,22,22,2,20,13,2,7,1,2,2,2,2,2,1,3,3
2024,12,3,6,31,9,2,2,5,16,6,31,22,9,31,31,2,29,25,4,9,5,8,2,1,1,1,2,1,2
2024,12,3,7,31,5,6,1,1,12,2,22,17,5,22,22,3,19,15,2,6,3,5,3,2,2,2,1,3,1
2024,12,3,8,31,10,6,2,2,18,6,35,25,10,35,35,3,32,26,6,11,4,7,3,2,2,2,2,3,2
2024,12,3,9,31,2,8,4,6,13,6,34,32,2,34,34,2,32,20,1,10,1,10,2,3,3,3,3,4,4
2024,12,3,10,31,11,12,3,3,18,1,45,34,11,45,45,6,39,26,5,6,6,8,6,5,5,5,5,6,3
2024,12,3,11,31,4,8,5,4,11,5,33,29,4,33,33,2,31,18,3,8,1,7,2,3,3,3,3,4,5
2024,12,4,0,31,6,2,4,1,13,6,30,24,6,30,30,2,28,18,4,9,2,4,2,4,4,4,3,1,4
2024,12,4,1,31,9,2,2,6,13,3,38,29,9,38,38,4,34,25,6,6,3,9,4,5,5,5,5,1,2
2024,12,4,2,31,4,10,4,1,16,6,39,35,4,39,39,4,35,20,3,11,1,6,4,6,6,6,4,5,4
2024,12,4,3,31,7,10,5,5,20,5,41,34,7,41,41,4,37,26,1,10,6,10,4,1,1,1,4,5,5
2024,12,4,4,31,3,2,4,3,13,3,26,23,3,26,26,4,22,17,1,7,2,7,4,2,2,2,2,1,4
2024,12,4,5,31,8,2,4,1,17,5,31,23,8,31,31,4,27,23,5,10,3,6,4,1,1,1,2,1,4
2024,12,4,6,31,4,10,3,2,13,2,31,27,4,31,31,6,25,17,2,5,2,5,6,3,3,3,3,5,3
2024,12,4,7,31,11,10,2,3,17,6,41,30,11,41,41,2,39,25,5,9,6,6,2,3,3,3,6,5,2
2024,12,4,8,31,4,12,3,3,10,2,33,29,4,33,33,2,31,14,1,5,3,6,2,5,5,5,5,6,3
2024,12,4,9,31,7,2,3,3,15,5,30,23,7,30,30,3,27,22,4,9,3,7,3,2,2,2,2,1,3
2024,12,4,10,31,6,8,2,3,16,5,34,28,6,34,34,4,30,20,1,7,5,5,4,5,5,5,3,4,2
2024,12,4,11,31,11,6,3,5,21,6,45,34,11,45,45,4,41,31,5,11,6,10,4,2,2,2,6,3,3
2024,12,5,0,31,5,2,3,1,14,2,26,21,5,26,26,4,22,17,2,7,3,6,4,3,3,3,2,1,3
2024,12,5,1,31,9,12,3,5,17,5,46,37,9,46,46,2,44,26,4,10,5,10,2,6,6,6,5,6,3
2024,12,5,2,31,8,6,6,5,13,2,37,29,8,37,37,3,34,20,2,4,6,7,3,6,6,6,2,3,6
2024,12,5,3,31,4,8,4,2,13,3,26,22,4,26,26,4,22,16,1,6,3,5,4,1,1,1,1,4,4
2024,12,5,4,31,5,6,2,4,15,4,28,23,5,28,28,4,24,20,1,7,4,7,4,2,2,2,1,3,2
2024,12,5,5,31,10,2,2,5,15,3,34,24,10,34,34,6,28,25,5,4,5,6,6,1,1,1,5,1,2
2024,12,5,6,31,8,8,5,5,10,1,37,29,8,37,37,5,32,21,6,3,2,7,5,3,3,3,4,4,5
2024,12,5,7,31,7,2,2,5,10,1,33,26,7,33,33,5,28,20,5,3,2,7,5,5,5,5,5,1,2
2024,12,5,8,31,5,12,1,5,11,1,33,28,5,33,33,2,31,19,3,7,2,11,2,5,5,5,2,6,1
2024,12,5,9,31,10,8,5,1,13,2,36,26,10,36,36,3,33,19,5,5,5,4,3,4,4,4,4,4,5
2024,12,5,10,31,4,10,3,3,11,3,29,25,4,29,29,2,27,16,2,7,2,7,2,4,4,4,1,5,3
2024,12,5,11,31,7,10,3,2,12,2,34,27,7,34,34,3,31,16,2,4,5,4,3,5,5,5,5,5,3
2024,12,6,0,31,10,4,6,3,15,3,41,31,10,41,41,6,35,23,5,4,5,4,6,4,4,4,6,2,6
2024,12,6,1,31,11,8,1,6,15,4,39,28,11,39,39,3,36,27,6,7,5,9,3,3,3,3,4,4,1
2024,12,6,2,31,6,6,1,3,13,3,34,28,6,34,34,4,30,20,4,7,2,7,4,4,4,4,6,3,1
2024,12,6,3,31,4,8,4,4,13,5,36,32,4,36,36,6,30,20,3,6,1,5,6,6,6,6,2,4,4
2024,12,6,4,31,7,4,5,5,13,1,38,31,7,38,38,5,33,24,6,7,1,11,5,5,5,5,2,2,5
2024,12,6,5,31,2,2,3,6,12,5,32,30,2,32,32,1,31,19,1,10,1,11,1,6,6,6,3,1,3
2024,12,6,6,31,9,8,2,1,14,1,31,22,9,31,31,2,29,18,3,6,6,6,2,1,1,1,6,4,2
2024,12,6,7,31,4,2,4,3,11,4,27,23,4,27,27,1,26,17,3,9,1,8,1,1,1,1,4,1,4
2024,12,6,8,31,9,12,2,1,20,6,37,28,9,37,37,6,31,26,5,10,4,5,6,1,1,1,2,6,2
2024,12,6,9,31,10,8,5,5,18,4,43,33,10,43,43,3,40,27,4,9,6,10,3,2,2,2,5,4,5
2024,12,6,10,31,5,6,1,2,17,1,32,27,5,32,32,6,26,20,1,7,4,8,6,3,3,3,5,3,1
2024,12,6,11,31,12,2,1,6,19,4,43,31,12,43,43,6,37,31,6,7,6,9,6,5,5,5,5,1,1
2024,12,7,0,31,12,12,6,1,17,4,47,35,12,47,47,3,44,24,6,8,6,5,3,6,6,6,5,6,6
2024,12,7,1,31,10,10,1,6,18,4,44,34,10,44,44,4,40,29,5,9,5,11,4,6,6,6,3,5,1
2024,12,7,2,31,12,12,6,6,16,1,45,33,12,45,45,6,39,28,6,4,6,9,6,3,3,3,2,6,6
2024,12,7,3,31,7,4,4,3,18,1,36,29,7,36,36,5,31,22,1,7,6,9,5,5,5,5,3,2,4
2024,12,7,4,31,9,6,5,1,18,2,44,35,9,44,44,6,38,24,5,8,4,7,6,6,6,6,6,3,5
2024,12,7,5,31,6,2,4,2,11,1,25,19,6,25,25,6,19,18,5,4,1,5,6,1,1,1,1,1,4
2024,12,7,6,31,8,12,4,6,17,6,44,36,8,44,44,5,39,28,5,9,3,9,5,3,3,3,3,6,4
2024,12,7,7,31,10,4,4,5,17,4,43,33,10,43,43,6,37,27,5,6,5,7,6,4,4,4,6,2,4
2024,12,7,8,31,6,2,5,5,18,5,39,33,6,39,39,6,33,27,4,10,2,10,6,5,5,5,1,1,5
2024,12,7,9,31,8,2,5,4,12,2,33,25,8,33,33,2,31,22,6,8,2,10,2,1,1,1,4,1,5
2024,12,7,10,31,6,10,5,1,15,3,35,29,6,35,35,4,31,20,4,9,2,7,4,1,1,1,4,5,5
2024,12,7,11,31,5,12,3,6,12,5,37,32,5,37,37,1,36,22,4,10,1,11,1,3,3,3,3,6,3
2024,12,8,0,32,9,4,1,5,9,3,29,20,9,29,29,1,28,20,6,5,3,7,1,2,2,2,4,2,1
2024,12,8,1,32,7,10,3,6,13,2,35,28,7,35,35,6,29,23,4,4,3,8,6,2,2,2,2,5,3
2024,12,8,2,32,8,4,1,4,16,6,29,21,8,29,29,1,28,22,2,9,6,7,1,2,2,2,2,2,1
2024,12,8,3,32,8,4,3,3,17,2,30,22,8,30,30,6,24,22,2,5,6,6,6,2,2,2,1,2,3
2024,12,8,4,32,2,8,4,4,12,4,33,31,2,33,33,6,27,17,1,5,1,5,6,5,5,5,3,4,4
2024,12,8,5,32,9,4,4,5,13,4,40,31,9,40,40,1,39,23,5,8,4,9,1,6,6,6,5,2,4
2024,12,8,6,32,11,10,5,5,21,6,46,35,11,46,46,5,41,31,5,10,6,9,5,1,1,1,4,5,5
2024,12,8,7,32,7,12,6,3,19,5,44,37,7,44,44,5,39,25,3,10,4,8,5,1,1,1,6,6,6
2024,12,8,8,32,10,12,4,3,17,2,40,30,10,40,40,4,36,24,4,7,6,8,4,4,4,4,2,6,4
2024,12,8,9,32,9,4,4,1,15,5,34,25,9,34,34,4,30,22,6,8,3,4,4,3,3,3,3,2,4
2024,12,8,10,32,3,8,1,4,16,5,37,34,3,37,37,4,33,22,2,11,1,10,4,6,6,6,4,4,1
2024,12,8,11,32,12,10,6,6,19,5,48,36,12,48,48,6,42,31,6,7,6,8,6,4,4,4,2,5,6
2024,12,9,0,32,6,4,3,1,13,5,29,23,6,29,29,4,25,19,5,8,1,4,4,4,4,4,1,2,3
2024,12,9,1,32,4,2,4,1,7,1,24,20,4,24,24,3,21,11,3,3,1,3,3,2,2,2,6,1,4
2024,12,9,2,32,6,4,4,2,7,2,28,22,6,28,28,1,27,12,3,3,3,3,1,5,5,5,5,2,4
2024,12,9,3,32,10,2,5,1,17,5,35,25,10,35,35,2,33,22,4,9,6,5,2,4,4,4,3,1,5
2024,12,9,4,32,4,6,2,2,11,1,28,24,4,28,28,4,24,15,2,5,2,6,4,3,3,3,5,3,2
2024,12,9,5,32,5,4,1,4,14,5,28,23,5,28,28,2,26,22,4,11,1,10,2,2,2,2,1,2,1
2024,12,9,6,32,6,8,4,3,13,1,36,30,6,36,36,4,32,20,4,7,2,9,4,5,5,5,3,4,4
2024,12,9,7,32,7,2,2,2,18,4,33,26,7,33,33,4,29,23,3,10,4,8,4,3,3,3,4,1,2
2024,12,9,8,32,8,12,4,1,18,2,33,25,8,33,33,4,29,21,2,8,6,7,4,1,1,1,1,6,4
2024,12,9,9,32,6,8,5,5,17,3,36,30,6,36,36,4,32,24,2,9,4,11,4,2,2,2,1,4,5
2024,12,9,10,32,10,4,2,3,22,6,44,34,10,44,44,5,39,30,5,12,5,9,5,5,5,5,5,2,2
2024,12,9,11,32,3,10,2,6,9,3,34,31,3,34,34,2,32,17,2,6,1,9,2,4,4,4,6,5,2
2024,12,10,0,32,7,12,3,6,17,4,41,34,7,41,41,6,35,24,1,5,6,7,6,6,6,6,2,6,3
2024,12,10,1,32,10,12,3,5,15,5,44,34,10,44,44,2,42,25,5,8,5,8,2,5,5,5,5,6,3
2024,12,10,2,32,8,2,6,6,19,6,44,36,8,44,44,6,38,28,3,8,5,8,6,3,3,3,6,1,6
2024,12,10,3,32,6,6,5,3,17,4,33,27,6,33,33,6,27,21,1,6,5,5,6,1,1,1,3,3,5
2024,12,10,4,32,7,10,5,5,15,5,44,37,7,44,44,6,38,25,5,7,2,7,6,3,3,3,6,5,5
2024,12,10,5,32,7,10,1,6,10,1,33,26,7,33,33,3,30,18,2,2,5,7,3,3,3,3,6,5,1
2024,12,10,6,32,4,12,4,5,12,6,37,33,4,37,37,3,34,20,3,8,1,7,3,6,6,6,1,6,4
2024,12,10,7,32,5,2,1,5,14,4,29,24,5,29,29,4,25,20,1,6,4,7,4,1,1,1,6,1,1
2024,12,10,8,32,6,12,5,5,8,2,34,28,6,34,34,3,31,17,4,3,2,6,3,5,5,5,1,6,5
2024,12,10,9,32,7,12,4,5,9,4,35,28,7,35,35,1,34,19,5,6,2,7,1,5,5,5,1,6,4
2024,12,10,10,32,7,6,3,4,14,3,35,28,7,35,35,6,29,23,5,6,2,7,6,3,3,3,3,3,3
2024,12,10,11,32,5,2,3,3,16,4,34,29,5,34,34,5,29,23,4,10,1,9,5,6,6,6,1,1,3
2024,12,11,0,32,5,10,5,1,11,3,33,28,5,33,33,3,30,15,3,6,2,4,3,5,5,5,3,5,5
2024,12,11,1,32,9,4,1,1,17,3,30,21,9,30,30,5,25,22,4,7,5,5,5,3,3,3,2,2,1
2024,12,11,2,32,6,4,1,6,16,5,35,29,6,35,35,3,32,26,4,11,2,12,3,5,5,5,1,2,1
2024,12,11,3,32,7,12,5,6,13,2,43,36,7,43,43,4,39,25,6,8,1,12,4,1,1,1,6,6,5
2024,12,11,4,32,9,2,1,1,18,6,32,23,9,32,32,4,28,24,5,10,4,5,4,5,5,5,1,1,1
2024,12,11,5,32,6,8,2,6,18,6,36,30,6,36,36,4,32,27,3,11,3,11,4,2,2,2,1,4,2
2024,12,11,6,32,4,10,3,3,11,4,29,25,4,29,29,2,27,17,3,8,1,7,2,3,3,3,1,5,3
2024,12,11,7,32,5,12,4,2,16,5,36,31,5,36,36,3,33,19,1,9,4,6,3,2,2,2,5,6,4
2024,12,11,8,32,6,4,6,2,10,1,35,29,6,35,35,2,33,16,4,6,2,7,2,5,5,5,6,2,6
2024,12,11,9,32,8,6,4,3,16,2,33,25,8,33,33,4,29,22,3,7,5,8,4,2,2,2,2,3,4
2024,12,11,10,32,9,12,6,2,17,3,45,36,9,45,45,6,39,25,6,8,3,7,6,2,2,2,6,6,6
2024,12,11,11,32,8,6,5,4,12,3,38,30,8,38,38,5,33,21,5,4,3,5,5,4,4,4,5,3,5
2024,12,12,0,32,11,4,2,3,22,5,41,30,11,41,41,6,35,31,6,11,5,9,6,1,1,1,5,2,2
2024,12,12,1,32,7,6,6,5,16,4,44,37,7,44,44,6,38,24,3,6,4,7,6,5,5,5,6,3,6
2024,12,12,2,32,9,10,4,3,18,4,40,31,9,40,40,4,36,26,5,10,4,9,4,1,1,1,4,5,4
2024,12,12,3,32,3,4,4,4,12,2,26,23,3,26,26,4,22,17,1,6,2,8,4,2,2,2,1,2,4
2024,12,12,4,32,8,12,3,2,17,5,39,31,8,39,39,6,33,24,5,8,3,5,6,5,5,5,1,6,3
2024,12,12,5,32,11,2,5,6,14,6,38,27,11,38,38,1,37,25,5,7,6,7,1,1,1,1,6,1,5
2024,12,12,6,32,4,8,6,5,15,4,41,37,4,41,41,4,37,23,3,10,1,11,4,4,4,4,4,4,6
2024,12,12,7,32,6,10,2,4,9,3,32,26,6,32,32,4,28,18,5,4,1,5,4,5,5,5,2,5,2
2024,12,12,8,32,2,8,1,3,14,6,29,27,2,29,29,4,25,18,1,9,1,6,4,5,5,5,1,4,1
2024,12,12,9,32,4,2,2,3,10,1,21,17,4,21,21,1,20,14,1,6,3,8,1,2,2,2,2,1,2
2024,12,12,10,32,6,10,4,5,9,3,34,28,6,34,34,1,33,16,2,4,4,6,1,4,4,4,5,5,4
2024,12,12,11,32,11,10,5,6,17,3,43,32,11,43,43,4,39,28,5,7,6,10,4,1,1,1,4,5,5
2024,12,13,0,32,6,10,2,6,9,1,37,31,6,37,37,6,31,20,5,2,1,7,6,6,6,6,4,5,2
2024,12,13,1,32,9,8,5,2,16,3,37,28,9,37,37,4,33,22,4,7,5,6,4,3,3,3,3,4,5
2024,12,13,2,32,6,8,6,5,18,1,42,36,6,42,42,6,36,24,1,7,5,11,6,6,6,6,2,4,6
2024,12,13,3,32,8,12,5,1,21,6,41,33,8,41,41,5,36,25,3,11,5,6,5,1,1,1,4,6,5
2024,12,13,4,32,9,8,4,6,16,4,39,30,9,39,39,5,34,26,4,6,5,8,5,1,1,1,4,4,4
2024,12,13,5,32,4,2,2,1,14,4,26,22,4,26,26,2,24,17,2,10,2,7,2,1,1,1,5,1,2
2024,12,13,6,32,11,2,2,3,20,6,37,26,11,37,37,6,31,28,5,8,6,5,6,5,5,5,1,1,2
2024,12,13,7,32,6,2,1,4,17,2,30,24,6,30,30,4,26,22,1,8,5,10,4,5,5,5,1,1,1
2024,12,13,8,32,3,10,3,1,9,2,24,21,3,24,24,3,21,11,1,4,2,3,3,1,1,1,4,5,3
2024,12,13,9,32,8,4,3,6,14,4,40,32,8,40,40,2,38,23,3,7,5,9,2,6,6,6,6,2,3
2024,12,13,10,32,3,8,5,5,14,5,34,31,3,34,34,4,30,21,2,9,1,9,4,1,1,1,3,4,5
2024,12,13,11,32,12,10,3,2,16,2,36,24,12,36,36,6,30,24,6,4,6,4,6,1,1,1,3,5,3
2024,12,14,0,32,8,12,4,1,16,5,41,33,8,41,41,2,39,22,5,11,3,7,2,4,4,4,5,6,4
2024,12,14,1,32,6,12,2,6,11,3,34,28,6,34,34,3,31,19,2,4,4,7,3,4,4,4,3,6,2
2024,12,14,2,32,8,12,4,3,18,2,43,35,8,43,43,5,38,23,2,7,6,8,5,5,5,5,5,6,4
2024,12,14,3,32,6,12,1,3,16,4,33,27,6,33,33,6,27,21,2,6,4,5,6,1,1,1,4,6,1
2024,12,14,4,32,5,10,4,2,16,1,38,33,5,38,38,6,32,20,2,7,3,8,6,4,4,4,5,5,4
2024,12,14,5,32,8,6,2,5,19,5,35,27,8,35,35,4,31,26,2,9,6,9,4,1,1,1,3,3,2
2024,12,14,6,32,6,10,3,2,8,1,25,19,6,25,25,5,20,15,5,2,1,3,5,1,1,1,1,5,3
2024,12,14,7,32,5,12,1,1,11,3,28,23,5,28,28,2,26,13,1,5,4,3,2,5,5,5,3,6,1
2024,12,14,8,32,10,2,2,6,16,2,38,28,10,38,38,6,32,28,6,6,4,10,6,4,4,4,3,1,2
2024,12,14,9,32,7,4,3,3,16,5,36,29,7,36,36,1,35,22,3,11,4,9,1,5,5,5,4,2,3
2024,12,14,10,32,8,10,2,3,17,5,35,27,8,35,35,2,33,24,4,11,4,9,2,2,2,2,2,5,2
2024,12,14,11,32,5,6,4,2,13,2,30,25,5,30,30,5,25,18,3,6,2,6,5,4,4,4,1,3,4
2024,12,15,0,33,5,8,2,3,15,2,29,24,5,29,29,5,24,19,1,6,4,7,5,3,3,3,1,4,2
2024,12,15,1,33,8,8,6,5,18,3,48,40,8,48,48,6,42,28,5,9,3,11,6,5,5,5,5,4,6
2024,12,15,2,33,2,2,6,5,9,1,30,28,2,30,30,1,29,15,1,7,1,11,1,6,6,6,2,1,6
2024,12,15,3,33,3,8,5,6,5,1,30,27,3,30,30,1,29,13,2,3,1,8,1,5,5,5,3,4,5
2024,12,15,4,33,8,6,2,4,22,6,37,29,8,37,37,6,31,30,4,12,4,10,6,1,1,1,1,3,2
2024,12,15,5,33,3,4,5,4,18,4,36,33,3,36,36,6,30,23,1,10,2,10,6,4,4,4,2,2,5
2024,12,15,6,33,7,12,5,6,15,2,45,38,7,45,45,6,39,27,6,8,1,12,6,4,4,4,3,6,5
2024,12,15,7,33,6,12,6,6,13,5,41,35,6,41,41,4,37,22,3,6,3,7,4,2,2,2,5,6,6
2024,12,15,8,33,9,4,1,2,12,5,32,23,9,32,32,3,29,20,6,6,3,3,3,6,6,6,3,2,1
2024,12,15,9,33,2,4,6,2,12,4,33,31,2,33,33,3,30,15,1,8,1,6,3,4,4,4,6,2,6
2024,12,15,10,33,8,12,3,6,15,2,40,32,8,40,40,6,34,24,3,4,5,8,6,1,1,1,6,6,3
2024,12,15,11,33,9,6,6,3,18,6,41,32,9,41,41,2,39,24,3,10,6,7,2,5,5,5,3,3,6
2024,12,16,0,33,7,12,3,1,7,1,23,16,7,23,23,1,22,12,4,3,3,3,1,1,1,1,1,6,3
2024,12,16,1,33,5,4,1,3,14,5,29,24,5,29,29,5,24,20,3,7,2,5,5,5,5,5,1,2,1
2024,12,16,2,33,7,6,5,4,12,5,39,32,7,39,39,2,37,21,5,8,2,7,2,6,6,6,4,3,5
2024,12,16,3,33,9,10,3,1,15,4,33,24,9,33,33,3,30,22,6,9,3,6,3,1,1,1,2,5,3
2024,12,16,4,33,7,6,6,6,20,5,45,38,7,45,45,6,39,29,3,10,4,11,6,2,2,2,5,3,6
2024,12,16,5,33,7,12,3,4,17,5,38,31,7,38,38,4,34,23,2,8,5,7,4,5,5,5,1,6,3
2024,12,16,6,33,8,6,3,5,9,1,28,20,8,28,28,4,24,19,5,2,3,6,4,2,2,2,1,3,3
2024,12,16,7,33,8,8,6,6,12,4,43,35,8,43,43,2,41,24,6,8,2,10,2,4,4,4,5,4,6
2024,12,16,8,33,9,4,4,6,21,6,41,32,9,41,41,6,35,30,3,9,6,9,6,4,4,4,1,2,4
2024,12,16,9,33,5,6,5,3,9,3,31,26,5,31,31,1,30,14,2,5,3,5,1,3,3,3,6,3,5
2024,12,16,10,33,5,8,6,6,13,1,38,33,5,38,38,6,32,21,2,4,3,9,6,4,4,4,3,4,6
2024,12,16,11,33,6,6,6,4,12,4,38,32,6,38,38,2,36,18,2,6,4,6,2,6,6,6,5,3,6
2024,12,17,0,33,7,2,3,3,16,1,31,24,7,31,31,4,27,20,1,6,6,8,4,4,4,4,3,1,3
2024,12,17,1,33,5,6,2,4,12,5,31,26,5,31,31,1,30,17,1,7,4,6,1,6,6,6,3,3,2
2024,12,17,2,33,5,8,1,3,9,2,24,19,5,24,24,4,20,15,3,3,2,4,4,3,3,3,1,4,1
2024,12,17,3,33,8,2,2,3,13,4,31,23,8,31,31,4,27,20,4,5,4,4,4,4,4,4,4,1,2
2024,12,17,4,33,7,8,2,6,15,6,35,28,7,35,35,2,33,22,1,7,6,7,2,4,4,4,3,4,2
2024,12,17,5,33,9,4,5,3,12,1,36,27,9,36,36,3,33,18,3,3,6,5,3,6,6,6,5,2,5
2024,12,17,6,33,6,12,2,2,14,3,35,29,6,35,35,5,30,21,5,8,1,7,5,4,4,4,2,6,2
2024,12,17,7,33,4,4,4,5,15,3,34,30,4,34,34,5,29,23,3,9,1,11,5,4,4,4,1,2,4
2024,12,17,8,33,5,6,2,3,18,4,37,32,5,37,37,6,31,24,3,10,2,9,6,6,6,6,2,3,2
2024,12,17,9,33,11,10,3,6,18,1,45,34,11,45,45,5,40,29,5,7,6,12,5,6,6,6,2,5,3
2024,12,17,10,33,8,2,6,1,15,5,31,23,8,31,31,4,27,21,5,8,3,4,4,1,1,1,2,1,6
2024,12,17,11,33,8,6,6,4,19,6,39,31,8,39,39,6,33,26,3,8,5,6,6,2,2,2,2,3,6
2024,12,18,0,33,5,10,5,3,12,4,34,29,5,34,34,2,32,19,4,9,1,8,2,4,4,4,1,5,5
2024,12,18,1,33,7,4,2,2,13,5,30,23,7,30,30,5,25,20,5,6,2,3,5,5,5,5,1,2,2
2024,12,18,2,33,12,4,2,1,14,4,31,19,12,31,31,2,29,21,6,6,6,3,2,3,3,3,3,2,2
2024,12,18,3,33,11,2,4,1,15,6,33,22,11,33,33,1,32,22,6,9,5,4,1,4,4,4,2,1,4
2024,12,18,4,33,7,6,4,6,18,6,42,35,7,42,42,6,36,27,3,8,4,8,6,4,4,4,4,3,4
2024,12,18,5,33,11,8,3,2,19,3,40,29,11,40,40,5,35,26,5,8,6,7,5,1,1,1,6,4,3
2024,12,18,6,33,7,6,6,5,10,2,38,31,7,38,38,3,35,21,6,6,1,9,3,3,3,3,5,3,6
2024,12,18,7,33,7,12,5,3,7,1,34,27,7,34,34,2,32,16,6,4,1,6,2,4,4,4,3,6,5
2024,12,18,8,33,12,6,5,5,21,4,48,36,12,48,48,5,43,32,6,10,6,11,5,3,3,3,5,3,5
2024,12,18,9,33,10,2,5,3,18,1,37,27,10,37,37,6,31,25,4,6,6,8,6,3,3,3,3,1,5
2024,12,18,10,33,5,4,6,1,16,4,31,26,5,31,31,3,28,18,1,9,4,6,3,2,2,2,3,2,6
2024,12,18,11,33,4,6,2,5,12,1,26,22,4,26,26,4,22,18,1,5,3,9,4,1,1,1,2,3,2
2024,12,19,0,33,6,8,4,2,9,2,29,23,6,29,29,4,25,15,4,3,2,3,4,2,2,2,4,4,4
2024,12,19,1,33,8,2,5,3,16,1,33,25,8,33,33,4,29,22,3,7,5,9,4,3,3,3,2,1,5
2024,12,19,2,33,11,8,6,5,17,4,46,35,11,46,46,4,42,27,5,7,6,8,4,3,3,3,6,4,6
2024,12,19,3,33,7,6,1,5,11,3,29,22,7,29,29,1,28,20,4,7,3,9,1,4,4,4,1,3,1
2024,12,19,4,33,6,12,6,1,15,2,38,32,6,38,38,6,32,20,4,7,2,6,6,1,1,1,5,6,6
2024,12,19,5,33,7,4,4,2,17,2,36,29,7,36,36,5,31,21,2,7,5,7,5,3,3,3,6,2,4
2024,12,19,6,33,7,2,3,3,15,4,31,24,7,31,31,4,27,23,5,9,2,8,4,3,3,3,1,1,3
2024,12,19,7,33,8,10,1,6,13,6,36,28,8,36,36,1,35,25,6,10,2,10,1,2,2,2,3,5,1
2024,12,19,8,33,11,6,2,2,13,2,32,21,11,32,32,1,31,21,6,7,5,7,1,5,5,5,1,3,2
2024,12,19,9,33,6,4,2,5,10,3,26,20,6,26,26,1,25,18,3,6,3,8,1,3,3,3,1,2,2
2024,12,19,10,33,4,12,1,4,14,6,33,29,4,33,33,3,30,20,2,9,2,7,3,1,1,1,5,6,1
2024,12,19,11,33,5,2,2,1,13,2,27,22,5,27,27,6,21,16,2,4,3,3,6,5,5,5,3,1,2
2024,12,20,0,33,6,2,6,1,15,3,32,26,6,32,32,6,26,19,3,6,3,4,6,2,2,2,4,1,6
2024,12,20,1,33,10,4,1,5,17,5,32,22,10,32,32,5,27,26,4,6,6,6,5,1,1,1,2,2,1
2024,12,20,2,33,8,12,6,2,16,1,37,29,8,37,37,5,32,20,2,5,6,6,5,2,2,2,3,6,6
2024,12,20,3,33,7,6,2,5,16,5,35,28,7,35,35,6,29,25,4,7,3,7,6,2,2,2,3,3,2
2024,12,20,4,33,8,12,6,3,14,2,40,32,8,40,40,4,36,21,4,6,4,7,4,1,1,1,6,6,6
2024,12,20,5,33,6,4,3,2,12,3,32,26,6,32,32,4,28,17,3,5,3,4,4,6,6,6,4,2,3
2024,12,20,6,33,9,4,2,5,18,3,41,32,9,41,41,5,36,28,5,9,4,11,5,6,6,6,3,2,2
2024,12,20,7,33,6,8,4,1,18,5,39,33,6,39,39,4,35,22,3,11,3,7,4,4,4,4,5,4,4
2024,12,20,8,33,3,6,4,3,8,1,25,22,3,25,25,5,20,13,2,2,1,4,5,2,2,2,3,3,4
2024,12,20,9,33,9,10,6,1,13,2,35,26,9,35,35,3,32,19,5,6,4,5,3,1,1,1,4,5,6
2024,12,20,10,33,7,4,3,2,13,5,31,24,7,31,31,3,28,20,5,8,2,5,3,3,3,3,3,2,3
2024,12,20,11,33,7,2,4,6,12,4,33,26,7,33,33,1,32,23,5,9,2,11,1,3,3,3,2,1,4
2024,12,21,0,33,8,2,2,2,12,1,28,20,8,28,28,5,23,19,5,4,3,5,5,1,1,1,5,1,2
2024,12,21,1,33,9,8,3,2,18,5,39,30,9,39,39,6,33,24,4,7,5,4,6,3,3,3,5,4,3
2024,12,21,2,33,7,12,4,4,16,3,40,33,7,40,40,5,35,22,2,6,5,7,5,2,2,2,6,6,4
2024,12,21,3,33,11,8,6,3,14,1,41,30,11,41,41,3,38,22,5,5,6,7,3,4,4,4,5,4,6
2024,12,21,4,33,2,6,1,4,13,4,24,22,2,24,24,6,18,18,1,6,1,6,6,1,1,1,1,3,1
2024,12,21,5,33,6,10,2,4,11,1,31,25,6,31,31,5,26,18,3,3,3,6,5,5,5,5,1,5,2
2024,12,21,6,33,6,12,6,5,13,2,39,33,6,39,39,5,34,20,2,4,4,7,5,2,2,2,5,6,6
2024,12,21,7,33,5,4,4,5,10,2,28,23,5,28,28,3,25,18,3,5,2,8,3,1,1,1,3,2,4
2024,12,21,8,33,10,6,6,6,17,5,44,34,10,44,44,6,38,29,6,7,4,8,6,3,3,3,3,3,6
2024,12,21,9,33,7,2,5,1,13,2,29,22,7,29,29,5,24,16,2,3,5,2,5,2,2,2,5,1,5
2024,12,21,10,33,3,10,2,6,7,1,29,26,3,29,29,1,28,15,2,5,1,10,1,4,4,4,3,5,2
2024,12,21,11,33,6,8,2,6,12,1,34,28,6,34,34,4,30,20,2,4,4,9,4,6,6,6,2,4,2
2024,12,22,0,34,6,10,4,4,13,5,35,29,6,35,35,3,32,21,4,8,2,7,3,3,3,3,2,5,4
2024,12,22,1,34,7,10,3,1,17,5,30,23,7,30,30,2,28,20,2,10,5,6,2,1,1,1,1,5,3
2024,12,22,2,34,10,2,1,3,14,5,37,27,10,37,37,4,33,23,6,6,4,4,4,6,6,6,6,1,1
2024,12,22,3,34,4,10,4,4,14,6,37,33,4,37,37,4,33,19,1,7,3,5,4,4,4,4,5,5,4
2024,12,22,4,34,11,10,3,5,15,6,44,33,11,44,44,2,42,26,6,8,5,7,2,4,4,4,6,5,3
2024,12,22,5,34,5,8,2,5,11,4,29,24,5,29,29,3,26,19,3,6,2,7,3,1,1,1,3,4,2
2024,12,22,6,34,7,8,3,2,16,6,37,30,7,37,37,4,33,21,3,8,4,4,4,4,4,4,5,4,3
2024,12,22,7,34,7,4,4,6,7,2,30,23,7,30,30,3,27,19,6,3,1,7,3,1,1,1,4,2,4
2024,12,22,8,34,7,10,5,4,18,4,40,33,7,40,40,6,34,26,4,9,3,9,6,1,1,1,3,5,5
2024,12,22,9,34,10,10,5,5,11,1,41,31,10,41,41,1,40,20,4,4,6,8,1,5,5,5,6,5,5
2024,12,22,10,34,9,12,3,2,12,1,31,22,9,31,31,2,29,18,4,5,5,6,2,1,1,1,3,6,3
2024,12,22,11,34,9,12,2,1,14,6,33,24,9,33,33,3,30,20,5,7,4,2,3,3,3,3,2,6,2
2024,12,23,0,34,6,4,6,3,13,2,37,31,6,37,37,4,33,20,4,7,2,8,4,6,6,6,3,2,6
2024,12,23,1,34,7,8,3,6,20,5,44,37,7,44,44,6,38,27,1,8,6,9,6,5,5,5,5,4,3
2024,12,23,2,34,7,6,1,4,10,1,27,20,7,27,27,2,25,16,2,3,5,6,2,6,6,6,1,3,1
2024,12,23,3,34,9,10,2,1,10,4,33,24,9,33,33,2,31,17,6,5,3,2,2,4,4,4,5,5,2
2024,12,23,4,34,10,2,2,2,15,5,32,22,10,32,32,2,30,22,5,8,5,5,2,5,5,5,2,1,2
2024,12,23,5,34,9,12,5,2,17,1,41,32,9,41,41,5,36,23,4,7,5,8,5,5,5,5,2,6,5
2024,12,23,6,34,10,6,5,3,20,3,41,31,10,41,41,6,35,27,4,8,6,8,6,5,5,5,1,3,5
2024,12,23,7,34,5,10,6,6,14,4,37,32,5,37,37,1,36,21,1,9,4,11,1,2,2,2,3,5,6
2024,12,23,8,34,7,4,3,1,17,6,38,31,7,38,38,5,33,24,6,11,1,6,5,6,6,6,3,2,3
2024,12,23,9,34,10,12,3,3,16,5,40,30,10,40,40,3,37,24,5,8,5,6,3,6,6,6,1,6,3
2024,12,23,10,34,9,6,6,6,19,6,49,40,9,49,49,3,46,29,4,11,5,11,3,6,6,6,5,3,6
2024,12,23,11,34,7,8,2,5,14,3,41,34,7,41,41,2,39,23,4,9,3,11,2,6,6,6,6,4,2
2024,12,24,0,34,8,6,2,3,17,5,35,27,8,35,35,5,30,23,3,7,5,5,5,5,5,5,2,3,2
2024,12,24,1,34,7,10,5,6,13,2,41,34,7,41,41,3,38,21,2,5,5,9,3,4,4,4,6,5,5
2024,12,24,2,34,6,4,2,3,13,3,34,28,6,34,34,4,30,20,4,7,2,7,4,4,4,4,6,2,2
2024,12,24,3,34,5,8,4,3,7,1,28,23,5,28,28,2,26,14,4,4,1,6,2,2,2,2,4,4,4
2024,12,24,4,34,4,10,2,5,16,6,41,37,4,41,41,5,36,23,2,9,2,8,5,6,6,6,5,5,2
2024,12,24,5,34,7,6,5,4,14,4,41,34,7,41,41,4,37,21,3,6,4,6,4,6,6,6,6,3,5
2024,12,24,6,34,10,8,3,5,13,4,42,32,10,42,42,3,39,23,5,5,5,6,3,6,6,6,6,4,3
2024,12,24,7,34,6,8,6,1,11,3,33,27,6,33,33,6,27,17,5,4,1,2,6,5,5,5,1,4,6
2024,12,24,8,34,8,4,1,4,15,6,34,26,8,34,34,1,33,21,2,8,6,6,1,6,6,6,4,2,1
2024,12,24,9,34,2,6,3,2,9,1,26,24,2,26,26,5,21,12,1,3,1,4,5,2,2,2,6,3,3
2024,12,24,10,34,10,2,6,4,16,4,39,29,10,39,39,6,33,26,6,6,4,6,6,1,1,1,5,1,6
2024,12,24,11,34,9,10,1,4,12,3,35,26,9,35,35,1,34,22,6,8,3,9,1,5,5,5,2,5,1
2024,12,25,0,34,5,2,5,3,10,2,27,22,5,27,27,3,24,14,1,3,4,4,3,1,1,1,6,1,5
2024,12,25,1,34,3,2,2,1,15,6,27,24,3,27,27,3,24,18,2,11,1,6,3,2,2,2,4,1,2
2024,12,25,2,34,9,8,3,4,15,1,34,25,9,34,34,4,30,24,5,7,4,10,4,2,2,2,1,4,3
2024,12,25,3,34,7,2,6,4,14,6,37,30,7,37,37,5,32,23,5,7,2,5,5,6,6,6,1,1,6
2024,12,25,4,34,9,10,2,1,16,5,38,29,9,38,38,4,34,22,5,8,4,4,4,5,5,5,4,5,2
2024,12,25,5,34,5,2,4,4,10,2,34,29,5,34,34,1,33,17,3,7,2,9,1,6,6,6,6,1,4
2024,12,25,6,34,7,4,3,2,13,5,28,21,7,28,28,2,26,17,2,6,5,3,2,3,3,3,3,2,3
2024,12,25,7,34,6,10,5,6,13,5,43,37,6,43,43,5,38,24,5,7,1,8,5,4,4,4,5,5,5
2024,12,25,8,34,11,4,3,4,22,4,44,33,11,44,44,6,38,31,5,10,6,10,6,4,4,4,4,2,3
2024,12,25,9,34,6,12,4,5,13,2,36,30,6,36,36,4,32,20,2,5,4,8,4,1,1,1,5,6,4
2024,12,25,10,34,7,8,1,5,15,5,38,31,7,38,38,4,34,22,2,6,5,6,4,5,5,5,6,4,1
2024,12,25,11,34,10,6,2,2,15,5,33,23,10,33,33,2,31,21,4,7,6,4,2,2,2,2,5,3,2
2024,12,26,0,34,9,10,5,6,11,3,41,32,9,41,41,2,39,23,6,6,3,9,2,6,6,6,2,5,5
2024,12,26,1,34,3,12,6,5,15,5,38,35,3,38,38,2,36,21,1,11,2,11,2,1,1,1,4,6,6
2024,12,26,2,34,10,2,2,2,16,3,33,23,10,33,33,6,27,24,6,6,4,5,6,4,4,4,2,1,2
2024,12,26,3,34,6,6,1,6,19,6,37,31,6,37,37,6,31,27,2,9,4,9,6,5,5,5,1,3,1
2024,12,26,4,34,11,8,2,5,19,2,39,28,11,39,39,5,34,29,5,8,6,11,5,3,3,3,1,4,2
2024,12,26,5,34,11,12,1,5,20,6,47,36,11,47,47,3,44,31,6,12,5,11,3,3,3,3,6,6,1
2024,12,26,6,34,8,2,3,3,16,1,32,24,8,32,32,5,27,21,2,5,6,7,5,2,2,2,5,1,3
2024,12,26,7,34,9,10,3,1,17,5,36,27,9,36,36,1,35,22,4,11,5,7,1,5,5,5,1,5,3
2024,12,26,8,34,10,2,4,5,18,3,37,27,10,37,37,5,32,27,4,7,6,9,5,2,2,2,3,1,4
2024,12,26,9,34,6,10,3,5,14,3,34,28,6,34,34,2,32,21,2,8,4,10,2,1,1,1,4,5,3
2024,12,26,10,34,8,8,1,2,13,1,26,18,8,26,26,6,20,18,3,2,5,3,6,2,2,2,1,4,1
2024,12,26,11,34,10,4,1,5,18,4,41,31,10,41,41,5,36,29,6,9,4,10,5,3,3,3,6,2,1
2024,12,27,0,34,8,4,1,6,13,4,34,26,8,34,34,3,31,24,5,7,3,9,3,2,2,2,5,2,1
2024,12,27,1,34,5,8,4,1,9,3,26,21,5,26,26,2,24,12,2,4,3,2,2,5,5,5,1,4,4
2024,12,27,2,34,6,12,5,5,15,6,42,36,6,42,42,2,40,24,4,11,2,10,2,2,2,2,5,6,5
2024,12,27,3,34,8,10,2,1,13,1,34,26,8,34,34,4,30,18,4,5,4,5,4,3,3,3,6,5,2
2024,12,27,4,34,6,8,5,1,12,4,28,22,6,28,28,1,27,16,3,8,3,5,1,2,2,2,1,4,5
2024,12,27,5,34,5,4,6,3,7,1,24,19,5,24,24,1,23,13,3,4,2,6,1,2,2,2,1,2,6
2024,12,27,6,34,3,4,2,1,15,6,30,27,3,30,30,3,27,17,1,10,2,5,3,6,6,6,3,2,2
2024,12,27,7,34,5,4,4,3,19,6,33,28,5,33,33,6,27,23,1,9,4,6,6,1,1,1,3,2,4
2024,12,27,8,34,5,4,2,5,14,3,31,26,5,31,31,5,26,23,4,8,1,10,5,2,2,2,2,2,2
2024,12,27,9,34,8,6,6,5,15,5,40,32,8,40,40,6,34,25,5,6,3,6,6,4,4,4,2,3,6
2024,12,27,10,34,8,6,5,3,16,5,41,33,8,41,41,6,35,25,6,8,2,6,6,4,4,4,4,3,5
2024,12,27,11,34,6,6,3,2,10,3,25,19,6,25,25,1,24,13,1,4,5,3,1,4,4,4,2,3,3
2024,12,28,0,34,7,8,6,5,13,2,40,33,7,40,40,5,35,22,4,5,3,8,5,2,2,2,6,4,6
2024,12,28,1,34,8,12,3,3,22,6,45,37,8,45,45,4,41,27,2,12,6,9,4,3,3,3,6,6,3
2024,12,28,2,34,11,6,4,6,12,1,42,31,11,42,42,2,40,24,6,5,5,10,2,5,5,5,6,3,4
2024,12,28,3,34,7,10,5,1,16,1,35,28,7,35,35,6,29,21,4,7,3,7,6,1,1,1,3,5,5
2024,12,28,4,34,11,6,3,5,15,2,38,27,11,38,38,5,33,25,5,4,6,7,5,3,3,3,4,3,3
2024,12,28,5,34,9,2,2,2,16,2,29,20,9,29,29,2,27,21,3,8,6,8,2,4,4,4,1,1,2
2024,12,28,6,34,4,4,3,2,13,4,30,26,4,30,30,3,27,16,1,7,3,5,3,6,6,6,3,2,3
2024,12,28,7,34,11,4,4,5,21,4,45,34,11,45,45,5,40,31,5,10,6,11,5,5,5,5,3,2,4
2024,12,28,8,34,8,8,5,3,13,4,37,29,8,37,37,3,34,20,4,6,4,5,3,2,2,2,6,4,5
2024,12,28,9,34,6,10,5,1,10,1,31,25,6,31,31,4,27,14,3,3,3,3,4,4,4,4,3,5,5
2024,12,28,10,34,6,4,6,6,10,2,37,31,6,37,37,3,34,21,5,6,1,10,3,2,2,2,6,2,6
2024,12,28,11,34,4,12,4,6,13,4,36,32,4,36,36,1,35,20,1,9,3,11,1,3,3,3,3,6,4
2024,12,29,0,35,4,12,1,3,7,1,27,23,4,27,27,1,26,12,2,4,2,6,1,4,4,4,4,6,1
2024,12,29,1,35,12,10,5,5,16,1,42,30,12,42,42,3,39,27,6,7,6,11,3,4,4,4,1,5,5
2024,12,29,2,35,7,8,4,3,21,5,38,31,7,38,38,5,33,26,2,11,5,9,5,2,2,2,2,4,4
2024,12,29,3,35,12,2,2,4,11,2,30,18,12,30,30,2,28,21,6,3,6,5,2,4,4,4,2,1,2
2024,12,29,4,35,6,6,2,3,14,4,34,28,6,34,34,5,29,22,5,8,1,7,5,1,1,1,6,3,2
2024,12,29,5,35,8,12,3,4,15,3,35,27,8,35,35,2,33,22,3,8,5,9,2,3,3,3,1,6,3
2024,12,29,6,35,7,12,1,1,18,2,38,31,7,38,38,6,32,22,3,8,4,7,6,3,3,3,6,6,1
2024,12,29,7,35,4,8,6,1,16,6,34,30,4,34,34,3,31,19,2,11,2,6,3,2,2,2,3,4,6
2024,12,29,8,35,5,8,1,3,12,3,32,27,5,32,32,5,27,18,3,5,2,5,5,3,3,3,6,4,1
2024,12,29,9,35,2,12,2,6,11,5,36,34,2,36,36,2,34,18,1,8,1,9,2,5,5,5,5,6,2
2024,12,29,10,35,7,4,4,6,8,5,30,23,7,30,30,1,29,20,6,6,1,7,1,3,3,3,1,2,4
2024,12,29,11,35,9,2,3,1,13,2,27,18,9,27,27,1,26,17,3,6,6,5,1,5,5,5,1,1,3
2024,12,30,0,35,9,6,3,2,18,5,41,32,9,41,41,3,38,25,5,11,4,8,3,4,4,4,6,3,3
2024,12,30,1,35,7,6,4,1,15,2,29,22,7,29,29,2,27,17,1,7,6,6,2,2,2,2,3,3,4
2024,12,30,2,35,10,8,5,1,22,6,44,34,10,44,44,6,38,27,4,10,6,5,6,3,3,3,5,4,5
2024,12,30,3,35,8,6,2,6,9,1,36,28,8,36,36,3,33,20,5,3,3,8,3,6,6,6,5,3,2
2024,12,30,4,35,9,4,4,4,10,2,33,24,9,33,33,3,30,20,6,4,3,6,3,5,5,5,2,2,4
2024,12,30,5,35,8,4,6,4,17,6,41,33,8,41,41,2,39,23,2,9,6,7,2,6,6,6,4,2,6
2024,12,30,6,35,5,8,1,1,11,3,27,22,5,27,27,3,24,14,2,5,3,3,3,6,6,6,2,4,1
2024,12,30,7,35,9,4,5,4,17,4,35,26,9,35,35,5,30,26,5,8,4,8,5,1,1,1,1,2,5
2024,12,30,8,35,7,10,1,1,13,4,35,28,7,35,35,5,30,20,6,7,1,4,5,6,6,6,3,5,1
2024,12,30,9,35,8,4,5,2,17,6,40,32,8,40,40,3,37,23,4,10,4,6,3,4,4,4,6,2,5
2024,12,30,10,35,4,6,2,3,9,1,25,21,4,25,25,1,24,14,2,6,2,8,1,1,1,1,5,3,2
2024,12,30,11,35,8,4,2,2,11,3,27,19,8,27,27,3,24,18,5,5,3,4,3,4,4,4,1,2,2
2024,12,31,0,35,10,12,5,3,16,1,42,32,10,42,42,6,36,24,5,5,5,7,6,4,4,4,3,6,5
2024,12,31,1,35,9,4,5,1,15,3,38,29,9,38,38,4,34,22,6,8,3,6,4,5,5,5,4,2,5
2024,12,31,2,35,6,10,2,3,17,5,41,35,6,41,41,5,36,22,2,8,4,6,5,6,6,6,6,5,2
2024,12,31,3,35,8,12,6,1,16,4,41,33,8,41,41,5,36,23,6,9,2,6,5,4,4,4,2,6,6
2024,12,31,4,35,9,8,5,5,9,3,39,30,9,39,39,2,37,20,6,4,3,6,2,4,4,4,6,4,5
2024,12,31,5,35,8,6,6,4,11,4,36,28,8,36,36,1,35,18,3,5,5,5,1,5,5,5,4,3,6
2024,12,31,6,35,11,12,4,5,17,4,45,34,11,45,45,6,39,28,6,6,5,7,6,1,1,1,6,6,4
2024,12,31,7,35,2,6,6,1,13,5,32,30,2,32,32,2,30,15,1,10,1,6,2,4,4,4,4,3,6
2024,12,31,8,35,6,4,5,2,12,4,36,30,6,36,36,6,30,19,5,5,1,3,6,6,6,6,4,2,5
2024,12,31,9,35,6,6,3,3,14,4,33,27,6,33,33,4,29,18,1,5,5,4,4,4,4,4,5,3,3
2024,12,31,10,35,7,4,6,3,16,6,39,32,7,39,39,4,35,24,5,10,2,7,4,2,2,2,5,2,6
2024,12,31,11,35,7,12,6,2,15,4,40,33,7,40,40,3,37,22,5,10,2,8,3,1,1,1,5,6,6
2025,1,1,0,36,5,8,4,1,6,2,29,24,5,29,29,2,27,11,4,3,1,2,2,6,6,6,4,4,4
2025,1,1,1,36,5,2,6,1,18,2,31,26,5,31,31,6,25,20,1,8,4,7,6,2,2,2,2,1,6
2025,1,1,2,36,10,8,3,2,13,1,33,23,10,33,33,4,29,19,4,3,6,4,4,3,3,3,4,4,3
2025,1,1,3,36,9,8,1,1,18,6,35,26,9,35,35,5,30,25,6,10,3,5,5,4,4,4,1,4,1
2025,1,1,4,36,7,4,6,4,18,5,38,31,7,38,38,3,35,23,1,9,6,8,3,3,3,3,4,2,6
2025,1,1,5,36,7,10,2,4,16,6,38,31,7,38,38,4,34,23,3,8,4,6,4,2,2,2,6,5,2
2025,1,1,6,36,7,8,2,1,18,4,28,21,7,28,28,2,26,20,1,10,6,7,2,1,1,1,1,4,2
2025,1,1,7,36,10,8,1,3,17,4,35,25,10,35,35,4,31,24,4,7,6,6,4,1,1,1,5,4,1
2025,1,1,8,36,2,2,4,5,11,4,29,27,2,29,29,3,26,17,1,7,1,8,3,3,3,3,4,1,4
2025,1,1,9,36,10,6,1,3,12,1,34,24,10,34,34,3,31,20,5,4,5,6,3,6,6,6,4,3,1
2025,1,1,10,36,9,10,3,5,14,6,36,27,9,36,36,1,35,24,5,9,4,8,1,2,2,2,2,5,3
2025,1,1,11,36,5,10,2,6,11,3,38,33,5,38,38,5,33,20,3,4,2,7,5,5,5,5,6,5,2
2025,1,2,0,36,8,10,6,5,13,1,36,28,8,36,36,1,35,21,3,7,5,11,1,1,1,1,3,5,6
2025,1,2,1,36,7,6,5,6,13,5,41,34,7,41,41,3,38,23,4,7,3,8,3,5,5,5,5,3,5
2025,1,2,2,36,8,4,5,2,12,3,36,28,8,36,36,5,31,20,6,5,2,4,5,3,3,3,6,2,5
2025,1,2,3,36,11,4,4,4,16,3,39,28,11,39,39,6,33,25,5,4,6,5,6,6,6,6,2,2,4
2025,1,2,4,36,6,12,4,6,18,6,42,36,6,42,42,3,39,26,2,11,4,11,3,5,5,5,1,6,4
2025,1,2,5,36,8,10,1,6,20,6,48,40,8,48,48,6,42,31,5,11,3,11,6,6,6,6,5,5,1
2025,1,2,6,36,4,12,2,5,12,2,31,27,4,31,31,5,26,20,3,6,1,9,5,2,2,2,1,6,2
2025,1,2,7,36,11,4,2,5,17,4,37,26,11,37,37,6,31,27,5,5,6,6,6,4,4,4,2,2,2
2025,1,2,8,36,4,2,6,4,15,4,38,34,4,38,38,4,34,21,2,9,2,9,4,4,4,4,6,1,6
2025,1,2,9,36,7,10,4,6,13,1,42,35,7,42,42,6,36,25,6,6,1,11,6,6,6,6,2,5,4
2025,1,2,10,36,12,10,4,3,17,4,39,27,12,39,39,3,36,26,6,8,6,7,3,2,2,2,2,5,4
2025,1,2,11,36,9,2,3,5,22,6,39,30,9,39,39,5,34,30,3,11,6,10,5,4,4,4,1,1,3
2025,1,3,0,36,5,10,4,3,12,3,33,28,5,33,33,4,29,16,1,4,4,4,4,5,5,5,3,5,4
2025,1,3,1,36,8,12,5,4,8,2,35,27,8,35,35,2,33,18,6,4,2,6,2,3,3,3,3,6,5
2025,1,3,2,36,10,4,5,1,13,1,36,26,10,36,36,1,35,19,5,7,5,7,1,6,6,6,4,2,5
2025,1,3,3,36,6,4,3,2,14,2,33,27,6,33,33,5,28,21,5,8,1,8,5,4,4,4,3,2,3
2025,1,3,4,36,5,10,5,2,15,6,33,28,5,33,33,1,32,20,3,12,2,8,1,1,1,1,2,5,5
2025,1,3,5,36,10,10,6,5,16,6,43,33,10,43,43,3,40,25,4,7,6,6,3,3,3,3,4,5,6
2025,1,3,6,36,8,12,5,6,19,4,45,37,8,45,45,6,39,28,3,8,5,10,6,2,2,2,4,6,5
2025,1,3,7,36,5,6,3,6,8,2,30,25,5,30,30,2,28,16,2,3,3,7,2,5,5,5,3,3,3
2025,1,3,8,36,12,12,1,6,15,6,45,33,12,45,45,2,43,27,6,7,6,7,2,6,6,6,5,6,1
2025,1,3,9,36,6,8,4,5,13,4,39,33,6,39,39,5,34,23,5,7,1,8,5,4,4,4,4,4,4
2025,1,3,10,36,6,12,5,3,17,5,38,32,6,38,38,4,34,21,1,8,5,6,4,4,4,4,2,6,5
2025,1,3,11,36,9,4,4,5,17,4,41,32,9,41,41,6,35,28,6,8,3,9,6,3,3,3,4,2,4
2025,1,4,0,36,9,6,5,6,17,2,42,33,9,42,42,4,38,26,3,7,6,11,4,3,3,3,5,3,5
2025,1,4,1,36,9,4,3,1,13,4,30,21,9,30,30,3,27,20,6,7,3,4,3,2,2,2,3,2,3
2025,1,4,2,36,6,2,6,3,12,4,34,28,6,34,34,5,29,19,4,5,2,4,5,5,5,5,3,1,6
2025,1,4,3,36,7,10,3,3,13,1,37,30,7,37,37,3,34,17,1,4,6,6,3,6,6,6,6,5,3
2025,1,4,4,36,3,10,1,4,14,6,32,29,3,32,32,3,29,20,2,10,1,8,3,1,1,1,5,5,1
2025,1,4,5,36,6,4,6,2,14,3,35,29,6,35,35,2,33,17,1,7,5,6,2,4,4,4,6,2,6
2025,1,4,6,36,7,10,5,4,15,5,36,29,7,36,36,3,33,20,1,6,6,5,3,2,2,2,4,5,5
2025,1,4,7,36,3,12,4,5,13,4,38,35,3,38,38,5,33,19,1,6,2,7,5,6,6,6,3,6,4
2025,1,4,8,36,9,12,3,6,11,1,38,29,9,38,38,5,33,23,6,3,3,8,5,5,5,5,1,6,3
2025,1,4,9,36,3,10,2,5,17,6,42,39,3,42,42,5,37,24,2,11,1,10,5,6,6,6,5,5,2
2025,1,4,10,36,8,10,5,3,21,6,43,35,8,43,43,4,39,27,3,12,5,9,4,4,4,4,2,5,5
2025,1,4,11,36,6,8,2,3,13,2,31,25,6,31,31,5,26,17,1,3,5,4,5,2,2,2,6,4,2
2025,1,5,0,36,4,12,4,2,11,5,30,26,4,30,30,1,29,15,2,8,2,5,1,1,1,1,4,6,4
2025,1,5,1,36,9,10,2,1,12,4,31,22,9,31,31,3,28,19,6,6,3,3,3,4,4,4,1,5,2
2025,1,5,2,36,6,6,6,2,18,6,42,36,6,42,42,5,37,21,1,8,5,4,5,6,6,6,6,3,6
2025,1,5,3,36,3,10,5,5,17,3,42,39,3,42,42,6,36,23,1,9,2,11,6,6,6,6,3,5,5
2025,1,5,4,36,8,10,3,2,14,3,38,30,8,38,38,3,35,22,6,9,2,8,3,2,2,2,6,5,3
2025,1,5,5,36,5,10,5,6,13,1,37,32,5,37,37,6,31,20,1,3,4,8,6,3,3,3,4,5,5
2025,1,5,6,36,9,12,3,4,15,5,45,36,9,45,45,1,44,24,5,10,4,9,1,6,6,6,6,6,3
2025,1,5,7,36,10,10,6,6,20,5,51,41,10,51,51,5,46,30,4,9,6,10,5,5,5,5,5,5,6
2025,1,5,8,36,6,4,4,1,16,3,32,26,6,32,32,6,26,20,3,7,3,5,6,4,4,4,2,2,4
2025,1,5,9,36,3,12,3,5,13,1,35,32,3,35,35,6,29,20,2,6,1,10,6,4,4,4,2,6,3
2025,1,5,10,36,6,6,4,3,12,2,35,29,6,35,35,5,30,20,5,6,1,7,5,3,3,3,5,3,4
2025,1,5,11,36,3,10,5,4,9,2,29,26,3,29,29,5,24,15,2,3,1,5,5,3,3,3,1,5,5
2025,1,6,0,36,7,8,2,2,15,3,38,31,7,38,38,5,33,22,5,8,2,7,5,4,4,4,6,4,2
2025,1,6,1,36,9,6,2,2,21,6,41,32,9,41,41,4,37,27,4,12,5,8,4,6,6,6,3,3,2
2025,1,6,2,36,7,4,4,5,18,6,42,35,7,42,42,5,37,29,6,12,1,11,5,1,1,1,6,2,4
2025,1,6,3,36,7,8,3,2,12,4,35,28,7,35,35,3,32,19,5,7,2,5,3,4,4,4,5,4,3
2025,1,6,4,36,5,8,4,5,16,3,40,35,5,40,40,5,35,24,3,9,2,11,5,4,4,4,4,4,4
2025,1,6,5,36,12,8,2,3,15,3,37,25,12,37,37,1,36,24,6,8,6,8,1,2,2,2,5,4,2
2025,1,6,6,36,7,10,5,2,14,2,35,28,7,35,35,1,34,18,2,8,5,8,1,1,1,1,6,5,5
2025,1,6,7,36,3,10,6,1,12,1,30,27,3,30,30,6,24,15,2,5,1,5,6,2,2,2,2,5,6
2025,1,6,8,36,6,4,4,4,12,3,34,28,6,34,34,4,30,19,3,5,3,6,4,6,6,6,3,2,4
2025,1,6,9,36,9,10,3,2,20,4,38,29,9,38,38,4,34,25,3,10,6,8,4,1,1,1,4,5,3
2025,1,6,10,36,4,6,3,2,16,3,32,28,4,32,32,4,28,19,1,9,3,8,4,1,1,1,6,3,3
2025,1,6,11,36,7,10,5,6,19,1,44,37,7,44,44,6,38,26,1,7,6,12,6,6,6,6,2,5,5
2025,1,7,0,36,8,8,1,5,14,3,37,29,8,37,37,2,35,21,2,6,6,8,2,6,6,6,5,4,1
2025,1,7,1,36,7,2,6,2,11,3,30,23,7,30,30,5,25,18,5,4,2,3,5,3,3,3,2,1,6
2025,1,7,2,36,11,6,6,4,13,1,34,23,11,34,34,1,33,23,6,7,5,10,1,1,1,1,1,3,6
2025,1,7,3,36,9,6,4,1,15,2,32,23,9,32,32,6,26,20,4,4,5,3,6,1,1,1,4,3,4
2025,1,7,4,36,7,6,6,6,11,3,36,29,7,36,36,2,34,21,4,6,3,9,2,4,4,4,2,3,6
2025,1,7,5,36,10,12,5,6,11,2,37,27,10,37,37,2,35,21,4,3,6,7,2,3,3,3,2,6,5
2025,1,7,6,36,9,4,5,4,18,4,40,31,9,40,40,4,36,26,4,9,5,9,4,6,6,6,1,2,5
2025,1,7,7,36,8,2,2,4,13,4,29,21,8,29,29,5,24,23,6,6,2,6,5,2,2,2,1,1,2
2025,1,7,8,36,8,12,6,6,16,2,43,35,8,43,43,5,38,24,2,5,6,9,5,4,4,4,3,6,6
2025,1,7,9,36,8,12,5,2,20,6,39,31,8,39,39,5,34,25,3,10,5,6,5,2,2,2,1,6,5
2025,1,7,10,36,9,6,3,3,15,4,33,24,9,33,33,2,31,21,3,7,6,6,2,2,2,2,4,3,3
2025,1,7,11,36,8,12,5,3,15,5,42,34,8,42,42,6,36,23,5,6,3,4,6,6,6,6,2,6,5
2025,1,8,0,37,7,8,1,1,19,4,32,25,7,32,32,3,29,21,1,10,6,7,3,5,5,5,1,4,1
2025,1,8,1,37,6,4,2,1,17,5,29,23,6,29,29,4,25,19,1,8,5,4,4,4,4,4,2,2,2
2025,1,8,2,37,7,2,2,5,14,2,35,28,7,35,35,4,31,21,2,5,5,8,4,5,5,5,6,1,2
2025,1,8,3,37,9,12,6,5,12,3,38,29,9,38,38,2,36,20,3,4,6,6,2,1,1,1,5,6,6
2025,1,8,4,37,5,10,3,6,20,4,43,38,5,43,43,6,37,27,1,10,4,12,6,6,6,6,2,5,3
2025,1,8,5,37,8,8,1,5,10,2,38,30,8,38,38,4,34,21,6,4,2,7,4,6,6,6,6,4,1
2025,1,8,6,37,8,6,2,3,14,5,34,26,8,34,34,1,33,23,6,11,2,9,1,3,3,3,3,3,2
2025,1,8,7,37,9,4,3,1,15,2,32,23,9,32,32,2,30,19,3,7,6,6,2,2,2,2,6,2,3
2025,1,8,8,37,8,6,6,1,11,1,31,23,8,31,31,5,26,17,5,3,3,3,5,3,3,3,2,3,6
2025,1,8,9,37,9,4,5,3,17,1,37,28,9,37,37,6,31,23,3,5,6,7,6,2,2,2,5,2,5
2025,1,8,10,37,9,12,4,5,19,5,48,39,9,48,48,6,42,30,6,10,3,10,6,4,4,4,4,6,4
2025,1,8,11,37,3,12,5,3,14,3,36,33,3,36,36,4,32,18,1,8,2,8,4,3,3,3,4,6,5
2025,1,9,0,37,8,12,6,1,12,5,40,32,8,40,40,1,39,16,3,6,5,2,1,6,6,6,6,6,6
2025,1,9,1,37,6,2,5,1,15,4,32,26,6,32,32,6,26,20,4,7,2,4,6,5,5,5,1,1,5
2025,1,9,2,37,9,6,5,1,16,3,34,25,9,34,34,3,31,20,3,7,6,5,3,2,2,2,4,3,5
2025,1,9,3,37,5,8,3,3,15,5,38,33,5,38,38,3,35,22,4,11,1,9,3,4,4,4,5,4,3
2025,1,9,4,37,9,10,1,2,13,4,31,22,9,31,31,1,30,18,3,6,6,4,1,2,2,2,5,5,1
2025,1,9,5,37,5,12,6,1,14,6,37,32,5,37,37,4,33,18,3,8,2,3,4,6,6,6,1,6,6
2025,1,9,6,37,6,4,1,5,17,6,38,32,6,38,38,4,34,24,2,9,4,8,4,5,5,5,6,2,1
2025,1,9,7,37,4,4,3,6,14,5,29,25,4,29,29,4,25,21,1,7,3,8,4,1,1,1,2,2,3
2025,1,9,8,37,4,10,4,1,9,4,27,23,4,27,27,1,26,13,3,7,1,4,1,2,2,2,3,5,4
2025,1,9,9,37,7,10,6,4,12,2,38,31,7,38,38,4,34,22,6,7,1,9,4,1,1,1,4,5,6
2025,1,9,10,37,8,12,2,4,18,3,40,32,8,40,40,6,34,25,3,7,5,8,6,2,2,2,5,6,2
2025,1,9,11,37,5,4,2,4,13,6,32,27,5,32,32,1,31,20,3,10,2,8,1,6,6,6,2,2,2
2025,1,10,0,37,6,6,6,2,16,4,35,29,6,35,35,3,32,20,2,9,4,7,3,2,2,2,4,3,6
2025,1,10,1,37,5,4,4,2,14,2,29,24,5,29,29,4,25,19,3,8,2,8,4,2,2,2,2,2,4
2025,1,10,2,37,5,6,1,1,11,5,25,20,5,25,25,2,23,15,3,7,2,3,2,2,2,2,4,3,1
2025,1,10,3,37,6,6,5,1,16,5,33,27,6,33,33,2,31,19,2,10,4,6,2,2,2,2,4,3,5
2025,1,10,4,37,4,8,5,4,9,5,33,29,4,33,33,2,31,16,3,6,1,5,2,5,5,5,3,4,5
2025,1,10,5,37,10,6,5,6,11,4,35,25,10,35,35,2,33,23,6,5,4,7,2,3,3,3,1,3,5
2025,1,10,6,37,6,2,4,4,17,6,30,24,6,30,30,2,28,22,1,10,5,8,2,2,2,2,1,1,4
2025,1,10,7,37,8,2,6,4,9,4,37,29,8,37,37,1,36,19,6,6,2,6,1,5,5,5,6,1,6
2025,1,10,8,37,4,2,4,4,10,2,26,22,4,26,26,2,24,16,2,6,2,8,2,2,2,2,3,1,4
2025,1,10,9,37,10,6,3,3,13,2,39,29,10,39,39,5,34,22,6,4,4,5,5,6,6,6,5,3,3
2025,1,10,10,37,8,10,2,6,11,1,39,31,8,39,39,3,36,23,6,6,2,11,3,4,4,4,5,5,2
2025,1,10,11,37,5,8,1,2,15,5,35,30,5,35,35,3,32,21,4,11,1,8,3,5,5,5,4,4,1
2025,1,11,0,37,7,2,6,2,14,4,36,29,7,36,36,4,32,18,2,5,5,3,4,6,6,6,5,1,6
2025,1,11,1,37,9,8,2,4,12,4,31,22,9,31,31,2,29,20,4,5,5,5,2,3,3,3,2,4,2
2025,1,11,2,37,3,4,4,5,11,1,31,28,3,31,31,4,27,18,2,6,1,10,4,6,6,6,1,2,4
2025,1,11,3,37,3,10,1,2,12,1,33,30,3,33,33,4,29,15,1,6,2,7,4,6,6,6,6,5,1
2025,1,11,4,37,4,2,2,6,12,6,25,21,4,25,25,1,24,19,1,8,3,8,1,2,2,2,1,1,2
2025,1,11,5,37,7,12,6,5,8,1,38,31,7,38,38,5,33,19,6,2,1,6,5,5,5,5,2,6,6
2025,1,11,6,37,5,10,3,6,8,1,32,27,5,32,32,2,30,16,2,3,3,8,2,6,6,6,2,5,3
2025,1,11,7,37,5,4,5,1,9,1,26,21,5,26,26,4,22,13,3,3,2,3,4,5,5,5,1,2,5
2025,1,11,8,37,12,12,4,2,17,5,44,32,12,44,44,4,40,25,6,7,6,4,4,6,6,6,3,6,4
2025,1,11,9,37,9,2,4,1,13,6,33,24,9,33,33,2,31,20,6,8,3,3,2,6,6,6,2,1,4
2025,1,11,10,37,6,8,4,2,20,6,42,36,6,42,42,6,36,26,4,12,2,8,6,5,5,5,3,4,4
2025,1,11,11,37,9,8,3,2,19,6,40,31,9,40,40,1,39,24,3,12,6,8,1,6,6,6,3,4,3
2025,1,12,0,37,9,8,4,3,14,4,38,29,9,38,38,1,37,21,4,8,5,7,1,5,5,5,4,4,4
2025,1,12,1,37,7,10,2,2,15,2,35,28,7,35,35,5,30,21,4,7,3,7,5,3,3,3,4,5,2
2025,1,12,2,37,10,12,1,3,12,4,35,25,10,35,35,2,33,21,6,6,4,5,2,1,1,1,6,6,1
2025,1,12,3,37,10,10,3,5,18,6,46,36,10,46,46,3,43,28,5,10,5,9,3,4,4,4,6,5,3
2025,1,12,4,37,10,10,2,5,15,4,36,26,10,36,36,2,34,25,5,8,5,9,2,2,2,2,2,5,2
2025,1,12,5,37,11,4,5,1,19,6,38,27,11,38,38,1,37,25,5,12,6,7,1,5,5,5,1,2,5
2025,1,12,6,37,5,12,6,1,9,3,34,29,5,34,34,1,33,14,4,7,1,5,1,6,6,6,2,6,6
2025,1,12,7,37,6,10,4,4,18,2,41,35,6,41,41,6,35,23,1,7,5,9,6,3,3,3,6,5,4
2025,1,12,8,37,7,8,2,3,9,6,29,22,7,29,29,1,28,18,6,7,1,4,1,4,4,4,1,4,2
2025,1,12,9,37,2,12,2,2,9,3,29,27,2,29,29,1,28,12,1,7,1,6,1,6,6,6,3,6,2
2025,1,12,10,37,6,4,1,2,13,3,26,20,6,26,26,6,20,18,3,4,3,3,6,1,1,1,4,2,1
2025,1,12,11,37,10,8,2,2,18,5,42,32,10,42,42,6,36,25,5,7,5,4,6,5,5,5,6,4,2
2025,1,13,0,37,7,6,5,6,10,3,34,27,7,34,34,1,33,20,4,6,3,9,1,3,3,3,3,3,5
2025,1,13,1,37,8,10,5,4,16,5,36,28,8,36,36,4,32,22,2,6,6,5,4,3,3,3,1,5,5
2025,1,13,2,37,7,4,6,1,18,6,35,28,7,35,35,3,32,22,3,11,4,6,3,1,1,1,4,2,6
2025,1,13,3,37,3,10,3,4,15,4,35,32,3,35,35,6,29,20,1,7,2,7,6,5,5,5,2,5,3
2025,1,13,4,37,5,8,3,2,13,2,35,30,5,35,35,3,32,17,2,7,3,7,3,5,5,5,6,4,3
2025,1,13,5,37,9,4,5,2,18,3,39,30,9,39,39,5,34,23,3,7,6,6,5,4,4,4,5,2,5
2025,1,13,6,37,10,10,1,1,16,3,34,24,10,34,34,5,29,21,4,5,6,3,5,4,4,4,3,5,1
2025,1,13,7,37,8,4,2,2,16,3,31,23,8,31,31,5,26,20,2,5,6,4,5,2,2,2,5,2,2
2025,1,13,8,37,4,10,4,3,10,1,33,29,4,33,33,3,30,14,1,4,3,6,3,5,5,5,5,5,4
2025,1,13,9,37,7,2,1,1,12,1,20,13,7,20,20,3,17,16,3,5,4,5,3,1,1,1,1,1,1
2025,1,13,10,37,9,8,3,2,12,3,33,24,9,33,33,4,29,20,6,5,3,4,4,1,1,1,5,4,3
2025,1,13,11,37,12,8,2,1,16,5,35,23,12,35,35,1,34,23,6,9,6,5,1,1,1,1,5,4,2
2025,1,14,0,37,8,8,6,3,10,1,33,25,8,33,33,1,32,17,4,5,4,7,1,1,1,1,5,4,6
2025,1,14,1,37,5,12,6,1,20,6,41,36,5,41,41,5,36,22,1,11,4,6,5,1,1,1,6,6,6
2025,1,14,2,37,6,10,3,4,17,4,39,33,6,39,39,6,33,24,3,8,3,8,6,3,3,3,4,5,3
2025,1,14,3,37,5,2,6,6,12,4,36,31,5,36,36,1,35,22,4,10,1,12,1,5,5,5,2,1,6
2025,1,14,4,37,8,4,2,4,18,5,40,32,8,40,40,5,35,26,4,9,4,8,5,6,6,6,4,2,2
2025,1,14,5,37,7,4,3,4,9,1,28,21,7,28,28,4,24,19,6,4,1,7,4,1,1,1,3,2,3
2025,1,14,6,37,7,12,5,5,19,5,43,36,7,43,43,3,40,26,2,11,5,11,3,3,3,3,3,6,5
2025,1,14,7,37,9,12,6,6,12,2,45,36,9,45,45,1,44,23,5,7,4,11,1,6,6,6,4,6,6
2025,1,14,8,37,7,8,5,2,14,4,37,30,7,37,37,3,34,22,6,10,1,8,3,3,3,3,3,4,5
2025,1,14,9,37,9,10,6,4,16,1,42,33,9,42,42,5,37,23,3,5,6,8,5,2,2,2,6,5,6
2025,1,14,10,37,7,10,4,1,5,2,31,24,7,31,31,1,30,12,6,3,1,2,1,4,4,4,6,5,4
2025,1,14,11,37,10,10,5,6,19,6,42,32,10,42,42,3,39,30,5,11,5,11,3,1,1,1,1,5,5
2025,1,15,0,38,12,8,3,2,15,5,34,22,12,34,34,1,33,23,6,8,6,5,1,2,2,2,2,4,3
2025,1,15,1,38,7,6,2,1,12,5,25,18,7,25,25,1,24,16,3,7,4,3,1,3,3,3,1,3,2
2025,1,15,2,38,7,4,2,4,13,4,31,24,7,31,31,2,29,19,2,6,5,6,2,4,4,4,4,2,2
2025,1,15,3,38,10,10,1,5,15,2,38,28,10,38,38,5,33,24,4,4,6,7,5,3,3,3,5,5,1
2025,1,15,4,38,6,10,3,6,18,5,43,37,6,43,43,6,37,26,2,8,4,9,6,4,4,4,5,5,3
2025,1,15,5,38,9,8,5,3,16,6,43,34,9,43,43,5,38,24,5,7,4,4,5,4,4,4,6,4,5
2025,1,15,6,38,5,12,4,1,12,2,28,23,5,28,28,3,25,15,2,6,3,5,3,1,1,1,2,6,4
2025,1,15,7,38,8,2,4,6,18,5,44,36,8,44,44,5,39,30,6,11,2,12,5,4,4,4,5,1,4
2025,1,15,8,38,7,2,6,3,10,3,27,20,7,27,27,2,25,18,5,6,2,6,2,1,1,1,1,1,6
2025,1,15,9,38,7,8,3,4,21,6,39,32,7,39,39,6,33,26,1,9,6,7,6,5,5,5,1,4,3
2025,1,15,10,38,10,2,3,3,16,3,32,22,10,32,32,5,27,23,4,5,6,5,5,2,2,2,3,1,3
2025,1,15,11,38,10,10,5,4,14,4,39,29,10,39,39,2,37,23,5,7,5,7,2,1,1,1,5,5,5
2025,1,16,0,38,51,38,11,24,60,5,174,123,51,174,174,11,163,112,28,26,23,45,11,9,9,9,23,19,11
2025,1,16,1,38,21,48,9,10,62,21,141,120,21,141,141,15,126,79,7,33,14,22,15,14,14,14,15,24,9
2025,1,16,2,38,34,44,24,24,70,13,194,160,34,194,194,13,181,99,5,28,29,39,13,20,20,20,29,22,24
2025,1,16,3,38,48,60,23,23,72,23,210,162,48,210,210,14,196,120,25,35,23,35,14,10,10,10,27,30,23
2025,1,16,4,38,25,12,13,18,68,9,145,120,25,145,145,21,124,99,13,35,12,44,21,16,16,16,11,6,13
2025,1,16,5,38,32,14,21,12,89,13,166,134,32,166,166,26,140,106,5,36,27,35,26,19,19,19,13,7,21
2025,1,16,6,38,40,38,5,25,76,13,168,128,40,168,168,26,142,127,26,36,14,48,26,8,8,8,9,19,5
2025,1,16,7,38,42,12,29,15,86,8,184,142,42,184,184,26,158,119,18,36,24,43,26,16,16,16,14,6,29
2025,1,16,8,38,46,36,22,10,71,23,191,145,46,191,191,18,173,107,26,33,20,20,18,27,27,27,17,18,22
2025,1,16,9,38,25,30,14,29,68,6,187,162,25,187,187,30,157,111,14,27,11,50,30,18,18,18,29,15,14
2025,1,16,10,38,39,58,30,7,62,13,174,135,39,174,174,17,157,86,17,23,22,17,17,8,8,8,21,29,30
2025,1,16,11,38,45,28,17,20,68,18,167,122,45,167,167,7,160,114,26,42,19,44,7,10,10,10,12,14,17
2025,1,17,0,38,9,2,3,3,14,1,32,23,9,32,32,4,28,21,4,5,5,7,4,2,2,2,5,1,3
2025,1,17,1,38,11,2,2,3,13,2,28,17,11,28,28,3,25,21,5,4,6,5,3,2,2,2,2,1,2
2025,1,17,2,38,8,12,4,5,18,4,43,35,8,43,43,5,38,28,5,10,3,11,5,1,1,1,4,6,4
2025,1,17,3,38,7,6,4,6,12,4,40,33,7,40,40,3,37,21,3,5,4,7,3,6,6,6,6,3,4
2025,1,17,4,38,7,10,2,6,18,4,40,33,7,40,40,5,35,27,3,9,4,11,5,5,5,5,1,5,2
2025,1,17,5,38,4,8,1,6,14,3,36,32,4,36,36,5,31,22,2,7,2,10,5,4,4,4,5,4,1
2025,1,17,6,38,11,2,6,5,10,2,31,20,11,31,31,1,30,20,5,3,6,6,1,2,2,2,2,1,6
2025,1,17,7,38,4,8,2,1,8,1,22,18,4,22,22,3,19,10,1,2,3,2,3,2,2,2,4,4,2
2025,1,17,8,38,7,2,3,6,19,6,35,28,7,35,35,6,29,26,1,7,6,7,6,1,1,1,4,1,3
2025,1,17,9,38,4,8,3,2,18,6,37,33,4,37,37,5,32,21,1,10,3,6,5,5,5,5,4,4,3
2025,1,17,10,38,6,2,2,6,15,6,33,27,6,33,33,6,27,26,5,8,1,8,6,3,3,3,1,1,2
2025,1,17,11,38,6,2,1,2,14,5,29,23,6,29,29,3,26,18,2,7,4,4,3,4,4,4,5,1,1
2025,1,18,0,38,7,12,6,1,14,2,32,25,7,32,32,4,28,16,1,4,6,3,4,3,3,3,1,6,6
2025,1,18,1,38,10,12,1,2,13,4,33,23,10,33,33,4,29,21,6,5,4,3,4,1,1,1,4,6,1
2025,1,18,2,38,11,2,5,3,18,2,35,24,11,35,35,5,30,26,5,7,6,8,5,2,2,2,1,1,5
2025,1,18,3,38,5,10,4,2,11,4,34,29,5,34,34,2,32,15,2,6,3,4,2,5,5,5,5,5,4
2025,1,18,4,38,8,4,5,6,16,6,41,33,8,41,41,3,38,24,2,7,6,7,3,6,6,6,4,2,5
2025,1,18,5,38,3,6,4,6,12,5,29,26,3,29,29,4,25,20,2,7,1,8,4,1,1,1,1,3,4
2025,1,18,6,38,8,10,1,2,14,3,31,23,8,31,31,2,29,19,3,7,5,6,2,1,1,1,5,5,1
2025,1,18,7,38,4,8,1,2,12,3,25,21,4,25,25,3,22,16,2,7,2,6,3,1,1,1,3,4,1
2025,1,18,8,38,11,10,4,3,16,4,38,27,11,38,38,2,36,25,6,9,5,8,2,3,3,3,1,5,4
2025,1,18,9,38,3,4,4,6,14,6,31,28,3,31,31,6,25,22,2,7,1,7,6,1,1,1,2,2,4
2025,1,18,10,38,7,8,6,2,15,6,40,33,7,40,40,4,36,21,4,8,3,4,4,5,5,5,4,4,6
2025,1,18,11,38,5,10,3,6,17,5,41,36,5,41,41,4,37,26,3,11,2,12,4,1,1,1,6,5,3
2025,1,19,0,38,5,10,3,1,18,3,35,30,5,35,35,6,29,20,1,8,4,6,6,3,3,3,4,5,3
2025,1,19,1,38,10,4,1,5,16,3,39,29,10,39,39,6,33,26,5,5,5,7,6,4,4,4,6,2,1
2025,1,19,2,38,6,6,4,5,9,2,31,25,6,31,31,1,30,16,2,4,4,7,1,4,4,4,4,3,4
2025,1,19,3,38,7,8,2,2,9,4,33,26,7,33,33,1,32,15,4,5,3,3,1,6,6,6,6,4,2
2025,1,19,4,38,4,12,4,3,8,1,28,24,4,28,28,3,25,12,1,2,3,4,3,3,3,3,3,6,4
2025,1,19,5,38,8,8,5,3,14,2,40,32,8,40,40,4,36,22,5,7,3,8,4,5,5,5,4,4,5
2025,1,19,6,38,10,10,5,2,16,1,41,31,10,41,41,5,36,23,5,6,5,7,5,6,6,6,2,5,5
2025,1,19,7,38,5,2,4,4,10,4,27,22,5,27,27,2,25,17,3,6,2,6,2,2,2,2,3,1,4
2025,1,19,8,38,8,6,1,1,14,4,27,19,8,27,27,3,24,17,2,5,6,2,3,2,2,2,4,3,1
2025,1,19,9,38,4,10,3,6,10,3,33,29,4,33,33,3,30,19,3,6,1,9,3,2,2,2,4,5,3
2025,1,19,10,38,5,4,5,2,18,4,33,28,5,33,33,6,27,21,1,8,4,6,6,1,1,1,4,2,5
2025,1,19,11,38,6,4,2,5,15,4,34,28,6,34,34,3,31,21,1,7,5,8,3,4,4,4,5,2,2
2025,1,20,0,38,7,12,5,4,15,3,46,39,7,46,46,6,40,24,5,7,2,8,6,6,6,6,5,6,5
2025,1,20,1,38,3,12,2,4,13,5,30,27,3,30,30,1,29,19,2,11,1,10,1,1,1,1,2,6,2
2025,1,20,2,38,7,4,4,3,16,6,33,26,7,33,33,1,32,23,4,12,3,9,1,3,3,3,1,2,4
2025,1,20,3,38,7,6,3,2,18,5,35,28,7,35,35,6,29,22,2,7,5,4,6,1,1,1,6,3,3
2025,1,20,4,38,7,10,3,2,11,3,34,27,7,34,34,5,29,18,5,4,2,3,5,2,2,2,6,5,3
2025,1,20,5,38,9,10,4,3,15,4,38,29,9,38,38,4,34,22,4,6,5,5,4,6,6,6,1,5,4
2025,1,20,6,38,6,6,4,5,17,5,38,32,6,38,38,5,33,24,2,8,4,8,5,4,4,4,3,3,4
2025,1,20,7,38,9,12,5,5,19,5,46,37,9,46,46,6,40,27,3,7,6,7,6,4,4,4,4,6,5
2025,1,20,8,38,2,2,3,1,10,3,27,25,2,27,27,5,22,12,1,4,1,2,5,6,6,6,5,1,3
2025,1,20,9,38,2,6,1,1,12,2,24,22,2,24,24,4,20,14,1,7,1,6,4,1,1,1,5,3,1
2025,1,20,10,38,6,6,2,5,17,5,36,30,6,36,36,5,31,26,4,10,2,10,5,4,4,4,1,3,2
2025,1,20,11,38,9,8,2,1,16,2,33,24,9,33,33,5,28,21,4,6,5,5,5,2,2,2,4,4,2
2025,1,21,0,38,7,6,5,6,15,4,36,29,7,36,36,2,34,23,2,8,5,10,2,2,2,2,3,3,5
2025,1,21,1,38,8,8,6,1,14,6,36,28,8,36,36,2,34,20,5,9,3,4,2,4,4,4,2,4,6
2025,1,21,2,38,10,8,2,3,10,1,30,20,10,30,30,1,29,17,4,3,6,5,1,2,2,2,5,4,2
2025,1,21,3,38,2,12,3,2,10,3,31,29,2,31,31,5,26,13,1,4,1,3,5,4,4,4,5,6,3
2025,1,21,4,38,7,8,3,3,15,6,38,31,7,38,38,4,34,23,5,9,2,6,4,3,3,3,5,4,3
2025,1,21,5,38,9,6,4,1,12,2,30,21,9,30,30,1,29,16,3,5,6,4,1,6,6,6,1,3,4
2025,1,21,6,38,11,10,6,2,18,5,45,34,11,45,45,1,44,25,5,11,6,8,1,3,3,3,6,5,6
2025,1,21,7,38,4,10,4,2,15,5,38,34,4,38,38,6,32,19,2,7,2,4,6,4,4,4,6,5,4
2025,1,21,8,38,11,4,3,1,12,4,29,18,11,29,29,2,27,19,6,5,5,2,2,4,4,4,1,2,3
2025,1,21,9,38,2,4,6,5,9,6,29,27,2,29,29,1,28,15,1,7,1,6,1,2,2,2,4,2,6
2025,1,21,10,38,7,2,6,4,13,3,33,26,7,33,33,1,32,18,1,6,6,7,1,2,2,2,6,1,6
2025,1,21,11,38,5,4,3,4,13,4,30,25,5,30,30,2,28,20,3,9,2,9,2,3,3,3,2,2,3
2025,1,22,0,39,7,6,4,3,14,4,36,29,7,36,36,5,31,21,4,6,3,5,5,2,2,2,6,3,4
2025,1,22,1,39,4,2,6,4,19,6,37,33,4,37,37,5,32,24,1,11,3,9,5,1,1,1,5,1,6
2025,1,22,2,39,7,4,3,1,6,3,28,21,7,28,28,1,27,13,6,4,1,2,1,6,6,6,4,2,3
2025,1,22,3,39,2,8,1,1,10,1,28,26,2,28,28,4,24,12,1,5,1,5,4,6,6,6,5,4,1
2025,1,22,4,39,8,2,6,2,12,1,30,22,8,30,30,4,26,20,6,6,2,7,4,2,2,2,1,1,6
2025,1,22,5,39,6,12,4,6,18,6,42,36,6,42,42,4,38,26,2,10,4,10,4,4,4,4,2,6,4
2025,1,22,6,39,3,2,3,1,11,3,28,25,3,28,28,1,27,14,2,9,1,7,1,6,6,6,4,1,3
2025,1,22,7,39,6,8,4,5,17,5,42,36,6,42,42,5,37,26,4,10,2,10,5,5,5,5,3,4,4
2025,1,22,8,39,6,6,2,2,13,3,32,26,6,32,32,4,28,17,2,5,4,4,4,6,6,6,4,3,2
2025,1,22,9,39,9,12,4,3,12,1,34,25,9,34,34,2,32,18,3,4,6,6,2,5,5,5,1,6,4
2025,1,22,10,39,7,4,6,1,18,6,38,31,7,38,38,3,35,23,4,12,3,7,3,1,1,1,6,2,6
2025,1,22,11,39,6,4,1,2,14,5,33,27,6,33,33,5,28,19,3,6,3,3,5,6,6,6,5,2,1
2025,1,23,0,39,5,10,6,5,13,6,35,30,5,35,35,2,33,19,1,7,4,6,2,3,3,3,2,5,6
2025,1,23,1,39,7,12,1,1,15,4,36,29,7,36,36,4,32,17,1,5,6,2,4,6,6,6,6,6,1
2025,1,23,2,39,12,12,5,3,15,2,44,32,12,44,44,6,38,24,6,3,6,4,6,6,6,6,3,6,5
2025,1,23,3,39,9,8,3,2,19,4,41,32,9,41,41,6,35,27,6,10,3,8,6,5,5,5,2,4,3
2025,1,23,4,39,10,2,5,4,18,6,46,36,10,46,46,4,42,28,6,10,4,8,4,6,6,6,6,1,5
2025,1,23,5,39,2,6,4,1,15,6,33,31,2,33,33,5,28,17,1,9,1,4,5,6,6,6,3,3,4
2025,1,23,6,39,9,10,1,3,16,1,34,25,9,34,34,5,29,22,3,5,6,7,5,5,5,5,1,5,1
2025,1,23,7,39,10,2,3,3,9,1,25,15,10,25,25,3,22,18,6,2,4,4,3,1,1,1,2,1,3
2025,1,23,8,39,5,2,5,1,14,5,31,26,5,31,31,4,27,18,3,8,2,4,4,3,3,3,4,1,5
2025,1,23,9,39,6,4,2,5,12,2,28,22,6,28,28,4,24,22,5,7,1,10,4,1,1,1,1,2,2
2025,1,23,10,39,6,12,5,2,15,6,36,30,6,36,36,5,31,20,3,7,3,3,5,1,1,1,4,6,5
2025,1,23,11,39,6,6,6,5,14,4,38,32,6,38,38,4,34,21,2,6,4,7,4,3,3,3,5,3,6
2025,1,24,0,39,6,8,4,5,17,3,35,29,6,35,35,4,31,24,2,9,4,11,4,2,2,2,1,4,4
2025,1,24,1,39,9,2,2,2,18,4,30,21,9,30,30,4,26,23,3,8,6,6,4,3,3,3,1,1,2
2025,1,24,2,39,7,4,4,3,14,2,32,25,7,32,32,6,26,21,4,5,3,6,6,2,2,2,3,2,4
2025,1,24,3,39,8,10,5,4,14,4,38,30,8,38,38,6,32,24,6,6,2,6,6,3,3,3,1,5,5
2025,1,24,4,39,5,10,4,4,11,6,38,33,5,38,38,1,37,18,3,8,2,6,1,6,6,6,5,5,4
2025,1,24,5,39,6,12,4,1,16,6,36,30,6,36,36,4,32,18,1,7,5,2,4,3,3,3,5,6,4
2025,1,24,6,39,9,8,4,4,22,5,44,35,9,44,44,6,38,30,4,11,5,10,6,1,1,1,5,4,4
2025,1,24,7,39,9,12,1,1,17,6,35,26,9,35,35,4,31,23,5,9,4,4,4,4,4,4,1,6,1
2025,1,24,8,39,11,4,4,5,17,3,39,28,11,39,39,6,33,27,5,5,6,7,6,4,4,4,2,2,4
2025,1,24,9,39,5,10,3,3,16,6,39,34,5,39,39,6,33,23,4,9,1,6,6,2,2,2,6,5,3
2025,1,24,10,39,12,2,4,5,18,1,45,33,12,45,45,5,40,29,6,7,6,11,5,5,5,5,6,1,4
2025,1,24,11,39,9,2,3,2,11,3,28,19,9,28,28,2,26,19,6,6,3,5,2,4,4,4,1,1,3
2025,1,25,0,39,11,4,6,1,20,5,36,25,11,36,36,4,32,26,5,10,6,6,4,1,1,1,1,2,6
2025,1,25,1,39,7,12,1,1,12,3,31,24,7,31,31,4,27,18,5,6,2,4,4,1,1,1,5,6,1
2025,1,25,2,39,9,8,2,3,16,5,33,24,9,33,33,4,29,24,5,8,4,6,4,2,2,2,1,4,2
2025,1,25,3,39,5,10,5,6,15,6,44,39,5,44,44,3,41,25,4,11,1,11,3,6,6,6,3,5,5
2025,1,25,4,39,8,8,1,6,17,3,45,37,8,45,45,6,39,29,6,9,2,12,6,6,6,6,5,4,1
2025,1,25,5,39,3,10,6,3,13,3,36,33,3,36,36,5,31,17,1,6,2,6,5,3,3,3,5,5,6
2025,1,25,6,39,10,10,1,1,16,4,40,30,10,40,40,6,34,23,6,6,4,3,6,5,5,5,6,5,1
2025,1,25,7,39,10,8,1,5,18,6,38,28,10,38,38,5,33,29,6,9,4,8,5,1,1,1,3,4,1
2025,1,25,8,39,5,8,2,6,17,6,37,32,5,37,37,5,32,24,1,8,4,8,5,3,3,3,4,4,2
2025,1,25,9,39,7,6,2,4,14,3,29,22,7,29,29,4,25,20,2,5,5,6,4,3,3,3,1,3,2
2025,1,25,10,39,6,8,2,4,18,2,36,30,6,36,36,5,31,23,1,8,5,10,5,5,5,5,2,4,2
2025,1,25,11,39,7,12,4,1,11,1,34,27,7,34,34,4,30,15,3,3,4,3,4,6,6,6,3,6,4
2025,1,26,0,39,5,8,4,5,13,6,31,26,5,31,31,2,29,21,3,9,2,8,2,1,1,1,1,4,4
2025,1,26,1,39,7,12,3,4,14,1,37,30,7,37,37,4,33,22,4,7,3,10,4,4,4,4,2,6,3
2025,1,26,2,39,6,12,4,4,15,1,35,29,6,35,35,4,31,21,2,7,4,10,4,3,3,3,1,6,4
2025,1,26,3,39,6,4,5,4,14,6,33,27,6,33,33,2,31,19,1,7,5,5,2,1,1,1,6,2,5
2025,1,26,4,39,5,8,4,6,17,3,42,37,5,42,42,4,38,24,1,9,4,12,4,5,5,5,5,4,4
2025,1,26,5,39,6,2,3,2,11,2,31,25,6,31,31,1,30,17,4,8,2,8,1,4,4,4,6,1,3
2025,1,26,6,39,4,8,3,1,10,2,26,22,4,26,26,4,22,13,2,4,2,3,4,1,1,1,5,4,3
2025,1,26,7,39,10,10,6,6,17,2,44,34,10,44,44,4,40,27,4,7,6,11,4,3,3,3,3,5,6
2025,1,26,8,39,7,6,4,6,17,5,33,26,7,33,33,1,32,24,1,10,6,11,1,1,1,1,1,3,4
2025,1,26,9,39,8,10,3,5,13,4,34,26,8,34,34,1,33,20,2,6,6,7,1,4,4,4,2,5,3
2025,1,26,10,39,11,8,4,4,16,6,40,29,11,40,40,1,39,26,6,10,5,8,1,5,5,5,1,4,4
2025,1,26,11,39,5,12,3,5,14,1,33,28,5,33,33,5,28,22,3,7,2,11,5,1,1,1,1,6,3
2025,1,27,0,39,6,2,4,2,9,1,29,23,6,29,29,4,25,16,5,4,1,5,4,2,2,2,6,1,4
2025,1,27,1,39,8,10,6,5,11,2,39,31,8,39,39,3,36,21,5,5,3,8,3,4,4,4,3,5,6
2025,1,27,2,39,11,12,1,4,17,5,39,28,11,39,39,4,35,27,6,8,5,7,4,3,3,3,2,6,1
2025,1,27,3,39,8,6,3,5,8,2,29,21,8,29,29,3,26,19,6,3,2,6,3,1,1,1,3,3,3
2025,1,27,4,39,8,8,3,2,11,1,29,21,8,29,29,1,28,16,3,5,5,6,1,3,3,3,3,4,3
2025,1,27,5,39,5,10,1,3,17,6,34,29,5,34,34,4,30,24,4,12,1,9,4,2,2,2,2,5,1
2025,1,27,6,39,7,8,6,4,9,2,38,31,7,38,38,3,35,18,5,4,2,6,3,4,4,4,6,4,6
2025,1,27,7,39,7,12,1,2,14,3,34,27,7,34,34,6,28,19,3,4,4,3,6,4,4,4,4,6,1
2025,1,27,8,39,7,12,5,3,12,4,43,36,7,43,43,1,42,21,6,10,1,9,1,5,5,5,6,6,5
2025,1,27,9,39,9,2,1,6,20,6,35,26,9,35,35,5,30,29,3,9,6,9,5,1,1,1,3,1,1
2025,1,27,10,39,7,8,3,1,11,1,32,25,7,32,32,3,29,17,5,6,2,6,3,3,3,3,5,4,3
2025,1,27,11,39,6,4,2,3,10,3,28,22,6,28,28,5,23,18,5,4,1,4,5,1,1,1,5,2,2
2025,1,28,0,39,7,10,4,4,12,1,32,25,7,32,32,3,29,19,3,5,4,8,3,2,2,2,2,5,4
2025,1,28,1,39,11,4,3,3,16,2,36,25,11,36,36,6,30,25,6,5,5,6,6,5,5,5,1,2,3
2025,1,28,2,39,11,4,3,4,13,3,40,29,11,40,40,1,39,23,6,7,5,8,1,6,6,6,6,2,3
2025,1,28,3,39,3,4,6,1,13,5,33,30,3,33,33,2,31,16,2,10,1,6,2,5,5,5,4,2,6
2025,1,28,4,39,6,6,3,1,15,4,33,27,6,33,33,4,29,19,3,8,3,5,4,6,6,6,2,3,3
2025,1,28,5,39,9,6,3,4,15,1,38,29,9,38,38,4,34,22,3,5,6,8,4,5,5,5,5,3,3
2025,1,28,6,39,7,6,6,3,19,4,36,29,7,36,36,3,33,23,1,10,6,9,3,2,2,2,2,3,6
2025,1,28,7,39,9,4,6,3,17,3,37,28,9,37,37,4,33,24,4,8,5,8,4,2,2,2,3,2,6
2025,1,28,8,39,7,2,1,6,10,2,30,23,7,30,30,3,27,22,6,6,1,10,3,5,5,5,1,1,1
2025,1,28,9,39,9,2,4,5,21,6,46,37,9,46,46,6,40,29,3,9,6,8,6,6,6,6,6,1,4
2025,1,28,10,39,7,4,4,4,13,5,37,30,7,37,37,3,34,23,6,9,1,8,3,2,2,2,6,2,4
2025,1,28,11,39,11,6,4,2,21,6,39,28,11,39,39,5,34,28,5,10,6,6,5,3,3,3,1,3,4
2025,1,29,0,40,9,2,3,5,14,1,34,25,9,34,34,1,33,22,3,7,6,11,1,2,2,2,6,1,3
2025,1,29,1,40,9,8,5,3,22,6,45,36,9,45,45,4,41,28,3,12,6,9,4,2,2,2,6,4,5
2025,1,29,2,40,6,12,4,2,15,1,34,28,6,34,34,3,31,18,1,7,5,8,3,2,2,2,4,6,4
2025,1,29,3,40,11,8,6,3,16,4,40,29,11,40,40,1,39,24,5,9,6,8,1,2,2,2,4,4,6
2025,1,29,4,40,8,6,6,3,16,4,37,29,8,37,37,5,32,21,2,5,6,4,5,5,5,5,2,3,6
2025,1,29,5,40,3,12,5,5,11,2,36,33,3,36,36,1,35,17,1,8,2,11,1,3,3,3,5,6,5
2025,1,29,6,40,5,12,3,3,14,3,37,32,5,37,37,5,32,20,3,7,2,7,5,4,4,4,4,6,3
2025,1,29,7,40,7,8,3,4,12,1,36,29,7,36,36,5,31,19,3,3,4,6,5,4,4,4,6,4,3
2025,1,29,8,40,9,2,4,6,15,6,38,29,9,38,38,2,36,26,5,9,4,9,2,4,4,4,3,1,4
2025,1,29,9,40,8,4,4,3,16,4,30,22,8,30,30,5,25,21,2,5,6,4,5,2,2,2,1,2,4
2025,1,29,10,40,8,10,6,2,18,5,39,31,8,39,39,3,36,23,3,10,5,7,3,2,2,2,3,5,6
2025,1,29,11,40,6,10,3,3,16,3,38,32,6,38,38,5,33,20,1,6,5,6,5,6,6,6,4,5,3
2025,1,30,0,40,12,10,5,6,21,6,48,36,12,48,48,3,45,33,6,12,6,12,3,1,1,1,4,5,5
2025,1,30,1,40,11,4,3,5,20,6,43,32,11,43,43,5,38,31,6,10,5,9,5,3,3,3,4,2,3
2025,1,30,2,40,8,6,5,1,7,1,30,22,8,30,30,2,28,14,6,3,2,3,2,5,5,5,3,3,5
2025,1,30,3,40,4,8,3,3,13,2,35,31,4,35,35,2,33,17,1,8,3,9,2,5,5,5,6,4,3
2025,1,30,4,40,3,6,5,1,15,5,29,26,3,29,29,5,24,17,1,8,2,4,5,2,2,2,2,3,5
2025,1,30,5,40,8,4,1,2,16,4,32,24,8,32,32,1,31,21,3,10,5,8,1,2,2,2,6,2,1
2025,1,30,6,40,4,6,6,2,14,4,33,29,4,33,33,6,27,17,1,5,3,3,6,5,5,5,2,3,6
2025,1,30,7,40,7,10,6,6,21,6,49,42,7,49,49,6,43,29,2,10,5,10,6,6,6,6,3,5,6
2025,1,30,8,40,6,12,2,5,11,3,34,28,6,34,34,1,33,19,3,7,3,9,1,5,5,5,2,6,2
2025,1,30,9,40,7,2,3,1,10,2,21,14,7,21,21,3,18,14,3,3,4,2,3,1,1,1,2,1,3
2025,1,30,10,40,7,10,5,3,13,3,37,30,7,37,37,1,36,17,1,6,6,6,1,4,4,4,6,5,5
2025,1,30,11,40,10,6,2,3,16,6,36,26,10,36,36,2,34,24,5,9,5,6,2,2,2,2,5,3,2
2025,1,31,0,40,9,10,5,3,19,6,43,34,9,43,43,4,39,28,6,12,3,9,4,4,4,4,1,5,5
2025,1,31,1,40,6,4,3,5,17,2,40,34,6,40,40,5,35,23,1,7,5,10,5,6,6,6,6,2,3
2025,1,31,2,40,7,10,2,4,16,6,40,33,7,40,40,3,37,26,6,12,1,10,3,1,1,1,6,5,2
2025,1,31,3,40,11,8,4,1,19,4,41,30,11,41,41,4,37,25,5,9,6,6,4,2,2,2,6,4,4
2025,1,31,4,40,7,12,2,5,21,6,43,36,7,43,43,5,38,27,1,10,6,9,5,5,5,5,3,6,2
2025,1,31,5,40,6,12,2,5,12,2,38,32,6,38,38,6,32,21,4,4,2,7,6,4,4,4,5,6,2
2025,1,31,6,40,9,4,6,4,15,2,40,31,9,40,40,6,34,22,3,3,6,5,6,4,4,4,6,2,6
2025,1,31,7,40,6,2,6,6,15,5,35,29,6,35,35,3,32,23,2,8,4,9,3,2,2,2,3,1,6
2025,1,31,8,40,7,8,4,1,10,1,30,23,7,30,30,1,29,16,5,7,2,7,1,1,1,1,5,4,4
2025,1,31,9,40,7,10,5,5,15,4,38,31,7,38,38,6,32,24,4,6,3,7,6,3,3,3,1,5,5
2025,1,31,10,40,6,4,6,3,17,5,32,26,6,32,32,5,27,21,1,7,5,5,5,1,1,1,2,2,6
2025,1,31,11,40,3,10,3,1,12,3,27,24,3,27,27,3,24,15,2,8,1,6,3,2,2,2,2,5,3
2025,2,1,0,41,8,4,1,2,12,4,33,25,8,33,33,1,32,19,5,8,3,6,1,6,6,6,5,2,1
2025,2,1,1,41,10,10,5,1,15,3,36,26,10,36,36,5,31,20,4,4,6,2,5,5,5,5,1,5,5
2025,2,1,2,41,4,6,1,3,9,5,24,20,4,24,24,1,23,15,3,7,1,5,1,2,2,2,3,3,1
2025,2,1,3,41,8,10,2,2,9,4,28,20,8,28,28,2,26,17,6,5,2,3,2,3,3,3,1,5,2
2025,2,1,4,41,4,4,4,2,6,1,26,22,4,26,26,2,24,11,3,3,1,4,2,6,6,6,3,2,4
2025,2,1,5,41,7,8,5,6,19,6,45,38,7,45,45,5,40,28,3,10,4,10,5,3,3,3,5,4,5
2025,2,1,6,41,10,10,5,5,15,2,48,38,10,48,48,4,44,26,6,7,4,10,4,6,6,6,6,5,5
2025,2,1,7,41,10,8,6,5,17,5,46,36,10,46,46,3,43,27,5,9,5,9,3,4,4,4,5,4,6
2025,2,1,8,41,3,12,1,3,9,3,27,24,3,27,27,1,26,13,1,6,2,6,1,3,3,3,4,6,1
2025,2,1,9,41,7,10,5,1,19,6,43,36,7,43,43,3,40,23,3,12,4,7,3,6,6,6,4,5,5
2025,2,1,10,41,7,8,5,5,11,4,38,31,7,38,38,3,35,21,5,6,2,7,3,2,2,2,6,4,5
2025,2,1,11,41,5,10,1,1,14,6,29,24,5,29,29,3,26,16,1,7,4,2,3,1,1,1,6,5,1
2025,2,2,0,41,7,12,3,4,15,5,39,32,7,39,39,1,38,23,4,11,3,10,1,4,4,4,3,6,3
2025,2,2,1,41,8,10,6,2,16,6,43,35,8,43,43,3,40,24,6,11,2,7,3,3,3,3,5,5,6
2025,2,2,2,41,12,4,5,2,13,3,32,20,12,32,32,3,29,21,6,4,6,3,3,2,2,2,2,2,5
2025,2,2,3,41,8,4,2,4,16,4,31,23,8,31,31,3,28,24,4,9,4,9,3,2,2,2,1,2,2
2025,2,2,4,41,8,8,1,1,15,3,29,21,8,29,29,4,25,19,3,6,5,4,4,4,4,4,1,4,1
2025,2,2,5,41,5,2,3,4,11,2,23,18,5,23,23,3,20,16,1,4,4,6,3,2,2,2,1,1,3
2025,2,2,6,41,12,2,6,4,19,5,40,28,12,40,40,4,36,29,6,9,6,8,4,3,3,3,1,1,6
2025,2,2,7,41,10,2,2,2,15,2,31,21,10,31,31,4,27,21,4,5,6,5,4,5,5,5,2,1,2
2025,2,2,8,41,8,8,4,3,16,4,38,30,8,38,38,5,33,25,6,9,2,8,5,1,1,1,4,4,4
2025,2,2,9,41,3,10,3,4,13,4,29,26,3,29,29,6,23,18,1,5,2,5,6,1,1,1,2,5,3
2025,2,2,10,41,5,10,1,2,11,3,26,21,5,26,26,1,25,15,2,7,3,6,1,3,3,3,2,5,1
2025,2,2,11,41,6,10,6,6,11,3,37,31,6,37,37,3,34,22,5,7,1,10,3,1,1,1,3,5,6
2025,2,3,0,41,7,4,4,6,8,1,35,28,7,35,35,1,34,19,5,5,2,10,1,6,6,6,4,2,4
2025,2,3,1,41,6,4,3,1,22,6,38,32,6,38,38,6,32,25,2,12,4,7,6,2,2,2,6,2,3
2025,2,3,2,41,9,12,1,3,16,5,36,27,9,36,36,1,35,23,4,10,5,8,1,2,2,2,4,6,1
2025,2,3,3,41,4,12,3,5,18,5,42,38,4,42,42,5,37,24,1,10,3,10,5,5,5,5,4,6,3
2025,2,3,4,41,9,10,1,2,16,5,36,27,9,36,36,4,32,22,4,7,5,4,4,5,5,5,3,5,1
2025,2,3,5,41,9,10,6,4,15,3,38,29,9,38,38,6,32,23,4,4,5,5,6,1,1,1,3,5,6
2025,2,3,6,41,5,10,3,4,14,5,36,31,5,36,36,4,32,22,4,9,1,8,4,3,3,3,3,5,3
2025,2,3,7,41,4,4,2,3,11,3,26,22,4,26,26,1,25,16,2,8,2,8,1,5,5,5,1,2,2
2025,2,3,8,41,6,10,1,4,7,1,28,22,6,28,28,3,25,15,4,2,2,5,3,1,1,1,6,5,1
2025,2,3,9,41,8,6,2,1,12,3,30,22,8,30,30,2,28,15,2,4,6,2,2,6,6,6,4,3,2
2025,2,3,10,41,6,12,3,6,12,3,40,34,6,40,40,5,35,23,5,6,1,9,5,3,3,3,5,6,3
2025,2,3,11,41,5,12,2,1,15,2,34,29,5,34,34,4,30,17,1,7,4,6,4,3,3,3,6,6,2
2025,2,4,0,41,12,6,6,4,15,2,44,32,12,44,44,2,42,25,6,7,6,9,2,6,6,6,4,3,6
2025,2,4,1,41,2,6,2,3,13,5,29,27,2,29,29,5,24,17,1,7,1,5,5,4,4,4,3,3,2
2025,2,4,2,41,7,4,4,1,18,5,38,31,7,38,38,6,32,20,1,6,6,2,6,6,6,6,6,2,4
2025,2,4,3,41,8,4,2,1,14,4,33,25,8,33,33,3,30,21,6,9,2,6,3,6,6,6,2,2,2
2025,2,4,4,41,3,4,2,5,13,5,31,28,3,31,31,1,30,19,1,10,2,10,1,2,2,2,6,2,2
2025,2,4,5,41,4,12,3,1,11,4,28,24,4,28,28,2,26,13,1,6,3,3,2,1,1,1,5,6,3
2025,2,4,6,41,5,4,3,4,11,2,29,24,5,29,29,2,27,19,4,8,1,10,2,1,1,1,4,2,3
2025,2,4,7,41,5,8,3,4,16,2,39,34,5,39,39,6,33,23,3,8,2,10,6,5,5,5,4,4,3
2025,2,4,8,41,8,4,1,2,19,5,32,24,8,32,32,2,30,23,2,11,6,8,2,5,5,5,1,2,1
2025,2,4,9,41,4,6,2,4,10,1,29,25,4,29,29,2,27,17,3,7,1,10,2,4,4,4,3,3,2
2025,2,4,10,41,7,6,2,5,8,1,33,26,7,33,33,4,29,19,6,3,1,7,4,4,4,4,5,3,2
2025,2,4,11,41,6,10,5,3,16,3,41,35,6,41,41,5,36,22,3,8,3,8,5,3,3,3,6,5,5
2025,2,5,0,41,6,10,4,2,9,4,31,25,6,31,31,2,29,16,5,6,1,4,2,3,3,3,3,5,4
2025,2,5,1,41,2,6,1,2,8,1,22,20,2,22,22,2,20,11,1,5,1,6,2,5,5,5,2,3,1
2025,2,5,2,41,6,10,5,5,13,3,42,36,6,42,42,4,38,21,3,6,3,8,4,5,5,5,6,5,5
2025,2,5,3,41,11,8,2,6,21,5,43,32,11,43,43,6,37,33,6,10,5,11,6,2,2,2,2,4,2
2025,2,5,4,41,4,6,3,3,16,6,39,35,4,39,39,2,37,21,2,12,2,9,2,6,6,6,6,3,3
2025,2,5,5,41,4,2,6,5,15,6,38,34,4,38,38,4,34,22,2,9,2,8,4,4,4,4,5,1,6
2025,2,5,6,41,8,2,5,3,12,1,32,24,8,32,32,4,28,20,5,5,3,7,4,4,4,4,2,1,5
2025,2,5,7,41,7,12,3,3,19,4,37,30,7,37,37,3,34,23,1,10,6,9,3,4,4,4,1,6,3
2025,2,5,8,41,11,6,4,2,19,5,42,31,11,42,42,5,37,27,6,9,5,6,5,3,3,3,5,3,4
2025,2,5,9,41,7,12,6,3,15,3,40,33,7,40,40,6,34,22,4,6,3,6,6,5,5,5,1,6,6
2025,2,5,10,41,9,2,2,6,21,5,38,29,9,38,38,4,34,30,3,11,6,12,4,3,3,3,2,1,2
2025,2,5,11,41,6,2,1,6,10,1,28,22,6,28,28,4,24,19,3,3,3,8,4,3,3,3,4,1,1
2025,2,6,0,41,8,2,1,2,17,5,29,21,8,29,29,3,26,22,3,9,5,6,3,3,3,3,2,1,1
2025,2,6,1,41,11,10,3,1,14,2,36,25,11,36,36,2,34,21,6,7,5,6,2,6,6,6,1,5,3
2025,2,6,2,41,11,10,6,4,20,3,51,40,11,51,51,6,45,30,6,9,5,10,6,6,6,6,4,5,6
2025,2,6,3,41,3,8,6,3,15,5,34,31,3,34,34,3,31,20,2,11,1,9,3,2,2,2,2,4,6
2025,2,6,4,41,2,8,1,5,14,4,34,32,2,34,34,3,31,20,1,10,1,11,3,4,4,4,5,4,1
2025,2,6,5,41,4,12,5,1,7,1,24,20,4,24,24,3,21,11,3,3,1,3,3,1,1,1,1,6,5
2025,2,6,6,41,4,4,2,6,7,2,23,19,4,23,23,2,21,15,2,3,2,7,2,1,1,1,3,2,2
2025,2,6,7,41,7,10,2,2,13,4,33,26,7,33,33,1,32,20,5,10,2,8,1,3,3,3,3,5,2
2025,2,6,8,41,6,8,1,4,9,3,31,25,6,31,31,2,29,16,3,4,3,5,2,5,5,5,5,4,1
2025,2,6,9,41,7,10,4,2,8,2,31,24,7,31,31,1,30,13,3,3,4,3,1,4,4,4,5,5,4
2025,2,6,10,41,8,2,2,1,12,1,24,16,8,24,24,2,22,16,3,5,5,5,2,3,3,3,2,1,2
2025,2,6,11,41,5,10,3,2,13,5,34,29,5,34,34,5,29,19,4,7,1,4,5,4,4,4,3,5,3
2025,2,7,0,41,9,2,4,4,17,1,36,27,9,36,36,6,30,24,3,5,6,8,6,1,1,1,6,1,4
2025,2,7,1,41,8,6,3,1,14,5,33,25,8,33,33,3,30,20,5,8,3,4,3,4,4,4,3,3,3
2025,2,7,2,41,6,2,5,4,13,5,34,28,6,34,34,3,31,21,4,8,2,7,3,6,6,6,1,1,5
2025,2,7,3,41,3,2,1,3,8,1,20,17,3,20,20,5,15,13,2,2,1,4,5,2,2,2,3,1,1
2025,2,7,4,41,6,2,1,5,13,2,30,24,6,30,30,3,27,19,1,5,5,8,3,4,4,4,5,1,1
2025,2,7,5,41,7,2,2,1,19,5,32,25,7,32,32,3,29,21,1,10,6,6,3,5,5,5,3,1,2
2025,2,7,6,41,11,6,6,2,12,2,34,23,11,34,34,3,31,20,6,4,5,4,3,3,3,3,2,3,6
2025,2,7,7,41,3,4,6,2,16,6,32,29,3,32,32,5,27,19,1,9,2,5,5,3,3,3,2,2,6
2025,2,7,8,41,5,2,5,1,14,5,24,19,5,24,24,3,21,16,1,7,4,3,3,1,1,1,1,1,5
2025,2,7,9,41,7,6,6,6,8,3,37,30,7,37,37,1,36,19,5,5,2,8,1,3,3,3,6,3,6
2025,2,7,10,41,2,12,2,5,12,3,30,28,2,30,30,3,27,18,1,8,1,10,3,1,1,1,3,6,2
2025,2,7,11,41,10,2,4,2,19,2,34,24,10,34,34,6,28,26,5,8,5,8,6,1,1,1,2,1,4
2025,2,8,0,42,7,8,4,1,14,2,34,27,7,34,34,4,30,19,4,7,3,6,4,1,1,1,6,4,4
2025,2,8,1,42,8,12,6,2,13,3,37,29,8,37,37,5,32,21,6,6,2,5,5,3,3,3,1,6,6
2025,2,8,2,42,6,10,2,3,19,5,41,35,6,41,41,4,37,23,1,10,5,8,4,5,5,5,6,5,2
2025,2,8,3,42,3,8,6,1,16,3,33,30,3,33,33,6,27,19,2,9,1,7,6,1,1,1,3,4,6
2025,2,8,4,42,2,8,4,5,14,4,35,33,2,35,35,3,32,20,1,10,1,11,3,6,6,6,1,4,4
2025,2,8,5,42,11,6,5,4,17,5,42,31,11,42,42,3,39,26,5,8,6,7,3,2,2,2,6,3,5
2025,2,8,6,42,6,12,2,6,14,5,34,28,6,34,34,3,31,22,2,7,4,8,3,3,3,3,1,6,2
2025,2,8,7,42,10,2,1,6,20,5,42,32,10,42,42,4,38,30,4,10,6,11,4,5,5,5,5,1,1
2025,2,8,8,42,2,8,6,3,10,1,32,30,2,32,32,2,30,14,1,7,1,9,2,5,5,5,3,4,6
2025,2,8,9,42,3,12,1,6,13,3,36,33,3,36,36,6,30,20,1,5,2,8,6,5,5,5,4,6,1
2025,2,8,10,42,5,12,3,2,12,2,32,27,5,32,32,2,30,16,2,7,3,7,2,3,3,3,4,6,3
2025,2,8,11,42,11,12,2,6,14,6,43,32,11,43,43,1,42,25,5,7,6,7,1,4,4,4,6,6,2
2025,2,9,0,42,7,10,5,4,18,2,44,37,7,44,44,6,38,24,2,7,5,9,6,6,6,6,4,5,5
2025,2,9,1,42,10,2,6,1,16,3,32,22,10,32,32,6,26,22,5,5,5,3,6,1,1,1,2,1,6
2025,2,9,2,42,4,6,6,1,13,6,33,29,4,33,33,3,30,15,1,7,3,2,3,3,3,3,6,3,6
2025,2,9,3,42,3,4,1,3,15,2,31,28,3,31,31,6,25,20,2,8,1,9,6,5,5,5,3,2,1
2025,2,9,4,42,9,12,2,3,11,2,33,24,9,33,33,1,32,18,4,5,5,6,1,2,2,2,5,6,2
2025,2,9,5,42,6,10,4,1,8,2,28,22,6,28,28,1,27,13,4,5,2,4,1,1,1,1,5,5,4
2025,2,9,6,42,6,8,5,2,13,4,32,26,6,32,32,3,29,18,3,7,3,5,3,4,4,4,1,4,5
2025,2,9,7,42,4,4,1,3,14,6,24,20,4,24,24,3,21,18,1,8,3,5,3,1,1,1,2,2,1
2025,2,9,8,42,11,12,4,4,17,4,44,33,11,44,44,4,40,26,5,7,6,7,4,5,5,5,3,6,4
2025,2,9,9,42,7,12,5,1,9,1,35,28,7,35,35,5,30,16,6,3,1,3,5,6,6,6,2,6,5
2025,2,9,10,42,8,8,3,4,16,3,36,28,8,36,36,5,31,22,2,5,6,6,5,6,6,6,1,4,3
2025,2,9,11,42,8,12,3,2,14,3,32,24,8,32,32,5,27,19,3,4,5,3,5,2,2,2,2,6,3
2025,2,10,0,42,8,6,5,2,17,4,33,25,8,33,33,3,30,22,3,9,5,7,3,2,2,2,1,3,5
2025,2,10,1,42,7,6,4,1,12,3,29,22,7,29,29,1,28,15,2,6,5,4,1,2,2,2,5,3,4
2025,2,10,2,42,9,6,3,6,15,3,42,33,9,42,42,4,38,25,4,6,5,9,4,6,6,6,5,3,3
2025,2,10,3,42,8,4,1,2,18,5,32,24,8,32,32,6,26,23,3,7,5,4,6,4,4,4,2,2,1
2025,2,10,4,42,10,10,1,3,16,3,38,28,10,38,38,6,32,25,6,6,4,6,6,1,1,1,6,5,1
2025,2,10,5,42,6,8,5,6,11,2,32,26,6,32,32,2,30,18,1,4,5,8,2,1,1,1,4,4,5
2025,2,10,6,42,7,8,1,1,11,5,34,27,7,34,34,1,33,18,6,9,1,5,1,6,6,6,5,4,1
2025,2,10,7,42,9,8,3,6,9,1,29,20,9,29,29,2,27,20,5,3,4,8,2,1,1,1,1,4,3
2025,2,10,8,42,7,12,1,4,15,4,42,35,7,42,42,4,38,24,5,9,2,9,4,6,6,6,5,6,1
2025,2,10,9,42,10,2,2,3,12,4,29,19,10,29,29,2,27,20,5,5,5,4,2,5,5,5,1,1,2
2025,2,10,10,42,7,8,4,5,18,2,39,32,7,39,39,5,34,24,1,7,6,10,5,1,1,1,6,4,4
2025,2,10,11,42,5,8,5,6,10,1,38,33,5,38,38,4,34,19,3,4,2,9,4,6,6,6,4,4,5
2025,2,11,0,42,7,4,1,5,16,5,33,26,7,33,33,4,29,23,2,7,5,7,4,4,4,4,3,2,1
2025,2,11,1,42,7,2,2,6,13,5,32,25,7,32,32,3,29,24,5,8,2,9,3,1,1,1,4,1,2
2025,2,11,2,42,6,8,4,1,14,6,29,23,6,29,29,2,27,16,1,7,5,2,2,1,1,1,4,4,4
2025,2,11,3,42,6,4,6,6,14,6,36,30,6,36,36,1,35,22,2,9,4,9,1,5,5,5,1,2,6
2025,2,11,4,42,3,8,6,4,14,6,38,35,3,38,38,1,37,20,2,12,1,10,1,2,2,2,6,4,6
2025,2,11,5,42,5,12,1,6,9,1,27,22,5,27,27,3,24,16,1,2,4,7,3,1,1,1,3,6,1
2025,2,11,6,42,7,12,6,5,11,1,39,32,7,39,39,1,38,20,4,7,3,11,1,1,1,1,6,6,6
2025,2,11,7,42,11,12,5,2,11,1,34,23,11,34,34,1,33,19,6,5,5,6,1,1,1,1,3,6,5
2025,2,11,8,42,7,4,4,4,13,5,27,20,7,27,27,1,26,19,2,7,5,6,1,1,1,1,1,2,4
2025,2,11,9,42,5,10,2,3,18,5,36,31,5,36,36,5,31,23,2,10,3,8,5,5,5,5,1,5,2
2025,2,11,10,42,9,8,1,3,17,2,36,27,9,36,36,6,30,24,4,6,5,7,6,3,3,3,4,4,1
2025,2,11,11,42,8,12,2,2,12,1,32,24,8,32,32,6,26,19,5,3,3,4,6,3,3,3,2,6,2
2025,2,12,0,42,8,8,1,1,18,5,38,30,8,38,38,5,33,25,6,11,2,7,5,6,6,6,2,4,1
2025,2,12,1,42,7,12,3,3,6,1,27,20,7,27,27,1,26,13,4,2,3,4,1,1,1,1,4,6,3
2025,2,12,2,42,9,8,1,3,10,2,25,16,9,25,25,1,24,18,5,5,4,6,1,1,1,1,1,4,1
2025,2,12,3,42,9,4,5,1,11,2,31,22,9,31,31,1,30,18,6,7,3,6,1,4,4,4,2,2,5
2025,2,12,4,42,6,4,6,6,15,3,43,37,6,43,43,6,37,26,5,8,1,11,6,6,6,6,3,2,6
2025,2,12,5,42,6,2,4,6,7,1,30,24,6,30,30,2,28,16,3,2,3,7,2,3,3,3,6,1,4
2025,2,12,6,42,5,6,3,5,13,2,35,30,5,35,35,5,30,21,3,6,2,9,5,3,3,3,5,3,3
2025,2,12,7,42,4,10,3,5,10,4,36,32,4,36,36,4,32,18,3,5,1,6,4,6,6,6,4,5,3
2025,2,12,8,42,4,6,4,1,14,4,33,29,4,33,33,3,30,17,2,9,2,6,3,3,3,3,6,3,4
2025,2,12,9,42,11,6,4,5,21,4,45,34,11,45,45,6,39,32,6,10,5,11,6,1,1,1,5,3,4
2025,2,12,10,42,6,10,2,4,4,1,28,22,6,28,28,1,27,13,5,2,1,5,1,6,6,6,2,5,2
2025,2,12,11,42,9,10,1,2,10,1,27,18,9,27,27,1,26,17,5,5,4,6,1,1,1,1,3,5,1
2025,2,13,0,42,2,4,1,2,9,5,24,22,2,24,24,2,22,12,1,6,1,3,2,6,6,6,3,2,1
2025,2,13,1,42,7,10,1,6,13,6,35,28,7,35,35,1,34,22,3,8,4,8,1,1,1,1,6,5,1
2025,2,13,2,42,6,2,2,3,8,1,26,20,6,26,26,1,25,15,4,5,2,7,1,3,3,3,5,1,2
2025,2,13,3,42,9,12,4,5,17,2,39,30,9,39,39,5,34,25,3,6,6,9,5,2,2,2,2,6,4
2025,2,13,4,42,5,6,4,4,9,1,34,29,5,34,34,5,29,16,3,2,2,5,5,6,6,6,5,3,4
2025,2,13,5,42,8,12,6,2,15,6,37,29,8,37,37,5,32,22,5,7,3,3,5,2,2,2,1,6,6
2025,2,13,6,42,11,6,6,2,16,4,40,29,11,40,40,5,35,24,6,6,5,4,5,1,1,1,6,3,6
2025,2,13,7,42,8,8,3,5,14,1,35,27,8,35,35,5,30,22,3,4,5,8,5,4,4,4,2,4,3
2025,2,13,8,42,5,12,5,3,11,4,32,27,5,32,32,2,30,18,4,8,1,7,2,1,1,1,2,6,5
2025,2,13,9,42,11,6,5,2,13,1,37,26,11,37,37,4,33,21,6,4,5,5,4,6,6,6,2,3,5
2025,2,13,10,42,10,4,2,3,14,6,37,27,10,37,37,3,34,23,6,7,4,4,3,4,4,4,6,2,2
2025,2,13,11,42,7,4,6,5,16,2,38,31,7,38,38,2,36,22,1,8,6,11,2,6,6,6,2,2,6
2025,2,14,0,42,5,2,5,6,11,1,29,24,5,29,29,6,23,20,3,3,2,8,6,2,2,2,1,1,5
2025,2,14,1,42,4,8,4,4,11,2,31,27,4,31,31,4,27,17,2,5,2,7,4,4,4,4,2,4,4
2025,2,14,2,42,4,12,1,1,15,3,31,27,4,31,31,5,26,18,2,8,2,6,5,3,3,3,3,6,1
2025,2,14,3,42,8,10,4,5,17,6,42,34,8,42,42,1,41,24,2,10,6,9,1,5,5,5,4,5,4
2025,2,14,4,42,9,6,3,1,18,3,34,25,9,34,34,5,29,23,4,8,5,6,5,1,1,1,4,3,3
2025,2,14,5,42,4,12,1,5,14,4,35,31,4,35,35,5,30,22,3,8,1,9,5,1,1,1,5,6,1
2025,2,14,6,42,8,8,5,3,19,3,40,32,8,40,40,6,34,25,3,8,5,8,6,4,4,4,2,4,5
2025,2,14,7,42,7,4,3,5,9,1,32,25,7,32,32,6,26,20,6,2,1,6,6,3,3,3,4,2,3
2025,2,14,8,42,10,2,6,3,20,6,42,32,10,42,42,4,38,27,4,10,6,7,4,2,2,2,6,1,6
2025,2,14,9,42,11,2,6,4,17,5,38,27,11,38,38,1,37,26,5,10,6,9,1,2,2,2,3,1,6
2025,2,14,10,42,8,8,4,3,12,4,38,30,8,38,38,2,36,21,6,8,2,7,2,4,4,4,5,4,4
2025,2,14,11,42,11,6,3,3,11,1,33,22,11,33,33,1,32,20,6,5,5,7,1,2,2,2,5,3,3
2025,2,15,0,43,5,12,5,3,15,3,43,38,5,43,43,5,38,22,4,9,1,9,5,4,4,4,6,6,5
2025,2,15,1,43,6,12,3,6,14,3,37,31,6,37,37,2,35,21,1,7,5,10,2,1,1,1,6,6,3
2025,2,15,2,43,6,2,2,3,8,1,27,21,6,27,27,3,24,14,3,2,3,4,3,4,4,4,6,1,2
2025,2,15,3,43,7,6,6,5,13,2,36,29,7,36,36,1,35,19,1,6,6,9,1,2,2,2,6,3,6
2025,2,15,4,43,9,2,4,4,8,2,28,19,9,28,28,1,27,18,6,4,3,6,1,2,2,2,3,1,4
2025,2,15,5,43,6,2,2,6,16,6,40,34,6,40,40,6,34,26,4,8,2,8,6,6,6,6,5,1,2
2025,2,15,6,43,9,12,6,2,15,4,38,29,9,38,38,3,35,22,5,8,4,6,3,1,1,1,3,6,6
2025,2,15,7,43,5,12,2,6,9,1,33,28,5,33,33,5,28,19,4,3,1,8,5,5,5,5,1,6,2
2025,2,15,8,43,3,10,5,5,11,3,34,31,3,34,34,3,31,17,1,6,2,8,3,6,6,6,1,5,5
2025,2,15,9,43,7,8,4,6,13,1,35,28,7,35,35,3,32,20,1,4,6,9,3,1,1,1,6,4,4
2025,2,15,10,43,6,10,3,1,13,5,32,26,6,32,32,1,31,18,4,10,2,6,1,4,4,4,2,5,3
2025,2,15,11,43,9,10,1,1,15,4,38,29,9,38,38,3,35,20,4,7,5,4,3,6,6,6,6,5,1
2025,2,16,0,43,2,10,1,5,11,2,32,30,2,32,32,6,26,17,1,4,1,7,6,4,4,4,5,5,1
2025,2,16,1,43,8,10,4,1,14,3,30,22,8,30,30,4,26,19,4,6,4,4,4,1,1,1,1,5,4
2025,2,16,2,43,3,2,1,4,9,1,23,20,3,23,23,5,18,15,2,3,1,6,5,3,3,3,3,1,1
2025,2,16,3,43,4,6,5,4,8,2,32,28,4,32,32,1,31,14,2,5,2,7,1,5,5,5,5,3,5
2025,2,16,4,43,10,10,6,2,23,6,43,33,10,43,43,6,37,29,4,11,6,7,6,2,2,2,1,5,6
2025,2,16,5,43,8,6,1,1,10,3,28,20,8,28,28,2,26,17,6,6,2,4,2,4,4,4,3,3,1
2025,2,16,6,43,6,4,6,2,14,5,41,35,6,41,41,2,39,21,5,11,1,8,2,6,6,6,6,2,6
2025,2,16,7,43,4,8,1,4,11,3,29,25,4,29,29,4,25,18,3,6,1,7,4,1,1,1,5,4,1
2025,2,16,8,43,7,4,4,1,12,6,30,23,7,30,30,1,29,18,5,9,2,4,1,5,5,5,1,2,4
2025,2,16,9,43,3,2,4,3,17,4,31,28,3,31,31,6,25,22,2,10,1,9,6,2,2,2,2,1,4
2025,2,16,10,43,8,12,5,1,14,3,37,29,8,37,37,4,33,18,3,5,5,3,4,3,3,3,5,6,5
2025,2,16,11,43,7,2,3,4,12,4,27,20,7,27,27,5,22,21,5,5,2,5,5,1,1,1,1,1,3
2025,2,17,0,43,3,6,3,3,16,4,33,30,3,33,33,4,29,20,1,10,2,9,4,4,4,4,3,3,3
2025,2,17,1,43,7,8,2,3,11,2,34,27,7,34,34,1,33,19,5,8,2,9,1,6,6,6,3,4,2
2025,2,17,2,43,10,8,3,3,16,4,40,30,10,40,40,5,35,25,6,7,4,6,5,5,5,5,3,4,3
2025,2,17,3,43,5,8,4,3,16,5,32,27,5,32,32,4,28,20,1,8,4,6,4,1,1,1,3,4,4
2025,2,17,4,43,4,4,3,1,6,1,19,15,4,19,19,2,17,9,2,2,2,2,2,2,2,2,3,2,3
2025,2,17,5,43,9,4,1,3,11,2,29,20,9,29,29,2,27,18,4,4,5,5,2,4,4,4,4,2,1
2025,2,17,6,43,10,2,1,6,20,5,44,34,10,44,44,5,39,30,4,9,6,10,5,6,6,6,6,1,1
2025,2,17,7,43,8,6,6,4,18,5,38,30,8,38,38,5,33,25,3,8,5,7,5,3,3,3,1,3,6
2025,2,17,8,43,5,6,6,5,11,5,41,36,5,41,41,1,40,20,4,9,1,9,1,6,6,6,6,3,6
2025,2,17,9,43,6,10,5,4,14,4,42,36,6,42,42,5,37,20,2,5,4,5,5,6,6,6,6,5,5
2025,2,17,10,43,4,12,1,5,12,3,37,33,4,37,37,1,36,19,2,9,2,11,1,5,5,5,6,6,1
2025,2,17,11,43,9,8,6,3,17,4,38,29,9,38,38,5,33,24,4,7,5,6,5,3,3,3,1,4,6
2025,2,18,0,43,7,8,1,3,18,5,39,32,7,39,39,5,34,23,2,8,5,6,5,5,5,5,6,4,1
2025,2,18,1,43,6,12,4,2,10,3,29,23,6,29,29,2,27,15,3,5,3,4,2,1,1,1,3,6,4
2025,2,18,2,43,5,6,2,6,12,1,33,28,5,33,33,2,31,19,1,6,4,11,2,4,4,4,5,3,2
2025,2,18,3,43,2,6,5,5,17,6,39,37,2,39,39,4,35,23,1,12,1,11,4,2,2,2,6,3,5
2025,2,18,4,43,10,6,1,6,14,2,34,24,10,34,34,5,29,24,4,3,6,7,5,2,2,2,4,3,1
2025,2,18,5,43,8,12,3,3,19,6,45,37,8,45,45,6,39,26,4,9,4,6,6,5,5,5,5,6,3
2025,2,18,6,43,9,12,1,1,9,2,30,21,9,30,30,1,29,15,5,4,4,3,1,3,3,3,5,6,1
2025,2,18,7,43,8,6,4,1,16,1,37,29,8,37,37,5,32,20,3,6,5,6,5,4,4,4,6,3,4
2025,2,18,8,43,11,8,6,2,17,5,42,31,11,42,42,1,41,24,5,10,6,7,1,3,3,3,5,4,6
2025,2,18,9,43,8,8,5,5,15,2,36,28,8,36,36,4,32,24,4,7,4,10,4,2,2,2,1,4,5
2025,2,18,10,43,5,8,3,4,16,5,40,35,5,40,40,4,36,23,3,10,2,9,4,4,4,4,6,4,3
2025,2,18,11,43,8,8,2,2,11,5,34,26,8,34,34,1,33,19,6,8,2,5,1,4,4,4,5,4,2
2025,2,19,0,43,8,4,1,5,12,4,27,19,8,27,27,1,26,19,2,5,6,6,1,3,3,3,2,2,1
2025,2,19,1,43,8,8,6,4,14,6,42,34,8,42,42,2,40,22,4,8,4,6,2,5,5,5,5,4,6
2025,2,19,2,43,6,4,5,6,18,6,38,32,6,38,38,5,33,25,1,8,5,8,5,5,5,5,1,2,5
2025,2,19,3,43,9,8,6,6,16,3,46,37,9,46,46,4,42,27,5,8,4,11,4,3,3,3,6,4,6
2025,2,19,4,43,6,12,4,2,14,4,34,28,6,34,34,5,29,18,2,5,4,3,5,1,1,1,5,6,4
2025,2,19,5,43,10,8,3,2,23,6,39,29,10,39,39,6,33,30,5,12,5,8,6,1,1,1,1,4,3
2025,2,19,6,43,9,10,6,1,16,2,38,29,9,38,38,5,33,20,3,5,6,4,5,5,5,5,2,5,6
2025,2,19,7,43,5,8,2,2,12,2,26,21,5,26,26,4,22,15,1,4,4,4,4,3,3,3,2,4,2
2025,2,19,8,43,4,8,3,5,9,2,32,28,4,32,32,1,31,15,1,5,3,8,1,4,4,4,6,4,3
2025,2,19,9,43,8,4,5,2,17,4,35,27,8,35,35,5,30,21,2,6,6,4,5,2,2,2,5,2,5
2025,2,19,10,43,10,12,5,5,21,6,44,34,10,44,44,6,38,31,5,10,5,9,6,1,1,1,1,6,5
2025,2,19,11,43,8,2,5,1,18,2,33,25,8,33,33,5,28,22,3,8,5,7,5,4,4,4,1,1,5
2025,2,20,0,43,10,10,5,5,13,3,43,33,10,43,43,1,42,24,6,8,4,10,1,3,3,3,6,5,5
2025,2,20,1,43,10,10,4,4,17,6,41,31,10,41,41,2,39,26,5,10,5,8,2,1,1,1,5,5,4
2025,2,20,2,43,7,2,3,4,15,3,37,30,7,37,37,6,31,23,4,6,3,7,6,6,6,6,4,1,3
2025,2,20,3,43,3,8,3,1,8,3,24,21,3,24,24,2,22,11,2,5,1,3,2,5,5,5,1,4,3
2025,2,20,4,43,3,10,2,3,8,1,24,21,3,24,24,5,19,13,2,2,1,4,5,3,3,3,1,5,2
2025,2,20,5,43,8,4,4,4,9,4,32,24,8,32,32,2,30,19,6,5,2,5,2,5,5,5,2,2,4
2025,2,20,6,43,8,6,1,5,16,4,34,26,8,34,34,4,30,25,4,8,4,9,4,2,2,2,3,3,1
2025,2,20,7,43,7,6,1,6,13,6,37,30,7,37,37,4,33,24,5,7,2,7,4,5,5,5,4,3,1
2025,2,20,8,43,12,12,3,5,10,1,35,23,12,35,35,1,34,21,6,3,6,7,1,1,1,1,4,6,3
2025,2,20,9,43,10,6,6,4,16,3,42,32,10,42,42,1,41,24,4,9,6,10,1,4,4,4,5,3,6
2025,2,20,10,43,10,2,4,5,15,2,37,27,10,37,37,6,31,26,6,5,4,8,6,5,5,5,1,1,4
2025,2,20,11,43,5,10,4,2,13,5,36,31,5,36,36,1,35,18,3,10,2,7,1,4,4,4,5,5,4
2025,2,21,0,43,4,10,2,4,14,4,34,30,4,34,34,5,29,21,3,8,1,8,5,3,3,3,3,5,2
2025,2,21,1,43,3,2,4,2,9,2,25,22,3,25,25,5,20,13,2,3,1,3,5,4,4,4,3,1,4
2025,2,21,2,43,2,2,2,2,11,4,20,18,2,20,20,5,15,14,1,5,1,3,5,2,2,2,1,1,2
2025,2,21,3,43,8,6,6,3,11,3,37,29,8,37,37,1,36,18,4,6,4,6,1,4,4,4,6,3,6
2025,2,21,4,43,7,12,4,3,16,6,41,34,7,41,41,2,39,23,4,11,3,8,2,2,2,2,6,6,4
2025,2,21,5,43,10,8,2,1,23,6,42,32,10,42,42,6,36,29,5,12,5,7,6,4,4,4,3,4,2
2025,2,21,6,43,9,8,5,1,15,4,39,30,9,39,39,4,35,22,6,8,3,5,4,3,3,3,5,4,5
2025,2,21,7,43,7,8,4,5,21,5,43,36,7,43,43,6,37,29,3,11,4,11,6,4,4,4,2,4,4
2025,2,21,8,43,7,4,1,1,18,6,34,27,7,34,34,6,28,21,2,7,5,2,6,5,5,5,5,2,1
2025,2,21,9,43,6,12,6,4,16,3,42,36,6,42,42,5,37,23,3,8,3,9,5,4,4,4,3,6,6
2025,2,21,10,43,12,4,4,6,18,1,47,35,12,47,47,5,42,30,6,7,6,12,5,6,6,6,5,2,4
2025,2,21,11,43,6,12,1,4,13,5,31,25,6,31,31,3,28,19,2,6,4,5,3,3,3,3,2,6,1
2025,2,22,0,44,10,4,4,6,16,1,36,26,10,36,36,4,32,27,5,7,5,12,4,2,2,2,1,2,4
2025,2,22,1,44,7,10,4,1,10,4,33,26,7,33,33,1,32,17,6,8,1,5,1,4,4,4,3,5,4
2025,2,22,2,44,11,10,6,2,13,5,39,28,11,39,39,1,38,21,6,7,5,4,1,6,6,6,1,5,6
2025,2,22,3,44,5,2,4,5,17,5,38,33,5,38,38,6,32,26,4,10,1,10,6,6,6,6,1,1,4
2025,2,22,4,44,12,6,6,6,18,4,43,31,12,43,43,6,37,30,6,6,6,8,6,3,3,3,1,3,6
2025,2,22,5,44,7,12,6,5,16,1,39,32,7,39,39,4,35,22,1,6,6,10,4,2,2,2,3,6,6
2025,2,22,6,44,5,8,3,1,19,6,39,34,5,39,39,5,34,21,1,10,4,5,5,6,6,6,5,4,3
2025,2,22,7,44,9,12,4,4,17,6,44,35,9,44,44,3,41,27,6,11,3,9,3,5,5,5,2,6,4
2025,2,22,8,44,3,8,5,5,12,1,37,34,3,37,37,4,33,18,1,6,2,10,4,5,5,5,5,4,5
2025,2,22,9,44,10,6,6,3,13,2,36,26,10,36,36,2,34,20,4,5,6,6,2,6,6,6,1,3,6
2025,2,22,10,44,10,2,4,2,14,5,35,25,10,35,35,2,33,21,5,7,5,4,2,3,3,3,6,1,4
2025,2,22,11,44,10,12,4,3,11,1,37,27,10,37,37,3,34,18,4,2,6,4,3,3,3,3,6,6,4
2025,2,23,0,44,10,6,4,1,16,3,34,24,10,34,34,6,28,22,5,5,5,3,6,4,4,4,1,3,4
2025,2,23,1,44,7,12,6,3,9,2,37,30,7,37,37,4,33,17,5,3,2,4,4,6,6,6,2,6,6
2025,2,23,2,44,10,6,3,4,13,4,33,23,10,33,33,3,30,22,5,5,5,5,3,3,3,3,2,3,3
2025,2,23,3,44,7,10,1,4,14,1,31,24,7,31,31,5,26,20,2,4,5,7,5,3,3,3,2,5,1
2025,2,23,4,44,5,2,5,5,20,4,42,37,5,42,42,6,36,26,1,10,4,11,6,5,5,5,5,1,5
2025,2,23,5,44,8,4,1,1,15,4,32,24,8,32,32,4,28,19,3,6,5,3,4,4,4,4,6,2,1
2025,2,23,6,44,5,12,1,1,14,6,29,24,5,29,29,2,27,16,1,8,4,3,2,2,2,2,4,6,1
2025,2,23,7,44,6,2,2,4,10,1,26,20,6,26,26,3,23,18,4,5,2,8,3,3,3,3,2,1,2
2025,2,23,8,44,8,2,5,3,14,1,27,19,8,27,27,2,25,19,2,6,6,8,2,1,1,1,1,1,5
2025,2,23,9,44,7,2,1,5,14,6,36,29,7,36,36,4,32,24,5,8,2,7,4,5,5,5,5,1,1
2025,2,23,10,44,2,4,3,4,19,6,34,32,2,34,34,6,28,24,1,12,1,10,6,2,2,2,3,2,3
2025,2,23,11,44,8,8,4,2,17,2,40,32,8,40,40,5,35,23,4,8,4,8,5,4,4,4,5,4,4
2025,2,24,0,44,9,12,5,3,15,2,43,34,9,43,43,3,40,22,4,7,5,8,3,4,4,4,6,6,5
2025,2,24,1,44,5,2,5,1,16,4,30,25,5,30,30,3,27,18,1,9,4,6,3,2,2,2,4,1,5
2025,2,24,2,44,9,4,1,5,19,6,39,30,9,39,39,6,33,30,6,10,3,9,6,2,2,2,4,2,1
2025,2,24,3,44,9,8,2,3,8,1,30,21,9,30,30,3,27,17,6,2,3,4,3,4,4,4,3,4,2
2025,2,24,4,44,5,10,3,6,12,4,34,29,5,34,34,3,31,19,1,5,4,7,3,1,1,1,6,5,3
2025,2,24,5,44,3,2,5,2,11,2,32,29,3,32,32,3,29,15,2,7,1,7,3,5,5,5,6,1,5
2025,2,24,6,44,7,6,3,1,14,3,28,21,7,28,28,5,23,17,2,4,5,2,5,4,4,4,1,3,3
2025,2,24,7,44,5,4,3,1,17,5,35,30,5,35,35,6,29,19,1,7,4,3,6,5,5,5,6,2,3
2025,2,24,8,44,6,6,6,6,22,5,42,36,6,42,42,6,36,29,1,11,5,12,6,2,2,2,2,3,6
2025,2,24,9,44,5,2,2,6,14,4,31,26,5,31,31,6,25,22,2,5,3,7,6,3,3,3,3,1,2
2025,2,24,10,44,7,6,4,2,17,2,34,27,7,34,34,6,28,20,1,5,6,5,6,3,3,3,4,3,4
2025,2,24,11,44,11,8,1,5,13,3,36,25,11,36,36,1,35,23,5,6,6,8,1,2,2,2,6,4,1
2025,2,25,0,44,8,6,1,1,17,5,38,30,8,38,38,4,34,23,5,10,3,6,4,6,6,6,5,3,1
2025,2,25,1,44,6,10,4,6,7,1,30,24,6,30,30,4,26,18,5,2,1,7,4,1,1,1,2,5,4
2025,2,25,2,44,9,8,6,2,16,4,42,33,9,42,42,3,39,24,6,10,3,8,3,2,2,2,6,4,6
2025,2,25,3,44,3,8,3,2,13,6,34,31,3,34,34,5,29,17,2,7,1,3,5,4,4,4,6,4,3
2025,2,25,4,44,8,4,6,5,17,5,36,28,8,36,36,6,30,25,3,6,5,6,6,2,2,2,1,2,6
2025,2,25,5,44,5,6,5,2,13,4,33,28,5,33,33,3,30,18,3,8,2,6,3,2,2,2,5,3,5
2025,2,25,6,44,8,6,1,5,15,1,38,30,8,38,38,5,33,24,4,6,4,10,5,5,5,5,5,3,1
2025,2,25,7,44,9,8,6,2,16,5,36,27,9,36,36,5,31,23,5,7,4,4,5,1,1,1,2,4,6
2025,2,25,8,44,8,4,5,4,14,3,37,29,8,37,37,1,36,21,3,8,5,9,1,5,5,5,4,2,5
2025,2,25,9,44,7,10,4,4,14,5,33,26,7,33,33,1,32,21,3,9,4,8,1,2,2,2,1,5,4
2025,2,25,10,44,4,6,5,5,10,1,34,30,4,34,34,5,29,17,2,3,2,7,5,4,4,4,5,3,5
2025,2,25,11,44,8,10,4,4,15,3,38,30,8,38,38,6,32,22,3,4,5,5,6,6,6,6,1,5,4
2025,2,26,0,44,9,10,3,3,16,4,37,28,9,37,37,5,32,23,4,6,5,5,5,3,3,3,3,5,3
2025,2,26,1,44,6,12,6,4,16,6,37,31,6,37,37,3,34,21,1,8,5,6,3,2,2,2,2,6,6
2025,2,26,2,44,8,12,5,3,14,1,41,33,8,41,41,4,37,19,2,4,6,6,4,5,5,5,6,6,5
2025,2,26,3,44,3,8,6,4,12,3,34,31,3,34,34,3,31,17,1,7,2,8,3,5,5,5,2,4,6
2025,2,26,4,44,9,4,4,6,14,4,39,30,9,39,39,5,34,25,5,5,4,7,5,2,2,2,6,2,4
2025,2,26,5,44,8,2,3,4,14,3,32,24,8,32,32,6,26,23,5,5,3,6,6,3,3,3,2,1,3
2025,2,26,6,44,2,2,6,2,7,1,20,18,2,20,20,2,18,10,1,4,1,5,2,1,1,1,2,1,6
2025,2,26,7,44,2,2,4,3,13,4,32,30,2,32,32,6,26,17,1,6,1,5,6,4,4,4,6,1,4
2025,2,26,8,44,3,12,5,5,9,2,37,34,3,37,37,1,36,16,2,7,1,10,1,6,6,6,4,6,5
2025,2,26,9,44,12,10,3,3,19,5,42,30,12,42,42,4,38,28,6,9,6,7,4,3,3,3,3,5,3
2025,2,26,10,44,9,12,2,2,19,6,40,31,9,40,40,6,34,24,3,7,6,3,6,4,4,4,4,6,2
2025,2,26,11,44,3,10,1,4,14,5,34,31,3,34,34,4,30,19,1,8,2,7,4,5,5,5,4,5,1
2025,2,27,0,44,9,2,4,3,12,4,34,25,9,34,34,4,30,21,6,5,3,4,4,2,2,2,6,1,4
2025,2,27,1,44,8,6,1,1,14,2,29,21,8,29,29,6,23,18,3,3,5,2,6,1,1,1,6,3,1
2025,2,27,2,44,9,8,2,5,14,4,36,27,9,36,36,2,34,22,3,6,6,7,2,5,5,5,3,4,2
2025,2,27,3,44,10,6,6,4,14,4,35,25,10,35,35,3,32,24,6,7,4,7,3,1,1,1,1,3,6
2025,2,27,4,44,6,8,4,6,12,1,32,26,6,32,32,6,26,21,3,3,3,8,6,2,2,2,1,4,4
2025,2,27,5,44,9,10,4,6,16,4,38,29,9,38,38,2,36,26,4,9,5,11,2,2,2,2,1,5,4
2025,2,27,6,44,3,4,1,2,15,5,32,29,3,32,32,2,30,18,1,11,2,8,2,5,5,5,6,2,1
2025,2,27,7,44,9,6,4,6,12,2,33,24,9,33,33,1,32,21,3,5,6,9,1,3,3,3,2,3,4
2025,2,27,8,44,5,2,1,5,15,4,27,22,5,27,27,3,24,21,1,8,4,9,3,1,1,1,3,1,1
2025,2,27,9,44,6,6,4,3,15,4,37,31,6,37,37,4,33,21,3,8,3,7,4,5,5,5,4,3,4
2025,2,27,10,44,12,4,1,2,15,6,36,24,12,36,36,1,35,23,6,8,6,4,1,6,6,6,4,2,1
2025,2,27,11,44,7,2,2,6,13,2,34,27,7,34,34,3,31,22,3,6,4,10,3,6,6,6,3,1,2
2025,2,28,0,44,6,2,4,6,7,4,27,21,6,27,27,1,26,18,5,5,1,7,1,3,3,3,1,1,4
2025,2,28,1,44,2,10,6,3,16,4,37,35,2,37,37,6,31,20,1,9,1,8,6,1,1,1,5,5,6
2025,2,28,2,44,6,6,6,5,15,4,38,32,6,38,38,2,36,22,2,9,4,10,2,1,1,1,6,3,6
2025,2,28,3,44,3,2,4,3,8,1,27,24,3,27,27,3,24,12,1,3,2,5,3,4,4,4,6,1,4
2025,2,28,4,44,6,10,1,6,16,1,34,28,6,34,34,5,29,24,2,7,4,12,5,1,1,1,3,5,1
2025,2,28,5,44,12,10,4,5,12,2,40,28,12,40,40,2,38,23,6,4,6,7,2,6,6,6,2,5,4
2025,2,28,6,44,10,10,1,3,12,2,35,25,10,35,35,5,30,21,6,3,4,4,5,4,4,4,4,5,1
2025,2,28,7,44,10,10,3,5,15,5,37,27,10,37,37,1,36,25,5,9,5,9,1,3,3,3,1,5,3
2025,2,28,8,44,10,12,6,3,13,3,35,25,10,35,35,4,31,21,5,4,5,4,4,1,1,1,1,6,6
2025,2,28,9,44,6,4,4,5,9,1,29,23,6,29,29,3,26,17,3,3,3,7,3,4,4,4,2,2,4
2025,2,28,10,44,4,4,3,2,9,2,29,25,4,29,29,1,28,14,3,7,1,7,1,6,6,6,4,2,3
2025,2,28,11,44,6,8,3,1,16,4,33,27,6,33,33,6,27,21,4,8,2,5,6,2,2,2,3,4,3
2025,3,1,0,45,9,10,6,6,17,1,49,40,9,49,49,5,44,26,3,6,6,11,5,6,6,6,6,5,6
2025,3,1,1,45,4,4,6,6,15,4,39,35,4,39,39,5,34,22,1,7,3,9,5,5,5,5,4,2,6
2025,3,1,2,45,6,6,1,5,14,6,36,30,6,36,36,1,35,21,2,9,4,8,1,6,6,6,5,3,1
2025,3,1,3,45,4,4,6,2,16,5,32,28,4,32,32,6,26,19,1,7,3,4,6,2,2,2,3,2,6
2025,3,1,4,45,4,10,5,4,14,5,38,34,4,38,38,3,35,20,2,9,2,8,3,3,3,3,5,5,5
2025,3,1,5,45,7,6,3,5,10,2,32,25,7,32,32,2,30,21,6,7,1,10,2,2,2,2,3,3,3
2025,3,1,6,45,3,4,2,4,12,6,32,29,3,32,32,2,30,17,1,8,2,6,2,6,6,6,5,2,2
2025,3,1,7,45,11,4,2,6,13,3,37,26,11,37,37,1,36,24,5,6,6,9,1,6,6,6,3,2,2
2025,3,1,8,45,11,4,1,5,22,5,45,34,11,45,45,5,40,32,5,11,6,11,5,6,6,6,4,2,1
2025,3,1,9,45,2,8,3,3,13,3,28,26,2,28,28,5,23,17,1,7,1,7,5,1,1,1,3,4,3
2025,3,1,10,45,5,12,6,3,17,5,41,36,5,41,41,2,39,21,1,11,4,9,2,2,2,2,6,6,6
2025,3,1,11,45,5,12,2,5,15,3,38,33,5,38,38,5,33,24,4,9,1,11,5,4,4,4,2,6,2
2025,3,2,0,45,9,4,2,5,18,4,43,34,9,43,43,6,37,29,6,9,3,10,6,5,5,5,5,2,2
2025,3,2,1,45,7,2,2,6,16,3,36,29,7,36,36,5,31,26,4,8,3,11,5,3,3,3,4,1,2
2025,3,2,2,45,6,6,6,2,18,6,38,32,6,38,38,5,33,22,2,9,4,5,5,2,2,2,5,3,6
2025,3,2,3,45,6,8,2,6,14,5,36,30,6,36,36,4,32,24,4,8,2,9,4,2,2,2,4,4,2
2025,3,2,4,45,10,8,6,6,14,3,41,31,10,41,41,2,39,26,6,8,4,11,2,3,3,3,2,4,6
2025,3,2,5,45,8,4,3,6,8,1,31,23,8,31,31,3,28,19,5,2,3,7,3,2,2,2,5,2,3
2025,3,2,6,45,11,6,1,3,11,1,32,21,11,32,32,1,31,19,5,4,6,6,1,6,6,6,3,3,1
2025,3,2,7,45,10,8,4,3,16,5,44,34,10,44,44,1,43,24,5,10,5,8,1,6,6,6,6,4,4
2025,3,2,8,45,8,10,1,6,12,1,38,30,8,38,38,1,37,22,4,7,4,12,1,4,4,4,6,5,1
2025,3,2,9,45,5,6,1,1,11,6,23,18,5,23,23,2,21,15,3,7,2,2,2,3,3,3,1,3,1
2025,3,2,10,45,2,10,3,4,12,3,33,31,2,33,33,5,28,17,1,6,1,7,5,2,2,2,6,5,3
2025,3,2,11,45,5,12,2,5,12,2,38,33,5,38,38,1,37,19,2,8,3,11,1,5,5,5,6,6,2
2025,3,3,0,45,6,8,2,2,12,5,31,25,6,31,31,2,29,16,2,6,4,3,2,4,4,4,5,4,2
2025,3,3,1,45,11,6,2,4,13,1,36,25,11,36,36,1,35,23,6,7,5,10,1,4,4,4,4,3,2
2025,3,3,2,45,6,4,3,4,14,2,33,27,6,33,33,4,29,21,3,7,3,9,4,3,3,3,4,2,3
2025,3,3,3,45,2,2,3,2,12,2,28,26,2,28,28,3,25,15,1,8,1,8,3,4,4,4,5,1,3
2025,3,3,4,45,9,8,4,4,14,6,39,30,9,39,39,3,36,23,5,7,4,5,3,4,4,4,4,4,4
2025,3,3,5,45,7,12,1,3,10,2,35,28,7,35,35,4,31,19,6,5,1,6,4,5,5,5,4,6,1
2025,3,3,6,45,9,8,6,4,14,4,41,32,9,41,41,1,40,24,6,10,3,10,1,5,5,5,2,4,6
2025,3,3,7,45,10,10,4,1,13,1,39,29,10,39,39,6,33,20,6,3,4,3,6,5,5,5,5,5,4
2025,3,3,8,45,9,6,2,4,17,5,34,25,9,34,34,5,29,26,5,8,4,7,5,1,1,1,2,3,2
2025,3,3,9,45,9,10,6,5,13,2,41,32,9,41,41,4,37,22,4,4,5,7,4,3,3,3,5,5,6
2025,3,3,10,45,3,6,5,3,14,5,33,30,3,33,33,1,32,18,1,11,2,9,1,5,5,5,2,3,5
2025,3,3,11,45,7,6,4,3,17,4,33,26,7,33,33,2,31,21,1,9,6,8,2,2,2,2,3,3,4
2025,3,4,0,45,7,10,4,4,13,4,32,25,7,32,32,1,31,19,2,7,5,7,1,2,2,2,2,5,4
2025,3,4,1,45,8,12,2,4,9,2,32,24,8,32,32,2,30,18,5,4,3,6,2,5,5,5,1,6,2
2025,3,4,2,45,9,4,6,6,14,2,37,28,9,37,37,6,31,24,4,3,5,7,6,3,3,3,2,2,6
2025,3,4,3,45,5,6,2,5,17,5,34,29,5,34,34,3,31,23,1,10,4,10,3,1,1,1,5,3,2
2025,3,4,4,45,7,4,2,5,12,1,29,22,7,29,29,1,28,20,3,7,4,11,1,1,1,1,4,2,2
2025,3,4,5,45,9,6,6,3,17,6,40,31,9,40,40,1,39,24,4,11,5,8,1,6,6,6,1,3,6
2025,3,4,6,45,10,12,6,3,19,5,48,38,10,48,48,3,45,26,4,10,6,8,3,5,5,5,5,6,6
2025,3,4,7,45,8,2,4,2,13,6,33,25,8,33,33,2,31,20,5,8,3,4,2,3,3,3,5,1,4
2025,3,4,8,45,5,2,4,1,14,5,31,26,5,31,31,4,27,19,4,9,1,5,4,2,2,2,5,1,4
2025,3,4,9,45,7,2,5,6,14,6,38,31,7,38,38,3,35,24,4,8,3,8,3,5,5,5,3,1,5
2025,3,4,10,45,10,2,3,5,21,6,43,33,10,43,43,5,38,30,4,10,6,9,5,4,4,4,5,1,3
2025,3,4,11,45,6,4,2,3,18,4,38,32,6,38,38,5,33,24,3,10,3,9,5,5,5,5,5,2,2
2025,3,5,0,45,3,8,3,6,9,5,29,26,3,29,29,2,27,17,2,6,1,7,2,2,2,2,3,4,3
2025,3,5,1,45,11,12,3,3,22,6,50,39,11,50,50,6,44,31,6,11,5,8,6,4,4,4,6,6,3
2025,3,5,2,45,11,4,6,5,20,2,42,31,11,42,42,6,36,30,5,8,6,11,6,1,1,1,3,2,6
2025,3,5,3,45,6,10,6,3,12,1,38,32,6,38,38,2,36,18,3,7,3,9,2,5,5,5,4,5,6
2025,3,5,4,45,4,4,3,4,6,1,23,19,4,23,23,3,20,13,3,2,1,5,3,2,2,2,3,2,3
2025,3,5,5,45,5,8,2,4,18,5,32,27,5,32,32,6,26,24,2,9,3,8,6,1,1,1,1,4,2
2025,3,5,6,45,2,12,3,1,9,6,22,20,2,22,22,1,21,11,1,7,1,2,1,1,1,1,1,6,3
2025,3,5,7,45,7,12,2,3,15,6,39,32,7,39,39,2,37,22,4,10,3,7,2,5,5,5,4,6,2
2025,3,5,8,45,7,4,4,3,14,4,33,26,7,33,33,3,30,19,2,6,5,5,3,4,4,4,4,2,4
2025,3,5,9,45,6,8,1,4,9,1,27,21,6,27,27,1,26,14,1,3,5,6,1,6,6,6,2,4,1
2025,3,5,10,45,5,8,6,4,15,3,42,37,5,42,42,5,37,23,4,9,1,10,5,4,4,4,5,4,6
2025,3,5,11,45,6,4,5,4,10,2,28,22,6,28,28,2,26,17,3,5,3,7,2,3,3,3,1,2,5
2025,3,6,0,45,9,4,1,4,12,3,36,27,9,36,36,3,33,22,6,6,3,7,3,6,6,6,5,2,1
2025,3,6,1,45,6,6,4,6,13,2,30,24,6,30,30,2,28,21,2,7,4,11,2,1,1,1,1,3,4
2025,3,6,2,45,3,8,4,3,9,2,29,26,3,29,29,5,24,14,2,3,1,4,5,1,1,1,6,4,4
2025,3,6,3,45,9,2,2,4,15,3,32,23,9,32,32,3,29,22,3,6,6,7,3,6,6,6,1,1,2
2025,3,6,4,45,7,12,2,3,16,1,32,25,7,32,32,4,28,20,1,6,6,8,4,2,2,2,2,6,2
2025,3,6,5,45,11,8,5,4,17,3,45,34,11,45,45,6,39,27,6,6,5,7,6,3,3,3,6,4,5
2025,3,6,6,45,8,2,6,4,14,3,36,28,8,36,36,5,31,22,4,5,4,6,5,5,5,5,2,1,6
2025,3,6,7,45,7,10,4,4,20,6,44,37,7,44,44,4,40,27,3,12,4,10,4,2,2,2,6,5,4
2025,3,6,8,45,4,10,4,6,13,4,43,39,4,43,43,6,37,22,3,6,1,8,6,6,6,6,6,5,4
2025,3,6,9,45,5,8,5,4,13,4,40,35,5,40,40,4,36,21,4,8,1,8,4,6,6,6,4,4,5
2025,3,6,10,45,3,8,3,4,11,4,33,30,3,33,33,2,31,17,2,8,1,8,2,5,5,5,4,4,3
2025,3,6,11,45,4,12,4,4,15,6,41,37,4,41,41,5,36,22,3,9,1,7,5,6,6,6,3,6,4
2025,3,7,0,45,9,6,3,4,14,3,34,25,9,34,34,1,33,21,3,7,6,8,1,4,4,4,3,3,3
2025,3,7,1,45,6,10,5,4,13,2,39,33,6,39,39,2,37,19,2,7,4,9,2,6,6,6,4,5,5
2025,3,7,2,45,6,10,3,1,16,5,34,28,6,34,34,2,32,20,3,11,3,7,2,5,5,5,1,5,3
2025,3,7,3,45,6,4,3,1,21,5,32,26,6,32,32,6,26,23,1,10,5,6,6,2,2,2,2,2,3
2025,3,7,4,45,12,2,4,3,15,4,32,20,12,32,32,3,29,24,6,6,6,5,3,2,2,2,1,1,4
2025,3,7,5,45,4,4,6,1,12,1,31,27,4,31,31,6,25,16,3,5,1,5,6,6,6,6,1,2,6
2025,3,7,6,45,11,6,3,4,17,4,37,26,11,37,37,5,32,26,5,6,6,6,5,1,1,1,4,3,3
2025,3,7,7,45,2,8,5,6,13,3,36,34,2,36,36,3,33,20,1,9,1,12,3,6,6,6,1,4,5
2025,3,7,8,45,8,4,3,1,13,4,30,22,8,30,30,2,28,17,3,6,5,3,2,5,5,5,3,2,3
2025,3,7,9,45,6,2,5,6,16,3,38,32,6,38,38,5,33,23,1,6,5,9,5,4,4,4,5,1,5
2025,3,7,10,45,5,6,3,2,14,2,26,21,5,26,26,6,20,17,1,4,4,4,6,2,2,2,1,3,3
2025,3,7,11,45,8,6,3,1,12,3,33,25,8,33,33,4,29,18,5,5,3,3,4,3,3,3,6,3,3
2025,3,8,0,46,5,4,6,5,9,2,31,26,5,31,31,3,28,18,4,5,1,8,3,2,2,2,3,2,6
2025,3,8,1,46,3,4,5,2,14,6,30,27,3,30,30,4,26,18,2,9,1,5,4,4,4,4,1,2,5
2025,3,8,2,46,6,2,1,5,17,3,34,28,6,34,34,6,28,23,1,6,5,8,6,5,5,5,4,1,1
2025,3,8,3,46,7,12,6,1,11,1,37,30,7,37,37,4,33,18,6,6,1,6,4,6,6,6,1,6,6
2025,3,8,4,46,8,10,5,2,18,5,37,29,8,37,37,1,36,22,2,11,6,8,1,1,1,1,4,5,5
2025,3,8,5,46,11,4,1,1,14,3,31,20,11,31,31,5,26,21,6,4,5,2,5,6,6,6,1,2,1
2025,3,8,6,46,4,4,6,6,12,1,37,33,4,37,37,5,32,19,1,4,3,9,5,6,6,6,4,2,6
2025,3,8,7,46,6,4,1,2,12,3,29,23,6,29,29,4,25,17,3,5,3,4,4,3,3,3,6,2,1
2025,3,8,8,46,9,10,5,1,15,3,37,28,9,37,37,2,35,20,4,8,5,6,2,5,5,5,2,5,5
2025,3,8,9,46,3,8,5,5,12,6,37,34,3,37,37,3,34,19,2,8,1,7,3,4,4,4,5,4,5
2025,3,8,10,46,5,2,4,4,17,5,36,31,5,36,36,4,32,24,3,11,2,10,4,2,2,2,5,1,4
2025,3,8,11,46,7,12,6,5,12,1,42,35,7,42,42,4,38,19,2,3,5,7,4,5,5,5,6,6,6
2025,3,9,0,46,9,8,6,6,13,1,42,33,9,42,42,3,39,24,5,6,4,11,3,2,2,2,6,4,6
2025,3,9,1,46,9,2,2,3,13,2,32,23,9,32,32,3,29,22,6,7,3,8,3,1,1,1,6,1,2
2025,3,9,2,46,8,10,1,5,17,6,41,33,8,41,41,5,36,26,4,8,4,7,5,4,4,4,5,5,1
2025,3,9,3,46,6,8,4,2,16,4,32,26,6,32,32,5,27,19,1,6,5,4,5,2,2,2,3,4,4
2025,3,9,4,46,8,4,2,6,15,4,37,29,8,37,37,4,33,27,6,9,2,11,4,1,1,1,5,2,2
2025,3,9,5,46,9,4,6,3,13,1,32,23,9,32,32,1,31,19,3,6,6,8,1,1,1,1,4,2,6
2025,3,9,6,46,5,2,4,2,15,5,26,21,5,26,26,1,25,19,2,11,3,8,1,1,1,1,1,1,4
2025,3,9,7,46,6,8,5,3,20,5,38,32,6,38,38,6,32,25,2,10,4,8,6,2,2,2,2,4,5
2025,3,9,8,46,12,2,2,1,21,5,40,28,12,40,40,4,36,28,6,11,6,7,4,4,4,4,5,1,2
2025,3,9,9,46,5,6,4,3,13,3,35,30,5,35,35,3,32,20,4,9,1,9,3,4,4,4,4,3,4
2025,3,9,10,46,7,4,4,1,14,2,26,19,7,26,26,3,23,17,2,6,5,5,3,1,1,1,2,2,4
2025,3,9,11,46,6,6,6,3,14,5,34,28,6,34,34,4,30,22,5,9,1,7,4,2,2,2,1,3,6
2025,3,10,0,46,7,4,1,3,17,4,39,32,7,39,39,6,33,26,6,10,1,9,6,6,6,6,4,2,1
2025,3,10,1,46,7,2,6,4,18,5,40,33,7,40,40,3,37,25,3,11,4,10,3,3,3,3,5,1,6
2025,3,10,2,46,6,6,3,6,14,5,33,27,6,33,33,3,30,21,1,6,5,7,3,5,5,5,1,3,3
2025,3,10,3,46,5,6,2,6,11,2,35,30,5,35,35,6,29,21,4,4,1,8,6,6,6,6,3,3,2
2025,3,10,4,46,12,6,4,2,10,2,32,20,12,32,32,1,31,18,6,3,6,3,1,4,4,4,3,3,4
2025,3,10,5,46,8,6,5,4,16,4,41,33,8,41,41,3,38,24,4,9,4,9,3,6,6,6,3,3,5
2025,3,10,6,46,5,2,1,3,13,5,25,20,5,25,25,2,23,17,1,7,4,5,2,3,3,3,3,1,1
2025,3,10,7,46,2,2,4,4,13,5,35,33,2,35,35,2,33,18,1,10,1,9,2,6,6,6,6,1,4
2025,3,10,8,46,2,6,4,4,9,3,31,29,2,31,31,4,27,14,1,4,1,5,4,4,4,4,6,3,4
2025,3,10,9,46,8,6,5,5,12,6,36,28,8,36,36,2,34,23,6,8,2,7,2,3,3,3,2,3,5
2025,3,10,10,46,12,4,1,4,14,1,29,17,12,29,29,5,24,24,6,3,6,6,5,1,1,1,1,2,1
2025,3,10,11,46,4,2,2,2,10,5,27,23,4,27,27,1,26,15,3,8,1,5,1,6,6,6,3,1,2
2025,3,11,0,46,6,12,3,2,18,5,38,32,6,38,38,4,34,22,2,10,4,7,4,6,6,6,1,6,3
2025,3,11,1,46,3,10,3,1,6,1,27,24,3,27,27,1,26,9,2,4,1,4,1,5,5,5,5,5,3
2025,3,11,2,46,2,2,2,4,9,3,26,24,2,26,26,1,25,14,1,7,1,8,1,3,3,3,6,1,2
2025,3,11,3,46,8,4,5,2,10,1,28,20,8,28,28,2,26,17,5,5,3,6,2,3,3,3,1,2,5
2025,3,11,4,46,3,6,4,3,15,4,29,26,3,29,29,4,25,19,1,9,2,8,4,2,2,2,1,3,4
2025,3,11,5,46,8,8,1,4,16,4,38,30,8,38,38,3,35,25,5,10,3,10,3,2,2,2,6,4,1
2025,3,11,6,46,7,8,2,1,13,1,27,20,7,27,27,5,22,15,1,2,6,2,5,5,5,5,1,4,2
2025,3,11,7,46,6,2,2,5,17,4,34,28,6,34,34,5,29,25,3,9,3,10,5,3,3,3,3,1,2
2025,3,11,8,46,5,8,2,2,13,5,36,31,5,36,36,1,35,19,4,11,1,8,1,6,6,6,5,4,2
2025,3,11,9,46,9,8,6,4,17,5,37,28,9,37,37,5,32,24,3,6,6,5,5,2,2,2,1,4,6
2025,3,11,10,46,6,4,6,3,14,5,37,31,6,37,37,2,35,21,4,10,2,8,2,6,6,6,2,2,6
2025,3,11,11,46,9,8,6,1,12,1,32,23,9,32,32,6,26,18,5,2,4,2,6,1,1,1,3,4,6
2025,3,12,0,46,7,8,3,1,12,1,30,23,7,30,30,3,27,15,2,4,5,4,3,6,6,6,2,4,3
2025,3,12,1,46,11,4,5,3,18,4,39,28,11,39,39,3,36,26,5,9,6,8,3,5,5,5,1,2,5
2025,3,12,2,46,6,12,3,6,14,2,39,33,6,39,39,3,36,22,2,7,4,11,3,3,3,3,5,6,3
2025,3,12,3,46,7,8,6,5,13,2,37,30,7,37,37,1,36,20,2,7,5,10,1,6,6,6,1,4,6
2025,3,12,4,46,9,4,6,5,14,6,39,30,9,39,39,3,36,25,6,8,3,7,3,2,2,2,4,2,6
2025,3,12,5,46,7,2,4,5,14,4,34,27,7,34,34,4,30,22,3,6,4,7,4,6,6,6,1,1,4
2025,3,12,6,46,11,8,2,1,17,5,33,22,11,33,33,5,28,23,5,6,6,2,5,3,3,3,1,4,2
2025,3,12,7,46,7,2,6,2,17,5,34,27,7,34,34,5,29,21,2,7,5,4,5,3,3,3,3,1,6
2025,3,12,8,46,5,4,4,5,14,6,34,29,5,34,34,6,28,23,4,7,1,6,6,1,1,1,4,2,4
2025,3,12,9,46,5,10,4,5,9,4,32,27,5,32,32,1,31,16,2,5,3,6,1,5,5,5,2,5,4
2025,3,12,10,46,7,10,4,6,12,4,38,31,7,38,38,4,34,23,5,6,2,8,4,1,1,1,5,5,4
2025,3,12,11,46,7,4,2,6,17,5,38,31,7,38,38,5,33,25,2,7,5,8,5,4,4,4,5,2,2
2025,3,13,0,46,8,12,6,1,16,4,36,28,8,36,36,3,33,22,5,10,3,7,3,1,1,1,1,6,6
2025,3,13,1,46,12,2,4,3,19,1,44,32,12,44,44,6,38,28,6,7,6,9,6,6,6,6,5,1,4
2025,3,13,2,46,7,2,2,3,10,1,29,22,7,29,29,1,28,18,5,7,2,9,1,5,5,5,3,1,2
2025,3,13,3,46,7,4,1,3,16,3,31,24,7,31,31,1,30,20,1,9,6,9,1,2,2,2,6,2,1
2025,3,13,4,46,5,8,1,3,13,5,31,26,5,31,31,1,30,17,1,8,4,6,1,4,4,4,5,4,1
2025,3,13,5,46,3,4,6,6,14,6,37,34,3,37,37,4,33,22,2,9,1,9,4,6,6,6,1,2,6
2025,3,13,6,46,10,8,3,1,16,1,32,22,10,32,32,6,26,22,5,5,5,5,6,1,1,1,2,4,3
2025,3,13,7,46,6,12,3,1,18,6,39,33,6,39,39,5,34,21,2,9,4,4,5,5,5,5,4,6,3
2025,3,13,8,46,5,2,3,2,14,2,26,21,5,26,26,4,22,17,1,6,4,6,4,2,2,2,3,1,3
2025,3,13,9,46,10,2,6,4,20,6,43,33,10,43,43,5,38,28,4,9,6,7,5,4,4,4,4,1,6
2025,3,13,10,46,7,8,1,3,20,3,37,30,7,37,37,6,31,25,2,9,5,9,6,1,1,1,6,4,1
2025,3,13,11,46,4,2,1,1,13,2,26,22,4,26,26,5,21,17,3,7,1,6,5,5,5,5,2,1,1
2025,3,14,0,46,9,2,1,1,15,1,33,24,9,33,33,5,28,20,4,5,5,5,5,5,5,5,6,1,1
2025,3,14,1,46,10,6,4,5,15,2,36,26,10,36,36,1,35,24,4,8,6,11,1,1,1,1,4,3,4
2025,3,14,2,46,4,2,1,6,14,5,29,25,4,29,29,1,28,21,1,10,3,11,1,5,5,5,1,1,1
2025,3,14,3,46,5,4,2,2,15,4,30,25,5,30,30,6,24,20,3,7,2,5,6,1,1,1,5,2,2
2025,3,14,4,46,9,10,6,5,13,2,36,27,9,36,36,3,33,21,3,4,6,7,3,2,2,2,2,5,6
2025,3,14,5,46,8,6,4,4,12,5,31,23,8,31,31,3,28,22,6,7,2,6,3,1,1,1,1,3,4
2025,3,14,6,46,9,10,1,2,9,1,27,18,9,27,27,2,25,17,6,4,3,5,2,2,2,2,2,5,1
2025,3,14,7,46,3,12,2,1,16,2,32,29,3,32,32,6,26,18,1,8,2,7,6,5,5,5,1,6,2
2025,3,14,8,46,4,2,5,2,11,3,30,26,4,30,30,4,26,15,2,5,2,4,4,6,6,6,3,1,5
2025,3,14,9,46,5,10,2,4,12,5,32,27,5,32,32,3,29,18,2,6,3,5,3,2,2,2,5,5,2
2025,3,14,10,46,6,10,3,1,15,6,35,29,6,35,35,6,29,20,4,7,2,2,6,4,4,4,3,5,3
2025,3,14,11,46,7,10,2,5,14,2,36,29,7,36,36,1,35,20,1,7,6,10,1,3,3,3,6,5,2
2025,3,15,0,47,5,6,3,3,10,2,23,18,5,23,23,1,22,14,1,5,4,6,1,1,1,1,2,3,3
2025,3,15,1,47,3,8,1,4,14,3,30,27,3,30,30,3,27,19,1,9,2,10,3,1,1,1,5,4,1
2025,3,15,2,47,6,2,2,5,13,2,30,24,6,30,30,2,28,20,2,7,4,10,2,5,5,5,2,1,2
2025,3,15,3,47,9,6,1,1,11,1,28,19,9,28,28,2,26,16,4,4,5,4,2,6,6,6,2,3,1
2025,3,15,4,47,5,12,5,3,7,2,32,27,5,32,32,3,29,14,4,3,1,4,3,3,3,3,4,6,5
2025,3,15,5,47,7,8,5,4,17,2,39,32,7,39,39,3,36,22,1,8,6,10,3,5,5,5,3,4,5
2025,3,15,6,47,10,2,6,4,15,3,33,23,10,33,33,2,31,24,5,8,5,9,2,1,1,1,1,1,6
2025,3,15,7,47,8,4,2,1,15,6,35,27,8,35,35,1,34,21,5,11,3,6,1,6,6,6,4,2,2
2025,3,15,8,47,8,6,4,2,17,6,34,26,8,34,34,4,30,24,5,10,3,6,4,2,2,2,1,3,4
2025,3,15,9,47,9,8,4,3,16,6,39,30,9,39,39,3,36,24,5,9,4,6,3,6,6,6,1,4,4
2025,3,15,10,47,9,6,5,3,17,5,39,30,9,39,39,6,33,25,5,7,4,5,6,5,5,5,1,3,5
2025,3,15,11,47,11,6,3,5,13,1,39,28,11,39,39,4,35,23,5,3,6,7,4,5,5,5,5,3,3
2025,3,16,0,47,4,2,1,3,9,6,21,17,4,21,21,1,20,15,3,7,1,4,1,2,2,2,2,1,1
2025,3,16,1,47,9,6,6,3,18,2,40,31,9,40,40,6,34,24,3,6,6,7,6,5,5,5,2,3,6
2025,3,16,2,47,7,2,5,2,14,5,35,28,7,35,35,2,33,20,4,9,3,6,2,3,3,3,6,1,5
2025,3,16,3,47,8,4,3,5,16,4,36,28,8,36,36,6,30,27,6,8,2,9,6,1,1,1,3,2,3
2025,3,16,4,47,2,2,2,5,6,1,21,19,2,21,21,2,19,12,1,3,1,7,2,5,5,5,1,1,2
2025,3,16,5,47,5,4,6,4,16,6,35,30,5,35,35,5,30,21,1,7,4,5,5,3,3,3,3,2,6
2025,3,16,6,47,8,10,6,1,13,1,40,32,8,40,40,6,34,18,4,3,4,3,6,5,5,5,6,5,6
2025,3,16,7,47,7,8,3,6,12,2,38,31,7,38,38,6,32,24,6,5,1,9,6,1,1,1,6,4,3
2025,3,16,8,47,4,8,3,4,8,3,30,26,4,30,30,1,29,14,2,5,2,6,1,4,4,4,5,4,3
2025,3,16,9,47,3,8,2,3,14,3,34,31,3,34,34,6,28,18,1,6,2,6,6,4,4,4,6,4,2
2025,3,16,10,47,7,10,2,5,19,6,40,33,7,40,40,6,34,28,4,10,3,9,6,2,2,2,3,5,2
2025,3,16,11,47,6,10,1,3,16,5,33,27,6,33,33,5,28,21,2,7,4,5,5,3,3,3,3,5,1
2025,3,17,0,47,11,6,5,4,14,1,36,25,11,36,36,2,34,23,5,6,6,9,2,2,2,2,3,3,5
2025,3,17,1,47,7,2,2,3,12,3,30,23,7,30,30,6,24,20,5,4,2,4,6,5,5,5,2,1,2
2025,3,17,2,47,3,10,6,2,10,2,29,26,3,29,29,3,26,14,2,6,1,6,3,1,1,1,3,5,6
2025,3,17,3,47,6,2,6,4,12,2,33,27,6,33,33,6,27,19,3,3,3,5,6,6,6,6,1,1,6
2025,3,17,4,47,4,12,6,5,13,4,42,38,4,42,42,3,39,19,1,7,3,8,3,6,6,6,5,6,6
2025,3,17,5,47,2,10,5,4,12,1,31,29,2,31,31,5,26,17,1,6,1,9,5,3,3,3,1,5,5
2025,3,17,6,47,5,2,4,3,13,5,35,30,5,35,35,4,31,20,4,8,1,6,4,4,4,4,6,1,4
2025,3,17,7,47,7,2,6,6,10,1,36,29,7,36,36,4,32,19,3,2,4,7,4,4,4,4,6,1,6
2025,3,17,8,47,9,12,4,4,12,5,37,28,9,37,37,2,35,21,5,6,4,5,2,3,3,3,3,6,4
2025,3,17,9,47,6,6,5,5,16,4,36,30,6,36,36,6,30,22,1,5,5,6,6,1,1,1,5,3,5
2025,3,17,10,47,3,12,5,6,10,3,35,32,3,35,35,1,34,17,1,7,2,10,1,5,5,5,2,6,5
2025,3,17,11,47,8,12,1,1,14,3,34,26,8,34,34,3,31,20,5,8,3,6,3,5,5,5,2,6,1
2025,3,18,0,47,8,4,3,5,19,5,39,31,8,39,39,5,34,26,2,8,6,8,5,2,2,2,6,2,3
2025,3,18,1,47,8,6,2,5,9,1,25,17,8,25,25,1,24,17,3,3,5,7,1,1,1,1,2,3,2
2025,3,18,2,47,8,6,6,4,7,1,29,21,8,29,29,2,27,16,5,2,3,5,2,1,1,1,3,3,6
2025,3,18,3,47,7,6,6,6,17,6,40,33,7,40,40,1,39,26,3,12,4,12,1,2,2,2,3,3,6
2025,3,18,4,47,7,12,3,2,20,5,41,34,7,41,41,6,35,24,2,9,5,6,6,3,3,3,5,6,3
2025,3,18,5,47,4,4,3,3,14,3,32,28,4,32,32,4,28,20,3,9,1,9,4,2,2,2,5,2,3
2025,3,18,6,47,4,2,5,2,13,2,33,29,4,33,33,6,27,18,3,6,1,6,6,3,3,3,6,1,5
2025,3,18,7,47,8,12,3,6,10,5,37,29,8,37,37,1,36,22,6,7,2,8,1,3,3,3,3,6,3
2025,3,18,8,47,9,10,1,3,15,2,37,28,9,37,37,5,32,24,6,7,3,8,5,3,3,3,4,5,1
2025,3,18,9,47,7,8,4,4,15,1,40,33,7,40,40,4,36,20,1,5,6,8,4,6,6,6,6,4,4
2025,3,18,10,47,8,10,5,4,16,5,36,28,8,36,36,4,32,23,3,7,5,6,4,2,2,2,1,5,5
2025,3,18,11,47,6,8,4,5,15,6,36,30,6,36,36,5,31,23,3,7,3,6,5,4,4,4,1,4,4
2025,3,19,0,47,9,6,6,6,16,4,43,34,9,43,43,3,40,25,3,7,6,9,3,6,6,6,3,3,6
2025,3,19,1,47,3,8,1,5,14,6,31,28,3,31,31,1,30,21,2,12,1,11,1,3,3,3,2,4,1
2025,3,19,2,47,6,4,4,5,16,4,35,29,6,35,35,5,30,24,3,8,3,9,5,4,4,4,1,2,4
2025,3,19,3,47,7,10,5,5,17,5,43,36,7,43,43,5,38,27,5,10,2,10,5,3,3,3,3,5,5
2025,3,19,4,47,9,2,1,5,17,4,41,32,9,41,41,3,38,27,5,10,4,11,3,6,6,6,6,1,1
2025,3,19,5,47,7,10,3,1,11,1,35,28,7,35,35,6,29,18,6,4,1,4,6,5,5,5,4,5,3
2025,3,19,6,47,3,6,5,6,12,4,40,37,3,40,40,1,39,20,2,10,1,12,1,6,6,6,6,3,5
2025,3,19,7,47,11,12,6,1,17,5,47,36,11,47,47,3,44,23,5,8,6,4,3,6,6,6,6,6,6
2025,3,19,8,47,8,8,5,6,14,4,45,37,8,45,45,5,40,26,6,7,2,9,5,4,4,4,6,4,5
2025,3,19,9,47,8,4,4,2,7,1,29,21,8,29,29,1,28,14,5,3,3,4,1,4,4,4,5,2,4
2025,3,19,10,47,3,6,1,4,17,6,30,27,3,30,30,3,27,22,1,12,2,10,3,3,3,3,1,3,1
2025,3,19,11,47,11,6,6,5,17,4,45,34,11,45,45,3,42,28,6,9,5,10,3,2,2,2,6,3,6
2025,3,20,0,47,5,12,6,4,9,5,40,35,5,40,40,1,39,17,4,7,1,6,1,5,5,5,6,6,6
2025,3,20,1,47,8,8,3,3,14,5,38,30,8,38,38,5,33,22,5,6,3,4,5,6,6,6,3,4,3
2025,3,20,2,47,9,4,6,1,20,5,42,33,9,42,42,5,37,26,5,11,4,7,5,5,5,5,3,2,6
2025,3,20,3,47,3,2,4,6,13,5,31,28,3,31,31,4,27,20,1,7,2,8,4,4,4,4,2,1,4
2025,3,20,4,47,6,6,2,2,7,1,25,19,6,25,25,2,23,12,3,2,3,3,2,4,4,4,4,3,2
2025,3,20,5,47,6,12,3,6,9,1,31,25,6,31,31,1,30,19,4,6,2,11,1,2,2,2,1,6,3
2025,3,20,6,47,6,8,1,5,11,2,31,25,6,31,31,1,30,20,4,8,2,11,1,2,2,2,4,4,1
2025,3,20,7,47,5,2,4,2,14,4,34,29,5,34,34,6,28,18,2,5,3,3,6,6,6,6,5,1,4
2025,3,20,8,47,7,12,5,6,12,2,40,33,7,40,40,3,37,22,4,6,3,10,3,2,2,2,5,6,5
2025,3,20,9,47,7,12,3,4,9,2,35,28,7,35,35,2,33,19,6,6,1,8,2,3,3,3,4,6,3
2025,3,20,10,47,4,4,4,2,21,6,36,32,4,36,36,6,30,24,1,12,3,8,6,2,2,2,4,2,4
2025,3,20,11,47,6,10,6,6,16,1,37,31,6,37,37,5,32,23,1,6,5,11,5,2,2,2,1,5,6
2025,3,21,0,47,11,10,3,2,14,3,33,22,11,33,33,4,29,22,6,5,5,4,4,2,2,2,1,5,3
2025,3,21,1,47,5,10,2,5,12,5,34,29,5,34,34,2,32,19,2,7,3,7,2,4,4,4,4,5,2
2025,3,21,2,47,7,12,6,2,16,4,39,32,7,39,39,4,35,22,4,9,3,7,4,2,2,2,3,6,6
2025,3,21,3,47,8,10,2,6,19,6,44,36,8,44,44,6,38,30,5,10,3,10,6,4,4,4,3,5,2
2025,3,21,4,47,2,6,1,3,8,1,25,23,2,25,25,1,24,12,1,6,1,8,1,3,3,3,6,3,1
2025,3,21,5,47,2,12,1,5,13,6,36,34,2,36,36,4,32,19,1,8,1,7,4,6,6,6,4,6,1
2025,3,21,6,47,9,8,4,4,11,5,35,26,9,35,35,1,34,20,5,6,4,5,1,2,2,2,5,4,4
2025,3,21,7,47,7,12,4,4,13,2,35,28,7,35,35,3,32,19,2,5,5,7,3,4,4,4,2,6,4
2025,3,21,8,47,10,4,4,3,14,5,37,27,10,37,37,2,35,23,6,8,4,6,2,6,6,6,2,2,4
2025,3,21,9,47,5,10,6,4,12,1,35,30,5,35,35,4,31,19,3,6,2,9,4,2,2,2,3,5,6
2025,3,21,10,47,7,10,3,3,11,2,35,28,7,35,35,3,32,16,2,3,5,4,3,6,6,6,5,5,3
2025,3,21,11,47,6,8,3,4,23,6,44,38,6,44,44,6,38,28,1,12,5,10,6,5,5,5,4,4,3
2025,3,22,0,48,2,6,3,2,9,3,25,23,2,25,25,4,21,12,1,4,1,3,4,4,4,4,3,3,3
2025,3,22,1,48,7,8,5,6,17,5,42,35,7,42,42,3,39,27,4,11,3,12,3,3,3,3,3,4,5
2025,3,22,2,48,10,10,2,4,15,4,35,25,10,35,35,1,34,24,5,9,5,9,1,3,3,3,1,5,2
2025,3,22,3,48,4,12,4,5,11,2,34,30,4,34,34,4,30,19,3,6,1,9,4,4,4,4,1,6,4
2025,3,22,4,48,10,8,6,6,14,3,41,31,10,41,41,2,39,24,4,6,6,9,2,2,2,2,5,4,6
2025,3,22,5,48,8,2,4,5,18,6,40,32,8,40,40,5,35,28,5,10,3,9,5,2,2,2,5,1,4
2025,3,22,6,48,5,12,3,6,14,5,41,36,5,41,41,5,36,23,3,7,2,8,5,4,4,4,5,6,3
2025,3,22,7,48,5,8,5,1,11,6,34,29,5,34,34,2,32,16,4,8,1,3,2,6,6,6,3,4,5
2025,3,22,8,48,8,4,2,1,15,4,28,20,8,28,28,5,23,21,5,7,3,4,5,1,1,1,2,2,2
2025,3,22,9,48,9,4,5,1,18,5,36,27,9,36,36,2,34,23,4,11,5,7,2,3,3,3,3,2,5
2025,3,22,10,48,4,4,1,4,17,6,32,28,4,32,32,6,26,23,2,9,2,7,6,5,5,5,1,2,1
2025,3,22,11,48,6,4,4,5,13,3,40,34,6,40,40,3,37,23,5,9,1,11,3,5,5,5,6,2,4
2025,3,23,0,48,5,2,2,2,12,3,21,16,5,21,21,3,18,16,2,6,3,5,3,1,1,1,1,1,2
2025,3,23,1,48,6,2,3,6,8,4,32,26,6,32,32,2,30,19,5,5,1,7,2,6,6,6,3,1,3
2025,3,23,2,48,3,6,1,6,13,2,33,30,3,33,33,6,27,20,1,5,2,9,6,5,5,5,4,3,1
2025,3,23,3,48,8,2,1,2,13,5,31,23,8,31,31,3,28,20,5,7,3,4,3,5,5,5,4,1,1
2025,3,23,4,48,8,8,6,3,10,5,37,29,8,37,37,1,36,18,5,6,3,4,1,6,6,6,3,4,6
2025,3,23,5,48,11,6,6,6,18,5,47,36,11,47,47,6,41,30,6,7,5,8,6,5,5,5,3,3,6
2025,3,23,6,48,11,10,2,1,20,6,40,29,11,40,40,5,35,26,5,9,6,4,5,5,5,5,2,5,2
2025,3,23,7,48,7,10,5,5,13,2,37,30,7,37,37,3,34,19,1,4,6,7,3,4,4,4,4,5,5
2025,3,23,8,48,9,4,6,4,16,5,41,32,9,41,41,2,39,26,6,11,3,10,2,4,4,4,3,2,6
2025,3,23,9,48,7,10,4,1,10,1,32,25,7,32,32,2,30,16,5,6,2,6,2,6,6,6,1,5,4
2025,3,23,10,48,5,10,5,5,14,4,37,32,5,37,37,1,36,21,2,10,3,11,1,3,3,3,3,5,5
2025,3,23,11,48,9,6,4,6,13,5,41,32,9,41,41,1,40,22,3,6,6,7,1,6,6,6,6,3,4
2025,3,24,0,48,8,4,4,4,10,4,32,24,8,32,32,3,29,20,6,5,2,5,3,4,4,4,2,2,4
2025,3,24,1,48,7,4,4,1,12,6,37,30,7,37,37,4,33,19,6,7,1,2,4,6,6,6,6,2,4
2025,3,24,2,48,7,12,1,2,12,2,30,23,7,30,30,1,29,16,2,6,5,6,1,4,4,4,3,6,1
2025,3,24,3,48,5,10,5,1,18,3,37,32,5,37,37,6,31,20,1,8,4,6,6,6,6,6,1,5,5
2025,3,24,4,48,6,2,6,5,15,2,38,32,6,38,38,5,33,23,3,7,3,10,5,6,6,6,2,1,6
2025,3,24,5,48,9,6,1,5,16,2,41,32,9,41,41,6,35,27,6,7,3,10,6,6,6,6,4,3,1
2025,3,24,6,48,5,12,3,3,11,3,31,26,5,31,31,2,29,15,1,5,4,5,2,5,5,5,2,6,3
2025,3,24,7,48,10,8,3,3,17,3,43,33,10,43,43,4,39,25,5,8,5,8,4,5,5,5,6,4,3
2025,3,24,8,48,3,2,6,5,12,3,34,31,3,34,34,6,28,19,2,5,1,7,6,6,6,6,2,1,6
2025,3,24,9,48,11,2,2,6,15,3,36,25,11,36,36,4,32,26,5,5,6,8,4,1,1,1,6,1,2
2025,3,24,10,48,3,4,5,3,13,1,32,29,3,32,32,5,27,18,2,7,1,9,5,5,5,5,2,2,5
2025,3,24,11,48,4,4,3,1,6,2,21,17,4,21,21,1,20,9,2,3,2,2,1,4,4,4,3,2,3
2025,3,25,0,48,8,10,5,4,12,6,42,34,8,42,42,1,41,22,6,9,2,7,1,6,6,6,4,5,5
2025,3,25,1,48,10,6,5,1,12,2,34,24,10,34,34,1,33,19,6,7,4,6,1,5,5,5,2,3,5
2025,3,25,2,48,4,2,4,2,11,4,26,22,4,26,26,2,24,15,2,7,2,5,2,3,3,3,3,1,4
2025,3,25,3,48,8,4,6,5,16,4,43,35,8,43,43,5,38,26,5,8,3,9,5,4,4,4,5,2,6
2025,3,25,4,48,7,6,6,2,11,5,35,28,7,35,35,4,31,19,6,6,1,3,4,5,5,5,2,3,6
2025,3,25,5,48,6,12,4,2,11,1,35,29,6,35,35,3,32,15,2,4,4,5,3,4,4,4,6,6,4
2025,3,25,6,48,9,4,3,4,13,3,32,23,9,32,32,1,31,22,5,8,4,9,1,2,2,2,3,2,3
2025,3,25,7,48,9,4,6,5,12,1,36,27,9,36,36,2,34,22,5,6,4,10,2,2,2,2,4,2,6
2025,3,25,8,48,7,4,4,2,11,2,28,21,7,28,28,3,25,17,4,5,3,5,3,2,2,2,3,2,4
2025,3,25,9,48,2,6,2,4,12,6,25,23,2,25,25,4,21,17,1,7,1,5,4,2,2,2,1,3,2
2025,3,25,10,48,8,10,1,3,15,4,36,28,8,36,36,2,34,21,3,8,5,7,2,5,5,5,4,5,1
2025,3,25,11,48,5,8,2,5,12,3,33,28,5,33,33,5,28,21,4,6,1,8,5,2,2,2,4,4,2
2025,3,26,0,48,6,4,3,3,9,1,32,26,6,32,32,1,31,17,5,7,1,9,1,4,4,4,6,2,3
2025,3,26,1,48,5,12,2,5,13,2,31,26,5,31,31,4,27,20,2,6,3,9,4,2,2,2,1,6,2
2025,3,26,2,48,5,6,6,6,13,4,37,32,5,37,37,3,34,21,2,7,3,9,3,6,6,6,1,3,6
2025,3,26,3,48,3,6,1,2,16,4,34,31,3,34,34,4,30,19,1,10,2,8,4,6,6,6,5,3,1
2025,3,26,4,48,7,10,3,5,12,2,29,22,7,29,29,1,28,18,1,5,6,8,1,2,2,2,1,5,3
2025,3,26,5,48,11,2,3,1,11,3,27,16,11,27,27,2,25,18,6,4,5,2,2,3,3,3,2,1,3
2025,3,26,6,48,8,2,5,6,16,3,39,31,8,39,39,6,33,24,2,4,6,7,6,6,6,6,3,1,5
2025,3,26,7,48,10,4,6,6,16,4,38,28,10,38,38,4,34,26,4,6,6,8,4,1,1,1,3,2,6
2025,3,26,8,48,3,4,6,2,10,4,33,30,3,33,33,3,30,14,2,6,1,4,3,5,5,5,6,2,6
2025,3,26,9,48,7,6,4,4,12,3,35,28,7,35,35,2,33,20,4,7,3,8,2,5,5,5,3,3,4
2025,3,26,10,48,7,6,6,5,19,5,40,33,7,40,40,4,36,25,1,9,6,9,4,4,4,4,2,3,6
2025,3,26,11,48,6,10,6,6,11,6,42,36,6,42,42,1,41,21,4,8,2,8,1,5,5,5,5,5,6
2025,3,27,0,48,5,4,4,4,8,1,27,22,5,27,27,3,24,16,4,4,1,7,3,1,1,1,4,2,4
2025,3,27,1,48,4,4,2,2,11,1,30,26,4,30,30,4,26,14,1,4,3,5,4,6,6,6,6,2,2
2025,3,27,2,48,3,4,4,1,13,4,27,24,3,27,27,4,23,16,2,8,1,5,4,3,3,3,2,2,4
2025,3,27,3,48,6,8,3,6,16,4,38,32,6,38,38,6,32,23,1,5,5,7,6,3,3,3,5,4,3
2025,3,27,4,48,12,8,4,6,17,6,42,30,12,42,42,2,40,29,6,9,6,9,2,3,3,3,2,4,4
2025,3,27,5,48,5,8,4,1,8,1,23,18,5,23,23,2,21,12,3,4,2,4,2,2,2,2,1,4,4
2025,3,27,6,48,10,10,3,2,15,6,40,30,10,40,40,3,37,22,5,7,5,3,3,4,4,4,6,5,3
2025,3,27,7,48,5,12,4,4,16,5,38,33,5,38,38,3,35,21,1,9,4,8,3,4,4,4,3,6,4
2025,3,27,8,48,11,4,5,3,18,4,42,31,11,42,42,3,39,27,6,10,5,9,3,2,2,2,6,2,5
2025,3,27,9,48,6,4,3,6,16,5,31,25,6,31,31,5,26,24,2,7,4,8,5,1,1,1,1,2,3
2025,3,27,10,48,7,10,5,4,13,6,39,32,7,39,39,1,38,20,3,8,4,6,1,5,5,5,4,5,5
2025,3,27,11,48,6,12,5,1,13,1,32,26,6,32,32,5,27,15,1,3,5,3,5,4,4,4,2,6,5
2025,3,28,0,48,8,2,4,2,13,4,27,19,8,27,27,2,25,20,5,8,3,6,2,1,1,1,1,1,4
2025,3,28,1,48,10,6,5,4,12,3,36,26,10,36,36,1,35,21,5,6,5,7,1,2,2,2,5,3,5
2025,3,28,2,48,8,8,6,1,18,6,42,34,8,42,42,3,39,21,2,9,6,4,3,6,6,6,5,4,6
2025,3,28,3,48,11,4,5,5,13,1,38,27,11,38,38,6,32,24,6,2,5,6,6,3,3,3,4,2,5
2025,3,28,4,48,7,2,2,5,13,3,32,25,7,32,32,1,31,19,1,6,6,8,1,6,6,6,4,1,2
2025,3,28,5,48,6,4,1,5,12,5,29,23,6,29,29,2,27,20,3,7,3,7,2,4,4,4,2,2,1
2025,3,28,6,48,8,10,2,2,16,5,33,25,8,33,33,3,30,22,4,9,4,6,3,3,3,3,1,5,2
2025,3,28,7,48,3,8,4,4,15,5,34,31,3,34,34,3,31,21,2,11,1,10,3,2,2,2,3,4,4
2025,3,28,8,48,9,10,5,2,14,1,34,25,9,34,34,2,32,19,3,6,6,7,2,3,3,3,2,5,5
2025,3,28,9,48,9,4,6,2,20,5,45,36,9,45,45,6,39,28,6,11,3,8,6,5,5,5,4,2,6
2025,3,28,10,48,8,12,5,2,13,3,36,28,8,36,36,1,35,18,3,7,5,6,1,6,6,6,1,6,5
2025,3,28,11,48,8,6,3,3,15,6,40,32,8,40,40,1,39,23,5,11,3,8,1,5,5,5,6,3,3
2025,3,29,0,49,5,6,6,5,20,6,40,35,5,40,40,6,34,28,3,12,2,11,6,1,1,1,2,3,6
2025,3,29,1,49,9,8,3,1,12,6,35,26,9,35,35,1,34,18,5,7,4,2,1,6,6,6,4,4,3
2025,3,29,2,49,8,10,2,3,11,1,29,21,8,29,29,2,27,18,4,5,4,7,2,2,2,2,2,5,2
2025,3,29,3,49,7,6,4,5,13,4,37,30,7,37,37,6,31,23,5,5,2,6,6,4,4,4,3,3,4
2025,3,29,4,49,8,6,3,2,14,6,38,30,8,38,38,5,33,22,6,7,2,3,5,4,4,4,6,3,3
2025,3,29,5,49,11,6,3,6,20,4,43,32,11,43,43,5,38,32,6,10,5,12,5,1,1,1,4,3,3
2025,3,29,6,49,9,12,2,2,13,5,36,27,9,36,36,2,34,19,4,6,5,3,2,6,6,6,3,6,2
2025,3,29,7,49,3,4,3,6,15,1,31,28,3,31,31,6,25,22,1,7,2,12,6,1,1,1,3,2,3
2025,3,29,8,49,4,6,2,4,7,1,29,25,4,29,29,4,25,14,3,2,1,5,4,4,4,4,6,3,2
2025,3,29,9,49,7,4,3,5,17,6,37,30,7,37,37,4,33,26,4,10,3,9,4,5,5,5,1,2,3
2025,3,29,10,49,10,4,3,4,14,1,37,27,10,37,37,6,31,22,4,2,6,5,6,5,5,5,5,2,3
2025,3,29,11,49,6,2,6,2,15,6,33,27,6,33,33,2,31,19,2,9,4,5,2,2,2,2,5,1,6
2025,3,30,0,49,10,4,3,5,19,6,43,33,10,43,43,3,40,30,6,12,4,11,3,3,3,3,5,2,3
2025,3,30,1,49,8,8,1,1,19,6,34,26,8,34,34,6,28,23,3,8,5,3,6,1,1,1,5,4,1
2025,3,30,2,49,7,2,3,1,16,4,27,20,7,27,27,4,23,19,2,7,5,4,4,3,3,3,1,1,3
2025,3,30,3,49,3,6,4,2,12,3,27,24,3,27,27,6,21,16,2,5,1,4,6,3,3,3,1,3,4
2025,3,30,4,49,7,12,3,1,13,5,34,27,7,34,34,2,32,16,2,6,5,2,2,3,3,3,6,6,3
2025,3,30,5,49,4,6,5,3,10,2,28,24,4,28,28,1,27,16,3,8,1,9,1,2,2,2,2,3,5
2025,3,30,6,49,8,12,6,2,13,2,34,26,8,34,34,6,28,19,4,3,4,3,6,2,2,2,1,6,6
2025,3,30,7,49,11,6,4,4,18,4,41,30,11,41,41,4,37,28,6,9,5,9,4,3,3,3,3,3,4
2025,3,30,8,49,9,12,6,2,17,6,46,37,9,46,46,6,40,24,5,7,4,3,6,5,5,5,5,6,6
2025,3,30,9,49,11,6,1,5,15,6,34,23,11,34,34,2,32,25,5,7,6,6,2,1,1,1,4,3,1
2025,3,30,10,49,8,10,4,3,16,4,40,32,8,40,40,3,37,23,4,9,4,8,3,5,5,5,3,5,4
2025,3,30,11,49,10,2,4,3,18,5,36,26,10,36,36,6,30,25,4,6,6,4,6,3,3,3,3,1,4
2025,3,31,0,49,6,4,6,4,6,1,26,20,6,26,26,1,25,14,4,3,2,6,1,3,3,3,1,2,6
2025,3,31,1,49,6,8,2,3,15,4,34,28,6,34,34,5,29,23,5,9,1,8,5,2,2,2,3,4,2
2025,3,31,2,49,8,6,2,4,19,3,37,29,8,37,37,5,32,26,3,9,5,10,5,4,4,4,2,3,2
2025,3,31,3,49,7,4,3,2,12,1,34,27,7,34,34,6,28,18,4,3,3,4,6,6,6,6,5,2,3
2025,3,31,4,49,6,6,3,5,20,6,43,37,6,43,43,6,37,29,4,12,2,11,6,2,2,2,6,3,3
2025,3,31,5,49,5,4,4,1,14,4,30,25,5,30,30,5,25,16,1,5,4,2,5,3,3,3,5,2,4
2025,3,31,6,49,3,12,2,4,9,2,26,23,3,26,26,1,25,15,2,7,1,9,1,2,2,2,1,6,2
2025,3,31,7,49,4,2,2,2,13,3,29,25,4,29,29,6,23,17,2,5,2,4,6,3,3,3,6,1,2
2025,3,31,8,49,9,2,2,1,14,4,25,16,9,25,25,1,24,18,3,7,6,4,1,1,1,1,3,1,2
2025,3,31,9,49,9,4,3,2,15,3,35,26,9,35,35,1,34,20,3,8,6,7,1,4,4,4,6,2,3
2025,3,31,10,49,7,12,1,3,16,6,41,34,7,41,41,3,38,23,4,10,3,7,3,5,5,5,6,6,1
2025,3,31,11,49,9,8,4,6,9,1,31,22,9,31,31,3,28,21,6,3,3,8,3,1,1,1,1,4,4
2025,4,1,0,50,4,10,3,3,9,3,29,25,4,29,29,1,28,14,2,6,2,6,1,4,4,4,3,5,3
2025,4,1,1,50,3,4,2,6,11,3,34,31,3,34,34,6,28,19,2,4,1,7,6,6,6,6,5,2,2
2025,4,1,2,50,7,10,1,2,10,2,27,20,7,27,27,3,24,18,6,6,1,6,3,1,1,1,2,5,1
2025,4,1,3,50,7,8,2,4,15,3,33,26,7,33,33,4,29,20,1,5,6,6,4,2,2,2,5,4,2
2025,4,1,4,50,8,6,5,1,14,6,33,25,8,33,33,2,31,19,4,8,4,3,2,2,2,2,4,3,5
2025,4,1,5,50,4,2,1,5,13,4,28,24,4,28,28,2,26,20,2,9,2,10,2,1,1,1,5,1,1
2025,4,1,6,50,6,10,3,4,15,1,38,32,6,38,38,6,32,22,3,6,3,9,6,6,6,6,2,5,3
2025,4,1,7,50,8,6,5,5,19,6,40,32,8,40,40,6,34,27,3,8,5,7,6,2,2,2,3,3,5
2025,4,1,8,50,5,6,6,6,14,4,34,29,5,34,34,5,29,21,1,5,4,7,5,2,2,2,2,3,6
2025,4,1,9,50,8,2,4,4,13,1,29,21,8,29,29,2,27,19,2,5,6,8,2,2,2,2,3,1,4
2025,4,1,10,50,8,2,4,2,14,4,30,22,8,30,30,1,29,18,2,7,6,5,1,3,3,3,4,1,4
2025,4,1,11,50,9,8,2,4,13,3,34,25,9,34,34,3,31,21,4,5,5,6,3,2,2,2,5,4,2
2025,4,2,0,50,6,6,6,6,19,6,39,33,6,39,39,5,34,26,1,9,5,9,5,3,3,3,1,3,6
2025,4,2,1,50,6,10,3,2,16,6,40,34,6,40,40,4,36,23,5,11,1,7,4,4,4,4,5,5,3
2025,4,2,2,50,6,2,6,3,16,5,36,30,6,36,36,6,30,23,4,8,2,6,6,3,3,3,3,1,6
2025,4,2,3,50,8,12,6,4,18,6,46,38,8,46,46,6,40,26,4,8,4,6,6,2,2,2,6,6,6
2025,4,2,4,50,7,8,2,1,16,4,35,28,7,35,35,2,33,19,2,9,5,6,2,5,5,5,5,4,2
2025,4,2,5,50,10,8,2,2,11,2,31,21,10,31,31,2,29,17,4,3,6,3,2,4,4,4,4,4,2
2025,4,2,6,50,5,12,5,1,12,3,34,29,5,34,34,6,28,16,3,4,2,2,6,3,3,3,4,6,5
2025,4,2,7,50,7,8,2,1,14,2,35,28,7,35,35,6,29,19,4,5,3,4,6,5,5,5,5,4,2
2025,4,2,8,50,8,10,6,2,8,1,33,25,8,33,33,1,32,14,4,3,4,4,1,6,6,6,2,5,6
2025,4,2,9,50,5,4,1,6,10,3,27,22,5,27,27,1,26,18,2,6,3,9,1,3,3,3,3,2,1
2025,4,2,10,50,6,12,1,6,15,1,40,34,6,40,40,6,34,25,4,7,2,12,6,3,3,3,5,6,1
2025,4,2,11,50,12,6,6,6,19,3,49,37,12,49,49,4,45,31,6,9,6,12,4,4,4,4,5,3,6
2025,4,3,0,50,10,4,5,1,21,6,40,30,10,40,40,6,34,28,6,11,4,6,6,3,3,3,2,2,5
2025,4,3,1,50,2,2,1,5,11,1,22,20,2,22,22,5,17,17,1,5,1,9,5,1,1,1,2,1,1
2025,4,3,2,50,4,6,4,6,16,5,40,36,4,40,40,4,36,23,1,9,3,10,4,5,5,5,5,3,4
2025,4,3,3,50,7,4,2,1,22,6,34,27,7,34,34,5,29,24,1,11,6,6,5,3,3,3,3,2,2
2025,4,3,4,50,5,8,2,1,13,1,28,23,5,28,28,5,23,15,1,4,4,4,5,5,5,5,2,4,2
2025,4,3,5,50,9,6,2,4,13,2,38,29,9,38,38,1,37,21,4,7,5,9,1,6,6,6,6,3,2
2025,4,3,6,50,10,12,4,3,18,6,43,33,10,43,43,4,39,26,5,9,5,6,4,1,1,1,6,6,4
2025,4,3,7,50,8,8,2,6,9,2,34,26,8,34,34,2,32,19,4,3,4,7,2,5,5,5,4,4,2
2025,4,3,8,50,8,2,1,5,14,6,28,20,8,28,28,1,27,21,2,7,6,6,1,4,4,4,1,1,1
2025,4,3,9,50,7,12,1,6,9,3,33,26,7,33,33,1,32,19,4,5,3,8,1,1,1,1,6,6,1
2025,4,3,10,50,4,10,5,6,9,2,36,32,4,36,36,4,32,18,3,4,1,8,4,6,6,6,2,5,5
2025,4,3,11,50,8,6,2,2,20,6,36,28,8,36,36,5,31,26,4,11,4,7,5,1,1,1,4,3,2
2025,4,4,0,50,11,4,3,2,18,4,38,27,11,38,38,3,35,26,6,10,5,8,3,1,1,1,6,2,3
2025,4,4,1,50,8,6,4,6,9,2,37,29,8,37,37,1,36,20,5,5,3,9,1,4,4,4,6,3,4
2025,4,4,2,50,5,12,1,5,13,5,33,28,5,33,33,1,32,19,1,8,4,8,1,5,5,5,2,6,1
2025,4,4,3,50,5,6,6,6,8,1,33,28,5,33,33,2,31,15,1,2,4,7,2,3,3,3,6,3,6
2025,4,4,4,50,10,4,1,2,21,3,37,27,10,37,37,6,31,27,4,9,6,8,6,3,3,3,4,2,1
2025,4,4,5,50,8,4,3,1,16,6,32,24,8,32,32,3,29,22,5,10,3,5,3,1,1,1,4,2,3
2025,4,4,6,50,4,12,3,2,13,4,32,28,4,32,32,4,28,16,1,6,3,4,4,1,1,1,6,6,3
2025,4,4,7,50,9,4,1,5,13,6,32,23,9,32,32,3,29,24,6,7,3,6,3,1,1,1,4,2,1
2025,4,4,8,50,4,4,1,3,12,1,28,24,4,28,28,4,24,17,2,6,2,8,4,5,5,5,3,2,1
2025,4,4,9,50,3,6,5,4,10,4,30,27,3,30,30,1,29,16,2,8,1,8,1,1,1,1,5,3,5
2025,4,4,10,50,4,10,4,4,10,2,31,27,4,31,31,6,25,17,3,3,1,5,6,1,1,1,4,5,4
2025,4,4,11,50,6,8,1,3,9,4,31,25,6,31,31,1,30,15,3,5,3,4,1,5,5,5,6,4,1
2025,4,5,0,50,8,6,4,3,18,3,37,29,8,37,37,6,31,26,5,9,3,9,6,2,2,2,2,3,4
2025,4,5,1,50,7,2,1,5,15,4,28,21,7,28,28,3,25,21,1,6,6,7,3,3,3,3,2,1,1
2025,4,5,2,50,8,6,3,2,18,6,37,29,8,37,37,2,35,22,2,10,6,6,2,6,6,6,3,3,3
2025,4,5,3,50,7,4,1,1,18,3,37,30,7,37,37,6,31,22,3,8,4,6,6,6,6,6,6,2,1
2025,4,5,4,50,8,4,5,3,15,2,35,27,8,35,35,3,32,22,4,8,4,9,3,2,2,2,4,2,5
2025,4,5,5,50,4,2,3,6,8,1,28,24,4,28,28,2,26,15,1,3,3,8,2,5,5,5,4,1,3
2025,4,5,6,50,10,10,6,6,12,3,39,29,10,39,39,3,36,23,5,4,5,7,3,3,3,3,2,5,6
2025,4,5,7,50,6,12,1,2,9,1,30,24,6,30,30,2,28,13,2,3,4,4,2,6,6,6,4,6,1
2025,4,5,8,50,3,4,4,3,13,4,30,27,3,30,30,1,29,17,1,10,2,9,1,1,1,1,6,2,4
2025,4,5,9,50,5,2,4,3,13,5,30,25,5,30,30,4,26,19,3,7,2,5,4,5,5,5,1,1,4
2025,4,5,10,50,3,12,6,4,14,3,42,39,3,42,42,3,39,19,1,9,2,10,3,6,6,6,5,6,6
2025,4,5,11,50,6,12,3,4,15,3,37,31,6,37,37,6,31,21,2,5,4,6,6,5,5,5,2,6,3
2025,4,6,0,50,6,10,6,5,8,2,33,27,6,33,33,2,31,17,4,4,2,7,2,3,3,3,2,5,6
2025,4,6,1,50,6,12,3,4,20,5,46,40,6,46,46,6,40,25,1,9,5,8,6,6,6,6,6,6,3
2025,4,6,2,50,5,8,1,6,10,2,33,28,5,33,33,5,28,19,3,3,2,7,5,5,5,5,4,4,1
2025,4,6,3,50,11,10,6,5,15,1,38,27,11,38,38,2,36,25,5,7,6,11,2,1,1,1,1,5,6
2025,4,6,4,50,3,8,1,1,8,4,22,19,3,22,22,1,21,11,2,6,1,3,1,3,3,3,3,4,1
2025,4,6,5,50,9,12,5,1,15,2,35,26,9,35,35,2,33,19,3,7,6,6,2,3,3,3,2,6,5
2025,4,6,6,50,8,4,6,1,10,3,28,20,8,28,28,1,27,16,5,6,3,4,1,1,1,1,3,2,6
2025,4,6,7,50,7,8,3,1,13,6,32,25,7,32,32,3,29,20,6,9,1,4,3,2,2,2,3,4,3
2025,4,6,8,50,5,12,3,6,15,2,37,32,5,37,37,5,32,23,2,7,3,11,5,3,3,3,2,6,3
2025,4,6,9,50,11,4,4,3,23,6,46,35,11,46,46,6,40,31,5,11,6,8,6,5,5,5,4,2,4
2025,4,6,10,50,8,8,2,2,17,3,32,24,8,32,32,4,28,21,2,7,6,6,4,3,3,3,2,4,2
2025,4,6,11,50,9,4,3,1,18,2,39,30,9,39,39,6,33,24,5,8,4,7,6,6,6,6,4,2,3
2025,4,7,0,50,9,8,2,2,21,5,39,30,9,39,39,5,34,26,3,10,6,7,5,2,2,2,5,4,2
2025,4,7,1,50,4,12,5,3,11,4,38,34,4,38,38,2,36,15,1,6,3,5,2,6,6,6,6,6,5
2025,4,7,2,50,4,8,2,5,15,6,37,33,4,37,37,5,32,22,2,8,2,7,5,5,5,5,4,4,2
2025,4,7,3,50,5,12,1,1,11,2,26,21,5,26,26,4,22,13,1,3,4,2,4,3,3,3,3,6,1
2025,4,7,4,50,9,6,6,5,13,6,44,35,9,44,44,1,43,24,6,9,3,8,1,5,5,5,6,3,6
2025,4,7,5,50,6,6,1,6,12,5,35,29,6,35,35,1,34,22,4,9,2,10,1,3,3,3,6,3,1
2025,4,7,6,50,8,4,6,1,10,1,28,20,8,28,28,1,27,17,6,7,2,7,1,2,2,2,1,2,6
2025,4,7,7,50,2,2,4,3,6,2,26,24,2,26,26,1,25,10,1,4,1,5,1,5,5,5,6,1,4
2025,4,7,8,50,7,2,5,4,14,4,33,26,7,33,33,6,27,22,4,5,3,5,6,2,2,2,3,1,5
2025,4,7,9,50,7,10,1,2,16,4,35,28,7,35,35,5,30,22,4,8,3,6,5,6,6,6,1,5,1
2025,4,7,10,50,11,4,2,1,14,4,34,23,11,34,34,4,30,21,6,5,5,2,4,4,4,4,5,2,2
2025,4,7,11,50,10,12,5,3,15,5,40,30,10,40,40,1,39,22,4,8,6,6,1,1,1,1,6,6,5
2025,4,8,0,51,7,4,3,3,11,3,27,20,7,27,27,1,26,19,5,8,2,8,1,2,2,2,1,2,3
2025,4,8,1,51,7,2,1,6,10,1,26,19,7,26,26,1,25,21,5,7,2,12,1,1,1,1,2,1,1
2025,4,8,2,51,9,4,3,6,15,1,38,29,9,38,38,6,32,26,5,5,4,10,6,5,5,5,2,2,3
2025,4,8,3,51,5,8,5,4,13,2,33,28,5,33,33,6,27,19,2,4,3,6,6,3,3,3,2,4,5
2025,4,8,4,51,10,6,4,6,21,6,40,30,10,40,40,5,35,31,4,10,6,10,5,1,1,1,1,3,4
2025,4,8,5,51,7,12,4,1,14,5,40,33,7,40,40,1,39,19,4,10,3,6,1,5,5,5,6,6,4
2025,4,8,6,51,7,6,4,5,13,6,36,29,7,36,36,1,35,20,2,7,5,6,1,5,5,5,4,3,4
2025,4,8,7,51,7,6,5,3,15,4,35,28,7,35,35,4,31,20,2,6,5,5,4,6,6,6,1,3,5
2025,4,8,8,51,6,2,5,2,11,5,30,24,6,30,30,1,29,15,2,6,4,3,1,5,5,5,4,1,5
2025,4,8,9,51,8,4,5,3,16,3,38,30,8,38,38,1,37,21,2,9,6,9,1,4,4,4,6,2,5
2025,4,8,10,51,7,10,1,2,14,3,30,23,7,30,30,4,26,18,2,5,5,4,4,3,3,3,3,5,1
2025,4,8,11,51,6,6,5,1,18,4,38,32,6,38,38,3,35,20,1,10,5,7,3,4,4,4,6,3,5
2025,4,9,0,51,6,10,1,5,12,4,35,29,6,35,35,3,32,22,5,8,1,9,3,3,3,3,4,5,1
2025,4,9,1,51,11,10,5,5,17,5,45,34,11,45,45,3,42,28,6,9,5,9,3,5,5,5,2,5,5
2025,4,9,2,51,10,12,6,4,19,6,44,34,10,44,44,2,42,27,4,11,6,9,2,4,4,4,1,6,6
2025,4,9,3,51,7,12,1,3,15,6,40,33,7,40,40,4,36,23,5,9,2,6,4,6,6,6,4,6,1
2025,4,9,4,51,4,10,2,1,15,4,30,26,4,30,30,6,24,19,3,8,1,5,6,1,1,1,3,5,2
2025,4,9,5,51,6,4,2,2,13,2,31,25,6,31,31,5,26,18,3,5,3,5,5,4,4,4,5,2,2
2025,4,9,6,51,5,2,3,3,12,6,26,21,5,26,26,2,24,19,4,9,1,6,2,2,2,2,1,1,3
2025,4,9,7,51,8,2,3,4,11,3,33,25,8,33,33,3,30,20,5,5,3,6,3,3,3,3,6,1,3
2025,4,9,8,51,9,12,2,2,16,5,35,26,9,35,35,2,33,23,5,10,4,7,2,3,3,3,1,6,2
2025,4,9,9,51,3,12,1,1,14,2,30,27,3,30,30,6,24,17,2,7,1,6,6,2,2,2,4,6,1
2025,4,9,10,51,8,4,5,3,17,4,40,32,8,40,40,6,34,23,3,6,5,5,6,5,5,5,5,2,5
2025,4,9,11,51,8,4,4,2,13,5,32,24,8,32,32,2,30,19,4,7,4,4,2,2,2,2,5,2,4
2025,4,10,0,51,12,6,1,2,16,3,35,23,12,35,35,2,33,24,6,8,6,7,2,2,2,2,5,3,1
2025,4,10,1,51,7,4,5,4,14,1,33,26,7,33,33,6,27,21,3,4,4,7,6,3,3,3,2,2,5
2025,4,10,2,51,8,6,2,2,21,6,41,33,8,41,41,6,35,25,2,9,6,5,6,5,5,5,6,3,2
2025,4,10,3,51,7,10,4,5,11,3,38,31,7,38,38,2,36,21,5,7,2,9,2,6,6,6,2,5,4
2025,4,10,4,51,5,4,4,2,14,3,29,24,5,29,29,1,28,17,1,9,4,8,1,2,2,2,4,2,4
2025,4,10,5,51,10,8,1,4,13,1,35,25,10,35,35,6,29,23,6,3,4,6,6,4,4,4,3,4,1
2025,4,10,6,51,8,10,6,3,14,4,40,32,8,40,40,2,38,22,5,9,3,8,2,6,6,6,1,5,6
2025,4,10,7,51,7,4,6,5,14,4,35,28,7,35,35,2,33,22,3,8,4,9,2,2,2,2,3,2,6
2025,4,10,8,51,11,2,2,3,15,2,36,25,11,36,36,4,32,24,6,6,5,7,4,3,3,3,6,1,2
2025,4,10,9,51,8,8,2,3,14,5,37,29,8,37,37,2,35,21,4,8,4,6,2,5,5,5,5,4,2
2025,4,10,10,51,7,2,1,5,16,4,40,33,7,40,40,5,35,26,5,9,2,10,5,6,6,6,6,1,1
2025,4,10,11,51,7,8,4,6,13,1,36,29,7,36,36,1,35,20,1,6,6,11,1,3,3,3,5,4,4
2025,4,11,0,51,6,2,6,1,8,1,33,27,6,33,33,3,30,14,5,4,1,4,3,6,6,6,6,1,6
2025,4,11,1,51,7,12,2,6,12,4,39,32,7,39,39,4,35,24,6,7,1,9,4,6,6,6,1,6,2
2025,4,11,2,51,7,10,3,1,11,4,34,27,7,34,34,2,32,16,4,6,3,3,2,6,6,6,4,5,3
2025,4,11,3,51,4,4,6,4,14,5,33,29,4,33,33,1,32,19,1,10,3,9,1,5,5,5,1,2,6
2025,4,11,4,51,7,4,2,3,20,4,36,29,7,36,36,6,30,26,3,10,4,9,6,2,2,2,4,2,2
2025,4,11,5,51,4,12,4,2,14,6,33,29,4,33,33,4,29,19,3,9,1,5,4,2,2,2,2,6,4
2025,4,11,6,51,7,2,5,2,17,2,29,22,7,29,29,3,26,20,1,8,6,8,3,2,2,2,1,1,5
2025,4,11,7,51,9,12,1,3,15,2,33,24,9,33,33,3,30,21,3,6,6,7,3,1,1,1,4,6,1
2025,4,11,8,51,6,2,5,6,15,5,35,29,6,35,35,3,32,26,5,11,1,12,3,2,2,2,1,1,5
2025,4,11,9,51,9,6,1,1,20,5,36,27,9,36,36,6,30,24,3,8,6,4,6,3,3,3,5,3,1
2025,4,11,10,51,5,2,6,4,14,3,33,28,5,33,33,4,29,22,4,9,1,10,4,2,2,2,2,1,6
2025,4,11,11,51,8,6,2,1,14,5,30,22,8,30,30,3,27,18,3,6,5,2,3,1,1,1,6,3,2
2025,4,12,0,51,4,4,4,2,6,3,27,23,4,27,27,1,26,11,3,4,1,3,1,4,4,4,6,2,4
2025,4,12,1,51,7,10,4,4,11,4,37,30,7,37,37,2,35,20,5,7,2,7,2,6,6,6,2,5,4
2025,4,12,2,51,11,2,2,1,14,4,29,18,11,29,29,3,26,21,6,6,5,3,3,2,2,2,3,1,2
2025,4,12,3,51,4,12,1,6,15,6,38,34,4,38,38,2,36,24,3,12,1,12,2,1,1,1,6,6,1
2025,4,12,4,51,5,8,3,3,15,4,35,30,5,35,35,4,31,20,2,8,3,7,4,6,6,6,2,4,3
2025,4,12,5,51,5,6,5,4,17,5,40,35,5,40,40,6,34,24,3,9,2,8,6,6,6,6,2,3,5
2025,4,12,6,51,7,12,3,4,18,4,40,33,7,40,40,4,36,23,1,8,6,8,4,3,3,3,5,6,3
2025,4,12,7,51,5,10,1,6,14,5,35,30,5,35,35,4,31,23,3,8,2,9,4,1,1,1,5,5,1
2025,4,12,8,51,3,10,3,6,12,1,31,28,3,31,31,6,25,20,2,5,1,10,6,2,2,2,1,5,3
2025,4,12,9,51,8,4,4,4,9,4,33,25,8,33,33,1,32,19,6,6,2,6,1,4,4,4,4,2,4
2025,4,12,10,51,12,10,1,3,17,4,41,29,12,41,41,5,36,26,6,6,6,5,5,5,5,5,4,5,1
2025,4,12,11,51,5,8,2,5,15,2,37,32,5,37,37,6,31,24,4,8,1,11,6,4,4,4,3,4,2
2025,4,13,0,51,8,12,1,1,17,1,34,26,8,34,34,6,28,20,2,5,6,5,6,4,4,4,3,6,1
2025,4,13,1,51,8,12,2,1,16,3,32,24,8,32,32,5,27,20,3,6,5,4,5,3,3,3,1,6,2
2025,4,13,2,51,4,10,6,5,17,6,45,41,4,45,45,5,40,25,3,11,1,10,5,6,6,6,3,5,6
2025,4,13,3,51,7,10,3,1,13,4,33,26,7,33,33,5,28,20,6,7,1,4,5,4,4,4,1,5,3
2025,4,13,4,51,4,10,1,4,19,5,42,38,4,42,42,6,36,25,2,11,2,10,6,6,6,6,5,5,1
2025,4,13,5,51,4,6,6,5,16,5,37,33,4,37,37,3,34,22,1,10,3,10,3,5,5,5,1,3,6
2025,4,13,6,51,7,6,1,5,11,5,34,27,7,34,34,2,32,22,6,8,1,8,2,4,4,4,4,3,1
2025,4,13,7,51,3,4,1,4,12,5,24,21,3,24,24,5,19,18,2,6,1,5,5,2,2,2,1,2,1
2025,4,13,8,51,6,8,3,5,16,5,37,31,6,37,37,5,32,24,3,8,3,8,5,4,4,4,2,4,3
2025,4,13,9,51,8,6,6,3,11,2,29,21,8,29,29,1,28,16,2,4,6,5,1,3,3,3,1,3,6
2025,4,13,10,51,8,8,1,1,16,2,27,19,8,27,27,4,23,19,2,6,6,5,4,2,2,2,1,4,1
2025,4,13,11,51,10,4,6,1,15,4,36,26,10,36,36,2,34,20,4,7,6,4,2,6,6,6,2,2,6
2025,4,14,0,51,7,2,3,4,11,4,34,27,7,34,34,2,32,19,4,6,3,6,2,6,6,6,5,1,3
2025,4,14,1,51,6,4,6,4,14,4,35,29,6,35,35,4,31,21,3,7,3,7,4,3,3,3,3,2,6
2025,4,14,2,51,8,2,6,1,9,1,25,17,8,25,25,3,22,16,6,4,2,4,3,1,1,1,1,1,6
2025,4,14,3,51,11,2,2,4,19,3,36,25,11,36,36,5,31,29,6,9,5,10,5,3,3,3,1,1,2
2025,4,14,4,51,6,6,6,3,13,6,38,32,6,38,38,3,35,20,4,8,2,5,3,4,4,4,5,3,6
2025,4,14,5,51,3,6,1,4,9,1,24,21,3,24,24,3,21,15,2,5,1,8,3,1,1,1,4,3,1
2025,4,14,6,51,5,12,6,4,15,5,39,34,5,39,39,6,33,23,4,8,1,7,6,1,1,1,3,6,6
2025,4,14,7,51,3,6,2,3,6,2,20,17,3,20,20,2,18,11,2,3,1,4,2,2,2,2,2,3,2
2025,4,14,8,51,10,2,6,3,14,3,36,26,10,36,36,2,34,21,4,6,6,6,2,6,6,6,2,1,6
2025,4,14,9,51,8,12,6,5,17,5,48,40,8,48,48,4,44,27,5,10,3,10,4,5,5,5,4,6,6
2025,4,14,10,51,3,8,6,5,9,2,31,28,3,31,31,1,30,16,2,7,1,10,1,2,2,2,3,4,6
2025,4,14,11,51,7,6,1,1,17,3,32,25,7,32,32,6,26,23,5,9,2,7,6,1,1,1,4,3,1
2025,4,15,0,52,5,10,3,2,17,6,37,32,5,37,37,3,34,21,2,11,3,7,3,3,3,3,5,5,3
2025,4,15,1,52,9,10,6,3,19,6,42,33,9,42,42,6,36,26,4,8,5,5,6,2,2,2,3,5,6
2025,4,15,2,52,2,4,3,1,11,5,22,20,2,22,22,2,20,13,1,8,1,4,2,3,3,3,1,2,3
2025,4,15,3,52,12,6,4,4,15,1,36,24,12,36,36,4,32,25,6,5,6,8,4,2,2,2,2,3,4
2025,4,15,4,52,2,10,5,3,12,2,38,36,2,38,38,6,32,16,1,5,1,6,6,6,6,6,6,5,5
2025,4,15,5,52,9,6,2,4,14,2,31,22,9,31,31,5,26,22,4,4,5,6,5,3,3,3,1,3,2
2025,4,15,6,52,6,10,1,2,10,1,26,20,6,26,26,3,23,14,2,3,4,4,3,3,3,3,3,5,1
2025,4,15,7,52,7,4,5,1,14,4,33,26,7,33,33,4,29,21,6,9,1,6,4,2,2,2,3,2,5
2025,4,15,8,52,7,2,3,5,12,1,33,26,7,33,33,3,30,22,5,7,2,11,3,3,3,3,4,1,3
2025,4,15,9,52,9,10,1,6,11,3,35,26,9,35,35,2,33,23,6,6,3,9,2,3,3,3,3,5,1
2025,4,15,10,52,5,8,1,6,17,5,38,33,5,38,38,6,32,24,1,7,4,8,6,3,3,3,6,4,1
2025,4,15,11,52,7,8,1,2,11,2,24,17,7,24,24,1,23,16,3,6,4,6,1,2,2,2,1,4,1
2025,4,16,0,52,2,6,4,5,13,5,34,32,2,34,34,6,28,19,1,6,1,6,6,2,2,2,6,3,4
2025,4,16,1,52,7,4,1,2,9,1,26,19,7,26,26,2,24,13,2,2,5,3,2,5,5,5,5,2,1
2025,4,16,2,52,10,2,1,6,17,6,33,23,10,33,33,2,31,27,4,9,6,9,2,1,1,1,3,1,1
2025,4,16,3,52,7,8,4,6,16,3,47,40,7,47,47,6,41,27,5,8,2,11,6,6,6,6,6,4,4
2025,4,16,4,52,11,12,4,3,18,4,48,37,11,48,48,3,45,27,6,10,5,9,3,6,6,6,5,6,4
2025,4,16,5,52,10,12,2,3,17,6,38,28,10,38,38,3,35,24,4,8,6,5,3,2,2,2,4,6,2
2025,4,16,6,52,3,8,4,3,10,1,30,27,3,30,30,3,27,14,1,5,2,7,3,2,2,2,6,4,4
2025,4,16,7,52,8,8,2,3,14,2,37,29,8,37,37,5,32,21,4,5,4,6,5,4,4,4,6,4,2
2025,4,16,8,52,5,12,1,5,11,5,34,29,5,34,34,3,31,19,3,6,2,6,3,4,4,4,4,6,1
2025,4,16,9,52,5,2,3,4,13,5,29,24,5,29,29,3,26,19,2,7,3,6,3,4,4,4,2,1,3
2025,4,16,10,52,10,2,1,5,19,6,37,27,10,37,37,4,33,30,6,11,4,10,4,4,4,4,1,1,1
2025,4,16,11,52,12,10,6,1,23,6,49,37,12,49,49,5,44,30,6,12,6,7,5,2,2,2,6,5,6
2025,4,17,0,52,8,10,3,3,21,5,43,35,8,43,43,5,38,27,3,11,5,9,5,4,4,4,4,5,3
2025,4,17,1,52,5,10,6,4,13,2,37,32,5,37,37,2,35,19,2,8,3,10,2,4,4,4,3,5,6
2025,4,17,2,52,7,10,3,1,12,1,33,26,7,33,33,4,29,15,2,3,5,3,4,4,4,4,6,5,3
2025,4,17,3,52,6,2,5,1,13,6,31,25,6,31,31,4,27,19,5,8,1,3,4,3,3,3,3,1,5
2025,4,17,4,52,9,10,2,3,11,2,32,23,9,32,32,5,27,20,6,3,3,4,5,2,2,2,3,5,2
2025,4,17,5,52,7,8,1,1,11,1,28,21,7,28,28,3,25,15,3,4,4,4,3,5,5,5,3,4,1
2025,4,17,6,52,11,12,4,1,17,6,42,31,11,42,42,2,40,23,5,9,6,4,2,6,6,6,3,6,4
2025,4,17,7,52,5,2,1,2,12,6,31,26,5,31,31,4,27,18,4,7,1,3,4,6,6,6,5,1,1
2025,4,17,8,52,8,12,4,2,14,3,36,28,8,36,36,2,34,18,2,6,6,5,2,3,3,3,5,6,4
2025,4,17,9,52,9,6,6,1,13,3,36,27,9,36,36,4,32,19,5,5,4,3,4,4,4,4,4,3,6
2025,4,17,10,52,5,2,1,6,11,4,32,27,5,32,32,2,30,19,2,6,3,8,2,5,5,5,6,1,1
2025,4,17,11,52,6,10,6,2,10,2,35,29,6,35,35,4,31,17,5,5,1,5,4,4,4,4,3,5,6
2025,4,18,0,52,11,2,5,6,13,3,41,30,11,41,41,2,39,25,6,6,5,9,2,4,4,4,6,1,5
2025,4,18,1,52,7,8,2,6,11,4,35,28,7,35,35,2,33,21,4,6,3,8,2,2,2,2,6,4,2
2025,4,18,2,52,9,4,2,2,15,6,30,21,9,30,30,3,27,21,4,7,5,3,3,1,1,1,4,2,2
2025,4,18,3,52,8,12,4,5,12,1,34,26,8,34,34,2,32,22,5,7,3,11,2,1,1,1,1,6,4
2025,4,18,4,52,8,6,6,1,19,6,43,35,8,43,43,4,39,25,5,12,3,7,4,5,5,5,4,3,6
2025,4,18,5,52,9,12,5,5,16,5,40,31,9,40,40,4,36,27,6,9,3,9,4,1,1,1,1,6,5
2025,4,18,6,52,10,8,5,1,17,5,39,29,10,39,39,5,34,24,6,8,4,4,5,3,3,3,3,4,5
2025,4,18,7,52,9,4,3,1,19,3,36,27,9,36,36,5,31,23,3,8,6,6,5,5,5,5,3,2,3
2025,4,18,8,52,5,10,1,2,13,4,26,21,5,26,26,2,24,17,2,8,3,6,2,2,2,2,1,5,1
2025,4,18,9,52,3,10,5,3,13,3,39,36,3,39,39,4,35,18,2,8,1,8,4,5,5,5,6,5,5
2025,4,18,10,52,8,8,6,3,16,5,41,33,8,41,41,6,35,23,4,6,4,4,6,2,2,2,6,4,6
2025,4,18,11,52,9,2,1,1,18,5,33,24,9,33,33,6,27,25,6,9,3,5,6,1,1,1,5,1,1
2025,4,19,0,52,11,2,1,2,16,3,35,24,11,35,35,5,30,24,6,6,5,5,5,6,6,6,3,1,1
2025,4,19,1,52,5,4,1,2,9,1,27,22,5,27,27,1,26,15,4,7,1,8,1,6,6,6,3,2,1
2025,4,19,2,52,5,2,5,4,14,2,34,29,5,34,34,5,29,21,3,7,2,9,5,6,6,6,1,1,5
2025,4,19,3,52,2,8,4,2,11,1,29,27,2,29,29,5,24,14,1,5,1,6,5,2,2,2,5,4,4
2025,4,19,4,52,9,4,6,6,12,3,35,26,9,35,35,2,33,22,4,5,5,8,2,1,1,1,4,2,6
2025,4,19,5,52,2,6,1,3,14,5,29,27,2,29,29,2,27,18,1,11,1,9,2,3,3,3,4,3,1
2025,4,19,6,52,2,12,2,2,12,2,30,28,2,30,30,6,24,15,1,5,1,5,6,3,3,3,4,6,2
2025,4,19,7,52,7,4,6,6,6,1,37,30,7,37,37,1,36,18,6,4,1,9,1,6,6,6,5,2,6
2025,4,19,8,52,7,4,6,5,16,3,46,39,7,46,46,6,40,27,6,9,1,11,6,5,5,5,6,2,6
2025,4,19,9,52,7,12,4,4,11,2,34,27,7,34,34,1,33,16,1,4,6,6,1,3,3,3,5,6,4
2025,4,19,10,52,7,4,3,4,17,2,31,24,7,31,31,3,28,22,1,8,6,10,3,1,1,1,3,2,3
2025,4,19,11,52,7,4,2,6,11,4,34,27,7,34,34,2,32,22,5,7,2,9,2,4,4,4,4,2,2
2025,4,20,0,52,10,10,6,6,18,5,47,37,10,47,47,3,44,29,5,10,5,11,3,4,4,4,3,5,6
2025,4,20,1,52,5,6,4,4,14,3,37,32,5,37,37,4,33,20,2,7,3,8,4,4,4,4,6,3,4
2025,4,20,2,52,3,10,5,1,11,1,29,26,3,29,29,3,26,13,1,6,2,6,3,2,2,2,4,5,5
2025,4,20,3,52,3,4,3,2,11,3,25,22,3,25,25,4,21,14,1,5,2,4,4,2,2,2,4,2,3
2025,4,20,4,52,10,12,1,3,18,1,39,29,10,39,39,6,33,25,4,6,6,8,6,3,3,3,4,6,1
2025,4,20,5,52,6,4,2,6,16,4,37,31,6,37,37,4,33,26,4,10,2,12,4,6,6,6,1,2,2
2025,4,20,6,52,11,4,4,5,18,3,39,28,11,39,39,4,35,28,5,8,6,10,4,4,4,4,1,2,4
2025,4,20,7,52,6,12,2,3,17,6,37,31,6,37,37,6,31,24,4,9,2,6,6,2,2,2,3,6,2
2025,4,20,8,52,7,4,2,2,13,1,32,25,7,32,32,6,26,19,4,4,3,5,6,5,5,5,4,2,2
2025,4,20,9,52,8,6,1,3,15,6,36,28,8,36,36,5,31,23,5,7,3,4,5,4,4,4,5,3,1
2025,4,20,10,52,6,4,6,1,20,5,38,32,6,38,38,5,33,23,2,11,4,7,5,6,6,6,1,2,6
2025,4,20,11,52,7,12,6,5,15,3,44,37,7,44,44,4,40,25,5,9,2,11,4,2,2,2,5,6,6
2025,4,21,0,52,4,12,4,5,14,2,34,30,4,34,34,4,30,20,1,7,3,10,4,1,1,1,3,6,4
2025,4,21,1,52,10,6,1,4,15,4,39,29,10,39,39,3,36,24,5,7,5,7,3,5,5,5,6,3,1
2025,4,21,2,52,7,2,4,2,10,1,27,20,7,27,27,2,25,18,6,7,1,8,2,3,3,3,1,1,4
2025,4,21,3,52,2,12,6,6,11,4,39,37,2,39,39,2,37,18,1,8,1,10,2,3,3,3,6,6,6
2025,4,21,4,52,8,2,2,3,12,3,35,27,8,35,35,5,30,21,6,5,2,5,5,5,5,5,6,1,2
2025,4,21,5,52,3,12,3,2,5,1,23,20,3,23,23,1,22,9,2,3,1,4,1,4,4,4,1,6,3
2025,4,21,6,52,7,4,1,6,11,1,33,26,7,33,33,3,30,21,4,5,3,10,3,5,5,5,4,2,1
2025,4,21,7,52,5,12,5,2,17,3,37,32,5,37,37,6,31,21,2,8,3,7,6,3,3,3,2,6,5
2025,4,21,8,52,5,10,5,1,8,1,29,24,5,29,29,2,27,12,3,4,2,4,2,3,3,3,4,5,5
2025,4,21,9,52,7,2,5,3,15,2,38,31,7,38,38,6,32,24,6,8,1,9,6,3,3,3,5,1,5
2025,4,21,10,52,5,8,6,5,15,2,37,32,5,37,37,6,31,22,2,6,3,9,6,1,1,1,4,4,6
2025,4,21,11,52,7,10,4,2,10,2,32,25,7,32,32,2,30,18,6,7,1,7,2,4,4,4,1,5,4
2025,4,22,0,53,9,10,1,3,7,2,28,19,9,28,28,1,27,16,6,3,3,4,1,2,2,2,4,5,1
2025,4,22,1,53,6,6,2,6,13,5,38,32,6,38,38,2,36,24,5,10,1,11,2,4,4,4,5,3,2
2025,4,22,2,53,11,12,3,2,13,1,36,25,11,36,36,2,34,20,5,5,6,6,2,5,5,5,2,6,3
2025,4,22,3,53,7,2,2,2,16,3,26,19,7,26,26,2,24,19,1,8,6,7,2,2,2,2,2,1,2
2025,4,22,4,53,8,6,3,1,15,1,33,25,8,33,33,3,30,19,3,7,5,7,3,2,2,2,6,3,3
2025,4,22,5,53,6,12,5,2,17,4,40,34,6,40,40,6,34,24,5,10,1,8,6,2,2,2,3,6,5
2025,4,22,6,53,5,4,6,1,7,1,29,24,5,29,29,3,26,11,3,2,2,2,3,5,5,5,5,2,6
2025,4,22,7,53,7,10,5,4,9,1,32,25,7,32,32,3,29,17,4,3,3,6,3,3,3,3,2,5,5
2025,4,22,8,53,7,12,1,1,10,1,29,22,7,29,29,2,27,17,6,7,1,7,2,4,4,4,1,6,1
2025,4,22,9,53,10,6,4,2,12,2,33,23,10,33,33,4,29,19,5,3,5,3,4,1,1,1,6,3,4
2025,4,22,10,53,5,6,3,2,17,4,38,33,5,38,38,6,32,22,3,9,2,7,6,4,4,4,6,3,3
2025,4,22,11,53,5,8,4,3,13,5,34,29,5,34,34,2,32,19,3,9,2,7,2,5,5,5,2,4,4
2025,4,23,0,53,10,6,5,4,16,2,41,31,10,41,41,3,38,25,5,8,5,10,3,2,2,2,6,3,5
2025,4,23,1,53,8,10,1,2,15,2,33,25,8,33,33,6,27,19,2,3,6,3,6,5,5,5,3,5,1
2025,4,23,2,53,10,8,6,3,20,6,42,32,10,42,42,2,40,27,4,12,6,9,2,2,2,2,3,4,6
2025,4,23,3,53,7,10,1,2,13,2,32,25,7,32,32,6,26,21,6,6,1,6,6,2,2,2,3,5,1
2025,4,23,4,53,4,2,2,6,13,5,33,29,4,33,33,5,28,21,2,6,2,7,5,5,5,5,4,1,2
2025,4,23,5,53,5,12,5,5,15,6,42,37,5,42,42,2,40,24,4,12,1,11,2,1,1,1,6,6,5
2025,4,23,6,53,4,6,2,2,16,5,36,32,4,36,36,4,32,19,1,9,3,6,4,6,6,6,6,3,2
2025,4,23,7,53,10,8,4,3,12,4,34,24,10,34,34,1,33,20,5,6,5,5,1,4,4,4,2,4,4
2025,4,23,8,53,8,12,1,6,14,3,38,30,8,38,38,2,36,22,2,6,6,9,2,5,5,5,4,6,1
2025,4,23,9,53,9,6,2,1,10,3,26,17,9,26,26,2,24,16,5,4,4,2,2,3,3,3,2,3,2
2025,4,23,10,53,8,12,1,1,20,5,38,30,8,38,38,4,34,24,3,11,5,7,4,1,1,1,6,6,1
2025,4,23,11,53,7,6,2,2,13,3,30,23,7,30,30,2,28,18,3,7,4,6,2,5,5,5,2,3,2
2025,4,24,0,53,4,8,6,1,11,5,34,30,4,34,34,3,31,14,2,6,2,2,3,4,4,4,6,4,6
2025,4,24,1,53,7,12,4,1,11,4,33,26,7,33,33,1,32,15,3,6,4,3,1,4,4,4,4,6,4
2025,4,24,2,53,9,4,1,3,15,4,29,20,9,29,29,2,27,21,3,7,6,6,2,3,3,3,2,2,1
2025,4,24,3,53,9,4,4,3,17,6,38,29,9,38,38,3,35,25,5,10,4,7,3,6,6,6,1,2,4
2025,4,24,4,53,4,12,2,1,16,2,34,30,4,34,34,6,28,18,1,7,3,6,6,4,4,4,4,6,2
2025,4,24,5,53,6,6,2,1,13,6,34,28,6,34,34,3,31,18,4,8,2,3,3,6,6,6,5,3,2
2025,4,24,6,53,6,4,5,5,12,3,37,31,6,37,37,3,34,21,4,7,2,9,3,6,6,6,3,2,5
2025,4,24,7,53,8,4,3,2,17,5,37,29,8,37,37,4,33,24,5,10,3,7,4,5,5,5,3,2,3
2025,4,24,8,53,10,12,1,1,8,1,31,21,10,31,31,2,29,15,6,2,4,2,2,6,6,6,3,6,1
2025,4,24,9,53,8,4,6,2,16,4,37,29,8,37,37,6,31,22,4,6,4,4,6,3,3,3,4,2,6
2025,4,24,10,53,9,12,6,4,17,3,49,40,9,49,49,5,44,27,6,9,3,10,5,4,4,4,6,6,6
2025,4,24,11,53,3,10,5,1,8,4,25,22,3,25,25,2,23,11,2,5,1,2,2,1,1,1,3,5,5
2025,4,25,0,53,5,6,3,5,16,5,37,32,5,37,37,4,33,23,2,9,3,9,4,5,5,5,3,3,3
2025,4,25,1,53,10,8,3,6,18,4,42,32,10,42,42,4,38,29,5,9,5,11,4,3,3,3,3,4,3
2025,4,25,2,53,10,4,4,4,10,1,31,21,10,31,31,1,30,18,4,3,6,6,1,2,2,2,5,2,4
2025,4,25,3,53,8,6,3,1,12,4,35,27,8,35,35,4,31,18,5,5,3,2,4,5,5,5,6,3,3
2025,4,25,4,53,7,6,3,6,11,2,39,32,7,39,39,5,34,23,6,5,1,9,5,5,5,5,5,3,3
2025,4,25,5,53,8,2,6,1,19,5,33,25,8,33,33,6,27,23,3,8,5,4,6,1,1,1,2,1,6
2025,4,25,6,53,3,10,2,5,12,2,34,31,3,34,34,5,29,19,2,6,1,9,5,4,4,4,4,5,2
2025,4,25,7,53,10,4,1,4,15,1,31,21,10,31,31,6,25,25,6,5,4,8,6,1,1,1,2,2,1
2025,4,25,8,53,8,8,5,3,19,6,45,37,8,45,45,5,40,27,5,11,3,8,5,6,6,6,3,4,5
2025,4,25,9,53,10,4,6,2,15,4,41,31,10,41,41,2,39,22,5,8,5,6,2,6,6,6,5,2,6
2025,4,25,10,53,10,2,1,1,11,3,27,17,10,27,27,2,25,17,5,4,5,2,2,2,2,2,6,1,1
2025,4,25,11,53,5,8,6,4,11,5,35,30,5,35,35,3,32,19,4,7,1,6,3,5,5,5,1,4,6
2025,4,26,0,53,8,2,4,2,14,1,29,21,8,29,29,6,23,21,5,5,3,6,6,1,1,1,2,1,4
2025,4,26,1,53,5,10,6,3,17,5,40,35,5,40,40,3,37,22,2,11,3,9,3,4,4,4,3,5,6
2025,4,26,2,53,4,2,4,4,14,2,33,29,4,33,33,4,29,20,2,8,2,10,4,2,2,2,6,1,4
2025,4,26,3,53,4,4,2,3,14,4,31,27,4,31,31,2,29,18,1,9,3,8,2,3,3,3,6,2,2
2025,4,26,4,53,4,2,1,3,17,6,26,22,4,26,26,3,23,21,1,11,3,8,3,2,2,2,1,1,1
2025,4,26,5,53,4,4,3,1,11,2,24,20,4,24,24,5,19,13,1,3,3,2,5,4,4,4,2,2,3
2025,4,26,6,53,9,10,3,2,16,6,40,31,9,40,40,2,38,23,5,10,4,6,2,4,4,4,5,5,3
2025,4,26,7,53,7,4,4,1,14,3,32,25,7,32,32,3,29,19,4,8,3,6,3,3,3,3,4,2,4
2025,4,26,8,53,9,4,3,4,19,5,38,29,9,38,38,4,34,26,3,9,6,8,4,3,3,3,4,2,3
2025,4,26,9,53,4,6,6,2,14,3,34,30,4,34,34,4,30,19,3,9,1,8,4,1,1,1,5,3,6
2025,4,26,10,53,6,10,3,6,18,3,40,34,6,40,40,5,35,25,1,8,5,11,5,3,3,3,4,5,3
2025,4,26,11,53,7,4,3,6,16,6,42,35,7,42,42,3,39,27,5,11,2,11,3,6,6,6,4,2,3
2025,4,27,0,53,7,4,6,1,12,2,31,24,7,31,31,5,26,17,4,4,3,3,5,1,1,1,5,2,6
2025,4,27,1,53,9,2,2,4,10,1,32,23,9,32,32,5,27,20,6,2,3,5,5,6,6,6,3,1,2
2025,4,27,2,53,10,2,3,1,12,4,33,23,10,33,33,1,32,19,6,7,4,4,1,5,5,5,5,1,3
2025,4,27,3,53,3,2,3,6,13,4,28,25,3,28,28,2,26,21,2,10,1,12,2,2,2,2,1,1,3
2025,4,27,4,53,4,10,1,6,13,6,34,30,4,34,34,3,31,21,2,8,2,8,3,2,2,2,5,5,1
2025,4,27,5,53,7,10,6,1,16,6,40,33,7,40,40,5,35,23,6,10,1,5,5,3,3,3,3,5,6
2025,4,27,6,53,10,4,6,2,21,4,41,31,10,41,41,6,35,27,4,9,6,7,6,2,2,2,4,2,6
2025,4,27,7,53,2,8,3,3,18,6,39,37,2,39,39,6,33,22,1,11,1,8,6,6,6,6,4,4,3
2025,4,27,8,53,6,12,1,1,10,4,29,23,6,29,29,2,27,15,4,6,2,3,2,5,5,5,2,6,1
2025,4,27,9,53,8,10,5,1,14,3,36,28,8,36,36,4,32,17,2,4,6,2,4,4,4,4,5,5,5
2025,4,27,10,53,6,12,1,6,11,1,39,33,6,39,39,5,34,20,3,3,3,8,5,6,6,6,6,6,1
2025,4,27,11,53,8,6,6,5,17,1,46,38,8,46,46,6,40,26,4,7,4,11,6,6,6,6,5,3,6
2025,4,28,0,53,11,2,1,5,19,4,38,27,11,38,38,4,34,29,5,9,6,10,4,1,1,1,6,1,1
2025,4,28,1,53,4,8,5,1,12,5,35,31,4,35,35,3,32,14,1,6,3,2,3,6,6,6,6,4,5
2025,4,28,2,53,4,4,6,4,17,6,36,32,4,36,36,5,31,24,3,11,1,9,5,3,3,3,1,2,6
2025,4,28,3,53,6,6,4,5,12,2,37,31,6,37,37,1,36,20,3,8,3,11,1,4,4,4,6,3,4
2025,4,28,4,53,7,10,6,1,13,6,37,30,7,37,37,2,35,20,6,10,1,5,2,3,3,3,3,5,6
2025,4,28,5,53,6,8,3,2,8,1,27,21,6,27,27,3,24,13,3,2,3,3,3,3,3,3,4,4,3
2025,4,28,6,53,5,6,2,4,10,5,27,22,5,27,27,1,26,16,2,6,3,5,1,1,1,1,5,3,2
2025,4,28,7,53,10,10,2,1,9,3,27,17,10,27,27,1,26,16,6,4,4,2,1,2,2,2,2,5,2
2025,4,28,8,53,4,10,4,4,11,3,31,27,4,31,31,2,29,16,1,6,3,7,2,5,5,5,1,5,4
2025,4,28,9,53,9,4,6,2,12,3,33,24,9,33,33,5,28,20,6,4,3,3,5,2,2,2,3,2,6
2025,4,28,10,53,8,10,3,3,10,2,33,25,8,33,33,2,31,16,3,3,5,4,2,5,5,5,4,5,3
2025,4,28,11,53,10,2,3,2,17,5,38,28,10,38,38,5,33,24,5,7,5,4,5,6,6,6,4,1,3
2025,4,29,0,54,12,8,2,1,20,5,36,24,12,36,36,5,31,27,6,9,6,5,5,2,2,2,1,4,2
2025,4,29,1,54,8,8,6,5,14,2,41,33,8,41,41,4,37,22,3,5,5,8,4,5,5,5,4,4,6
2025,4,29,2,54,8,6,6,1,17,1,35,27,8,35,35,5,30,21,3,7,5,7,5,4,4,4,1,3,6
2025,4,29,3,54,4,10,6,4,13,1,33,29,4,33,33,6,27,20,3,6,1,9,6,1,1,1,1,5,6
2025,4,29,4,54,6,4,6,1,22,5,44,38,6,44,44,6,38,24,1,11,5,7,6,6,6,6,6,2,6
2025,4,29,5,54,10,6,3,3,18,3,35,25,10,35,35,3,32,25,4,9,6,9,3,1,1,1,3,3,3
2025,4,29,6,54,9,2,4,6,16,3,40,31,9,40,40,3,37,27,5,9,4,12,3,6,6,6,2,1,4
2025,4,29,7,54,5,4,6,1,7,1,26,21,5,26,26,1,25,10,2,3,3,3,1,5,5,5,3,2,6
2025,4,29,8,54,7,12,4,5,10,6,33,26,7,33,33,1,32,20,5,7,2,6,1,2,2,2,1,6,4
2025,4,29,9,54,7,6,3,3,9,2,26,19,7,26,26,1,25,15,3,4,4,5,1,4,4,4,1,3,3
2025,4,29,10,54,10,2,2,5,23,6,43,33,10,43,43,6,37,32,4,11,6,10,6,4,4,4,4,1,2
2025,4,29,11,54,5,12,1,3,14,3,34,29,5,34,34,4,30,21,4,9,1,9,4,3,3,3,3,6,1
2025,4,30,0,54,6,10,1,6,14,6,36,30,6,36,36,2,34,24,4,10,2,10,2,2,2,2,4,5,1
2025,4,30,1,54,7,12,2,5,18,4,38,31,7,38,38,4,34,26,3,10,4,11,4,2,2,2,2,6,2
2025,4,30,2,54,4,8,2,5,10,6,34,30,4,34,34,1,33,18,3,8,1,7,1,4,4,4,6,4,2
2025,4,30,3,54,5,2,6,1,9,2,24,19,5,24,24,1,23,12,2,5,3,4,1,1,1,1,4,1,6
2025,4,30,4,54,11,10,1,4,13,3,38,27,11,38,38,3,35,22,5,4,6,5,3,4,4,4,6,5,1
2025,4,30,5,54,5,10,4,4,12,1,35,30,5,35,35,4,31,18,2,5,3,8,4,4,4,4,4,5,4
2025,4,30,6,54,6,10,2,2,14,6,36,30,6,36,36,1,35,21,5,12,1,8,1,4,4,4,4,5,2
2025,4,30,7,54,6,2,4,2,18,5,33,27,6,33,33,5,28,23,3,10,3,7,5,4,4,4,1,1,4
2025,4,30,8,54,10,2,6,3,13,2,35,25,10,35,35,2,33,22,6,7,4,8,2,4,4,4,2,1,6
2025,4,30,9,54,3,6,4,4,13,3,37,34,3,37,37,4,33,18,1,7,2,8,4,6,6,6,6,3,4
2025,4,30,10,54,10,6,1,2,15,2,30,20,10,30,30,6,24,21,4,3,6,3,6,1,1,1,4,3,1
2025,4,30,11,54,3,10,2,6,10,4,28,25,3,28,28,2,26,17,1,6,2,8,2,2,2,2,2,5,2
2025,5,1,0,55,8,8,6,6,12,3,39,31,8,39,39,4,35,23,5,5,3,8,4,4,4,4,2,4,6
2025,5,1,1,55,5,2,5,6,11,2,29,24,5,29,29,5,24,20,3,4,2,8,5,2,2,2,1,1,5
2025,5,1,2,55,4,4,4,4,17,5,36,32,4,36,36,6,30,22,1,8,3,7,6,3,3,3,5,2,4
2025,5,1,3,55,10,12,1,6,8,1,35,25,10,35,35,1,34,19,5,2,5,7,1,4,4,4,5,6,1
2025,5,1,4,55,5,6,3,5,12,2,32,27,5,32,32,3,29,21,4,8,1,11,3,4,4,4,1,3,3
2025,5,1,5,55,9,6,3,1,16,6,33,24,9,33,33,5,28,22,5,7,4,2,5,4,4,4,1,3,3
2025,5,1,6,55,8,4,4,2,15,5,37,29,8,37,37,4,33,23,6,9,2,6,4,4,4,4,4,2,4
2025,5,1,7,55,8,2,6,1,16,6,36,28,8,36,36,6,30,23,6,8,2,3,6,1,1,1,5,1,6
2025,5,1,8,55,6,6,2,5,9,2,28,22,6,28,28,2,26,17,3,4,3,7,2,1,1,1,5,3,2
2025,5,1,9,55,5,2,4,2,6,1,23,18,5,23,23,3,20,12,4,2,1,3,3,4,4,4,2,1,4
2025,5,1,10,55,11,6,5,2,20,4,42,31,11,42,42,5,37,28,6,10,5,8,5,1,1,1,5,3,5
2025,5,1,11,55,6,6,6,3,16,2,41,35,6,41,41,5,36,22,3,8,3,9,5,4,4,4,6,3,6
2025,5,2,0,55,6,12,4,5,9,1,38,32,6,38,38,3,35,19,5,5,1,9,3,4,4,4,5,6,4
2025,5,2,1,55,6,2,4,6,11,3,30,24,6,30,30,2,28,22,5,8,1,11,2,1,1,1,2,1,4
2025,5,2,2,55,6,8,1,5,9,4,30,24,6,30,30,2,28,19,5,6,1,7,2,5,5,5,1,4,1
2025,5,2,3,55,10,4,4,3,14,4,37,27,10,37,37,5,32,23,6,5,4,4,5,2,2,2,6,2,4
2025,5,2,4,55,3,8,2,1,12,1,31,28,3,31,31,3,28,14,1,7,2,7,3,6,6,6,5,4,2
2025,5,2,5,55,4,12,2,6,7,2,31,27,4,31,31,1,30,16,3,5,1,9,1,1,1,1,6,6,2
2025,5,2,6,55,8,2,6,2,14,2,33,25,8,33,33,4,29,19,3,5,5,5,4,6,6,6,1,1,6
2025,5,2,7,55,6,12,3,3,17,4,39,33,6,39,39,3,36,22,2,10,4,9,3,2,2,2,6,6,3
2025,5,2,8,55,9,8,5,2,12,1,34,25,9,34,34,4,30,17,3,2,6,3,4,6,6,6,2,4,5
2025,5,2,9,55,7,6,6,4,16,6,37,30,7,37,37,4,33,23,3,8,4,6,4,4,4,4,1,3,6
2025,5,2,10,55,7,6,2,4,18,6,39,32,7,39,39,4,35,27,5,12,2,10,4,3,3,3,4,3,2
2025,5,2,11,55,7,6,2,4,11,3,34,27,7,34,34,2,32,18,3,5,4,6,2,6,6,6,5,3,2
2025,5,3,0,55,5,10,4,6,13,1,35,30,5,35,35,6,29,20,1,3,4,8,6,1,1,1,5,5,4
2025,5,3,1,55,4,12,2,6,14,5,38,34,4,38,38,4,34,22,2,8,2,9,4,3,3,3,5,6,2
2025,5,3,2,55,9,6,5,5,16,2,39,30,9,39,39,5,34,24,3,5,6,8,5,5,5,5,2,3,5
2025,5,3,3,55,12,2,5,2,10,1,31,19,12,31,31,1,30,18,6,3,6,4,1,4,4,4,3,1,5
2025,5,3,4,55,5,2,4,5,8,1,25,20,5,25,25,1,24,14,1,3,4,7,1,1,1,1,5,1,4
2025,5,3,5,55,10,4,2,1,11,1,26,16,10,26,26,3,23,17,5,3,5,3,3,2,2,2,3,2,2
2025,5,3,6,55,10,4,4,2,18,5,40,30,10,40,40,4,36,26,6,10,4,7,4,2,2,2,6,2,4
2025,5,3,7,55,5,2,3,3,15,5,26,21,5,26,26,3,23,19,1,8,4,6,3,2,2,2,1,1,3
2025,5,3,8,55,4,6,2,5,12,1,34,30,4,34,34,4,30,20,3,7,1,11,4,3,3,3,6,3,2
2025,5,3,9,55,7,8,2,4,13,4,34,27,7,34,34,2,32,18,1,5,6,5,2,4,4,4,6,4,2
2025,5,3,10,55,3,10,6,4,12,5,41,38,3,41,41,5,36,18,2,6,1,5,5,6,6,6,6,5,6
2025,5,3,11,55,8,8,3,6,11,1,39,31,8,39,39,2,37,23,6,7,2,12,2,4,4,4,5,4,3
2025,5,4,0,55,7,4,3,1,13,6,31,24,7,31,31,1,30,19,5,10,2,5,1,6,6,6,1,2,3
2025,5,4,1,55,5,2,3,2,17,5,34,29,5,34,34,5,29,21,2,9,3,6,5,4,4,4,5,1,3
2025,5,4,2,55,9,12,6,3,6,1,34,25,9,34,34,1,33,15,6,2,3,4,1,1,1,1,6,6,6
2025,5,4,3,55,6,6,2,5,12,3,28,22,6,28,28,4,24,20,3,5,3,7,4,1,1,1,2,3,2
2025,5,4,4,55,5,10,1,6,10,2,30,25,5,30,30,2,28,18,2,5,3,9,2,3,3,3,3,5,1
2025,5,4,5,55,3,4,4,6,14,4,34,31,3,34,34,3,31,22,2,10,1,12,3,5,5,5,1,2,4
2025,5,4,6,55,5,4,1,6,16,3,33,28,5,33,33,5,28,25,3,9,2,12,5,1,1,1,4,2,1
2025,5,4,7,55,7,10,6,4,8,3,36,29,7,36,36,3,33,18,6,4,1,5,3,4,4,4,3,5,6
2025,5,4,8,55,2,4,6,4,7,2,32,30,2,32,32,2,30,12,1,4,1,6,2,6,6,6,6,2,6
2025,5,4,9,55,8,4,6,4,13,5,33,25,8,33,33,1,32,19,2,6,6,5,1,1,1,1,5,2,6
2025,5,4,10,55,6,6,4,5,10,3,32,26,6,32,32,1,31,17,2,5,4,7,1,3,3,3,5,3,4
2025,5,4,11,55,12,10,1,1,20,3,42,30,12,42,42,5,37,27,6,9,6,7,5,4,4,4,5,5,1
2025,5,5,0,55,8,8,5,4,16,3,40,32,8,40,40,6,34,24,4,6,4,7,6,4,4,4,3,4,5
2025,5,5,1,55,7,10,4,3,9,1,33,26,7,33,33,4,29,16,4,2,3,4,4,3,3,3,5,5,4
2025,5,5,2,55,4,6,2,5,10,4,28,24,4,28,28,4,24,18,3,5,1,6,4,1,1,1,4,3,2
2025,5,5,3,55,2,12,3,5,13,6,40,38,2,40,40,3,37,19,1,9,1,8,3,6,6,6,6,6,3
2025,5,5,4,55,11,12,5,1,18,5,39,28,11,39,39,4,35,25,6,9,5,5,4,1,1,1,2,6,5
2025,5,5,5,55,9,6,5,3,15,1,38,29,9,38,38,4,34,21,3,5,6,7,4,4,4,4,5,3,5
2025,5,5,6,55,11,8,6,5,16,2,41,30,11,41,41,4,37,26,5,6,6,9,4,2,2,2,3,4,6
2025,5,5,7,55,9,6,2,4,9,2,32,23,9,32,32,1,31,19,6,5,3,7,1,2,2,2,6,3,2
2025,5,5,8,55,10,10,3,1,13,3,35,25,10,35,35,2,33,20,6,7,4,5,2,2,2,2,5,5,3
2025,5,5,9,55,9,8,5,3,21,5,44,35,9,44,44,5,39,27,3,10,6,8,5,5,5,5,3,4,5
2025,5,5,10,55,8,6,6,4,15,6,34,26,8,34,34,1,33,21,2,8,6,6,1,2,2,2,2,3,6
2025,5,5,11,55,7,6,1,6,12,1,31,24,7,31,31,4,27,19,1,2,6,7,4,6,6,6,2,3,1
2025,5,6,0,55,11,2,4,2,19,6,38,27,11,38,38,4,34,27,6,10,5,6,4,3,3,3,3,1,4
2025,5,6,1,55,7,6,3,6,21,6,40,33,7,40,40,5,35,30,3,12,4,12,5,3,3,3,1,3,3
2025,5,6,2,55,8,6,6,4,20,5,40,32,8,40,40,4,36,27,3,11,5,10,4,1,1,1,3,3,6
2025,5,6,3,55,9,10,5,5,12,3,35,26,9,35,35,1,34,21,4,6,5,8,1,3,3,3,1,5,5
2025,5,6,4,55,10,6,4,5,9,2,34,24,10,34,34,1,33,20,6,4,4,7,1,6,6,6,1,3,4
2025,5,6,5,55,4,4,3,5,9,5,25,21,4,25,25,1,24,16,2,6,2,6,1,1,1,1,3,2,3
2025,5,6,6,55,8,4,5,3,12,4,35,27,8,35,35,4,31,21,6,6,2,5,4,4,4,4,3,2,5
2025,5,6,7,55,6,6,3,5,12,5,39,33,6,39,39,4,35,22,5,7,1,7,4,5,5,5,6,3,3
2025,5,6,8,55,3,4,5,5,10,2,26,23,3,26,26,2,24,16,1,6,2,9,2,1,1,1,2,2,5
2025,5,6,9,55,10,10,1,6,18,6,43,33,10,43,43,5,38,30,6,9,4,9,5,4,4,4,3,5,1
2025,5,6,10,55,9,2,1,4,9,1,28,19,9,28,28,2,26,19,6,4,3,7,2,1,1,1,6,1,1
2025,5,6,11,55,7,6,2,1,14,6,29,22,7,29,29,5,24,20,5,7,2,2,5,1,1,1,3,3,2
2025,5,7,0,55,9,4,6,3,13,3,35,26,9,35,35,3,32,21,5,6,4,6,3,5,5,5,1,2,6
2025,5,7,1,55,6,12,2,2,19,4,37,31,6,37,37,5,32,22,1,9,5,7,5,3,3,3,4,6,2
2025,5,7,2,55,7,2,5,2,9,2,25,18,7,25,25,1,24,14,3,4,4,4,1,2,2,2,3,1,5
2025,5,7,3,55,7,8,4,6,10,2,34,27,7,34,34,3,31,20,4,4,3,8,3,2,2,2,4,4,4
2025,5,7,4,55,7,10,3,2,17,2,37,30,7,37,37,5,32,22,3,8,4,8,5,4,4,4,3,5,3
2025,5,7,5,55,8,2,2,2,18,5,34,26,8,34,34,6,28,26,6,10,2,7,6,4,4,4,1,1,2
2025,5,7,6,55,7,4,3,6,15,6,38,31,7,38,38,4,34,24,3,7,4,7,4,6,6,6,3,2,3
2025,5,7,7,55,10,10,5,5,18,4,49,39,10,49,49,5,44,28,5,8,5,9,5,5,5,5,6,5,5
2025,5,7,8,55,8,8,5,2,13,2,34,26,8,34,34,1,33,17,2,6,6,6,1,3,3,3,5,4,5
2025,5,7,9,55,7,10,5,1,13,5,36,29,7,36,36,2,34,18,4,8,3,4,2,6,6,6,2,5,5
2025,5,7,10,55,7,12,1,6,11,2,38,31,7,38,38,1,37,22,5,8,2,12,1,6,6,6,3,6,1
2025,5,7,11,55,11,8,5,2,15,5,41,30,11,41,41,3,38,22,5,6,6,3,3,5,5,5,5,4,5
2025,5,8,0,56,8,8,5,2,12,6,37,29,8,37,37,1,36,19,5,8,3,4,1,4,4,4,5,4,5
2025,5,8,1,56,9,2,3,2,14,4,30,21,9,30,30,3,27,21,5,7,4,5,3,3,3,3,2,1,3
2025,5,8,2,56,7,4,3,6,12,4,38,31,7,38,38,5,33,23,5,5,2,7,5,4,4,4,6,2,3
2025,5,8,3,56,5,12,1,5,13,2,30,25,5,30,30,1,29,19,1,8,4,11,1,3,3,3,1,6,1
2025,5,8,4,56,4,6,4,3,12,2,30,26,4,30,30,2,28,17,2,8,2,9,2,1,1,1,5,3,4
2025,5,8,5,56,3,8,6,1,15,6,31,28,3,31,31,4,27,18,2,10,1,5,4,1,1,1,2,4,6
2025,5,8,6,56,2,10,2,2,14,5,26,24,2,26,26,2,24,17,1,11,1,8,2,1,1,1,1,5,2
2025,5,8,7,56,10,8,4,1,18,4,41,31,10,41,41,4,37,23,4,8,6,5,4,4,4,4,6,4,4
2025,5,8,8,56,8,4,2,1,15,2,32,24,8,32,32,3,29,18,2,6,6,5,3,6,6,6,4,2,2
2025,5,8,9,56,11,10,6,1,15,4,40,29,11,40,40,3,37,21,5,6,6,3,3,5,5,5,3,5,6
2025,5,8,10,56,11,2,6,2,19,6,37,26,11,37,37,4,33,26,5,9,6,5,4,2,2,2,2,1,6
2025,5,8,11,56,4,12,6,6,10,6,40,36,4,40,40,2,38,19,3,7,1,7,2,6,6,6,3,6,6
2025,5,9,0,56,6,8,6,4,20,6,47,41,6,47,47,5,42,26,2,11,4,9,5,6,6,6,5,4,6
2025,5,9,1,56,7,2,3,4,21,6,39,32,7,39,39,6,33,28,3,11,4,9,6,3,3,3,4,1,3
2025,5,9,2,56,8,4,4,4,14,4,37,29,8,37,37,3,34,24,6,9,2,9,3,1,1,1,6,2,4
2025,5,9,3,56,5,12,2,4,12,4,29,24,5,29,29,4,25,18,2,5,3,5,4,2,2,2,1,6,2
2025,5,9,4,56,7,2,6,1,14,2,32,25,7,32,32,1,31,17,2,8,5,7,1,2,2,2,6,1,6
2025,5,9,5,56,7,4,2,5,8,2,26,19,7,26,26,3,23,19,6,4,1,7,3,2,2,2,1,2,2
2025,5,9,6,56,9,2,6,3,15,4,37,28,9,37,37,3,34,21,3,6,6,5,3,6,6,6,3,1,6
2025,5,9,7,56,9,12,4,4,14,3,35,26,9,35,35,4,31,21,3,4,6,5,4,1,1,1,3,6,4
2025,5,9,8,56,8,6,1,1,11,3,27,19,8,27,27,4,23,17,5,4,3,2,4,2,2,2,4,3,1
2025,5,9,9,56,8,10,2,2,17,1,39,31,8,39,39,6,33,22,3,6,5,7,6,6,6,6,4,5,2
2025,5,9,10,56,8,6,3,2,11,4,30,22,8,30,30,1,29,16,3,5,5,3,1,5,5,5,3,3,3
2025,5,9,11,56,4,12,2,3,12,3,30,26,4,30,30,3,27,16,1,6,3,6,3,5,5,5,1,6,2
2025,5,10,0,56,5,2,6,1,11,4,26,21,5,26,26,4,22,16,4,6,1,3,4,2,2,2,1,1,6
2025,5,10,1,56,2,4,1,4,11,4,31,29,2,31,31,5,26,16,1,5,1,5,5,6,6,6,6,2,1
2025,5,10,2,56,7,6,4,3,14,3,32,25,7,32,32,2,30,19,2,7,5,7,2,5,5,5,1,3,4
2025,5,10,3,56,6,4,6,2,14,1,29,23,6,29,29,6,23,17,1,3,5,4,6,3,3,3,1,2,6
2025,5,10,4,56,8,12,5,1,15,5,36,28,8,36,36,4,32,20,4,7,4,3,4,4,4,4,1,6,5
2025,5,10,5,56,8,2,2,4,13,3,32,24,8,32,32,5,27,22,5,5,3,6,5,3,3,3,4,1,2
2025,5,10,6,56,6,4,4,3,6,1,30,24,6,30,30,1,29,13,4,3,2,5,1,5,5,5,6,2,4
2025,5,10,7,56,8,10,3,2,12,3,32,24,8,32,32,1,31,18,4,7,4,6,1,4,4,4,2,5,3
2025,5,10,8,56,8,6,6,3,17,5,43,35,8,43,43,3,40,25,5,11,3,9,3,5,5,5,4,3,6
2025,5,10,9,56,5,6,2,2,15,4,28,23,5,28,28,2,26,18,1,9,4,7,2,4,4,4,1,3,2
2025,5,10,10,56,7,12,3,5,20,6,40,33,7,40,40,3,37,26,1,11,6,10,3,2,2,2,3,6,3
2025,5,10,11,56,7,6,5,6,16,5,38,31,7,38,38,1,37,25,3,11,4,12,1,3,3,3,2,3,5
2025,5,11,0,56,3,12,4,3,15,6,35,32,3,35,35,5,30,20,2,9,1,6,5,4,4,4,1,6,4
2025,5,11,1,56,6,8,3,2,11,5,30,24,6,30,30,1,29,18,5,9,1,6,1,2,2,2,3,4,3
2025,5,11,2,56,7,10,6,5,17,6,45,38,7,45,45,4,41,27,5,11,2,10,4,5,5,5,2,5,6
2025,5,11,3,56,6,8,3,1,9,3,33,27,6,33,33,1,32,14,4,6,2,4,1,6,6,6,6,4,3
2025,5,11,4,56,5,2,5,1,12,3,31,26,5,31,31,3,28,16,3,7,2,5,3,3,3,3,6,1,5
2025,5,11,5,56,10,8,4,3,13,5,33,23,10,33,33,1,32,21,5,7,5,5,1,3,3,3,1,4,4
2025,5,11,6,56,7,12,1,5,21,6,42,35,7,42,42,5,37,27,1,10,6,9,5,2,2,2,6,6,1
2025,5,11,7,56,7,12,1,4,10,1,32,25,7,32,32,2,30,20,6,7,1,10,2,2,2,2,3,6,1
2025,5,11,8,56,3,6,6,4,9,3,28,25,3,28,28,4,24,15,2,4,1,5,4,3,3,3,1,3,6
2025,5,11,9,56,8,4,2,4,15,6,39,31,8,39,39,3,36,24,5,9,3,7,3,5,5,5,6,2,2
2025,5,11,10,56,6,6,2,6,11,1,32,26,6,32,32,3,29,19,2,4,4,9,3,6,6,6,2,3,2
2025,5,11,11,56,7,4,2,2,13,6,33,26,7,33,33,4,29,20,5,7,2,3,4,3,3,3,6,2,2
2025,5,12,0,56,9,2,1,2,9,1,23,14,9,23,23,2,21,17,6,4,3,5,2,2,2,2,2,1,1
2025,5,12,1,56,10,6,6,1,16,6,37,27,10,37,37,4,33,23,6,8,4,3,4,1,1,1,4,3,6
2025,5,12,2,56,7,10,4,3,8,1,30,23,7,30,30,4,26,16,5,2,2,4,4,1,1,1,4,5,4
2025,5,12,3,56,10,6,4,3,13,3,36,26,10,36,36,3,33,21,5,5,5,5,3,5,5,5,3,3,4
2025,5,12,4,56,11,2,1,6,16,6,36,25,11,36,36,1,35,28,6,10,5,10,1,1,1,1,5,1,1
2025,5,12,5,56,10,6,5,2,17,3,37,27,10,37,37,6,31,24,5,6,5,5,6,3,3,3,2,3,5
2025,5,12,6,56,2,2,4,2,10,3,28,26,2,28,28,4,24,13,1,5,1,4,4,6,6,6,4,1,4
2025,5,12,7,56,7,4,3,6,16,4,37,30,7,37,37,1,36,24,2,10,5,12,1,2,2,2,6,2,3
2025,5,12,8,56,9,10,5,1,18,2,37,28,9,37,37,5,32,22,3,7,6,6,5,2,2,2,3,5,5
2025,5,12,9,56,7,8,5,5,11,5,42,35,7,42,42,3,39,21,5,6,2,6,3,6,6,6,6,4,5
2025,5,12,10,56,3,2,6,6,10,1,32,29,3,32,32,2,30,17,1,6,2,11,2,2,2,2,6,1,6
2025,5,12,11,56,10,10,5,5,15,4,43,33,10,43,43,1,42,26,6,10,4,11,1,4,4,4,3,5,5
2025,5,13,0,56,7,8,2,5,18,5,44,37,7,44,44,4,40,26,3,10,4,10,4,6,6,6,6,4,2
2025,5,13,1,56,7,8,3,4,18,6,39,32,7,39,39,6,33,26,4,9,3,7,6,5,5,5,1,4,3
2025,5,13,2,56,4,12,1,4,12,1,34,30,4,34,34,4,30,18,2,6,2,9,4,3,3,3,6,6,1
2025,5,13,3,56,8,2,2,5,14,5,30,22,8,30,30,2,28,21,2,6,6,6,2,1,1,1,5,1,2
2025,5,13,4,56,4,6,4,6,11,4,31,27,4,31,31,4,27,20,3,6,1,8,4,3,3,3,1,3,4
2025,5,13,5,56,7,4,1,5,17,6,36,29,7,36,36,2,34,25,3,11,4,10,2,5,5,5,3,2,1
2025,5,13,6,56,12,2,3,5,16,3,38,26,12,38,38,4,34,27,6,6,6,8,4,6,6,6,1,1,3
2025,5,13,7,56,8,2,5,5,21,5,40,32,8,40,40,6,34,28,2,9,6,9,6,4,4,4,2,1,5
2025,5,13,8,56,9,6,6,5,17,4,42,33,9,42,42,2,40,25,3,9,6,10,2,6,6,6,2,3,6
2025,5,13,9,56,4,8,1,6,7,1,27,23,4,27,27,3,24,16,3,3,1,8,3,1,1,1,5,4,1
2025,5,13,10,56,8,6,2,4,6,2,27,19,8,27,27,1,26,16,6,3,2,5,1,2,2,2,4,3,2
2025,5,13,11,56,9,6,6,1,14,4,35,26,9,35,35,2,33,20,5,8,4,5,2,1,1,1,5,3,6
2025,5,14,0,56,7,2,6,1,16,2,33,26,7,33,33,6,27,20,3,6,4,5,6,2,2,2,4,1,6
2025,5,14,1,56,4,12,2,1,9,2,27,23,4,27,27,3,24,13,3,5,1,4,3,2,2,2,4,6,2
2025,5,14,2,56,9,12,2,5,19,6,43,34,9,43,43,3,40,28,4,11,5,10,3,3,3,3,4,6,2
2025,5,14,3,56,8,2,2,6,16,5,39,31,8,39,39,5,34,27,5,8,3,9,5,3,3,3,6,1,2
2025,5,14,4,56,6,6,2,3,17,6,38,32,6,38,38,2,36,21,1,10,5,7,2,6,6,6,6,3,2
2025,5,14,5,56,3,8,2,4,12,5,26,23,3,26,26,1,25,18,2,10,1,9,1,1,1,1,1,4,2
2025,5,14,6,56,7,4,5,3,16,5,36,29,7,36,36,4,32,24,5,10,2,8,4,3,3,3,2,2,5
2025,5,14,7,56,12,4,4,5,19,5,42,30,12,42,42,2,40,30,6,11,6,11,2,1,1,1,5,2,4
2025,5,14,8,56,9,2,6,4,12,5,36,27,9,36,36,2,34,22,6,7,3,6,2,3,3,3,4,1,6
2025,5,14,9,56,6,6,3,3,18,4,35,29,6,35,35,5,30,22,1,8,5,7,5,4,4,4,3,3,3
2025,5,14,10,56,9,4,2,5,16,3,39,30,9,39,39,2,37,24,3,8,6,10,2,5,5,5,6,2,2
2025,5,14,11,56,9,8,2,5,11,1,35,26,9,35,35,1,34,22,6,7,3,11,1,6,6,6,1,4,2
2025,5,15,0,57,10,8,2,4,14,1,35,25,10,35,35,4,31,23,5,5,5,8,4,5,5,5,1,4,2
2025,5,15,1,57,5,2,3,4,15,3,32,27,5,32,32,3,29,21,2,9,3,10,3,5,5,5,2,1,3
2025,5,15,2,57,6,4,4,5,17,6,37,31,6,37,37,3,34,24,2,10,4,9,3,6,6,6,1,2,4
2025,5,15,3,57,4,6,1,1,13,5,30,26,4,30,30,3,27,17,3,9,1,5,3,6,6,6,3,3,1
2025,5,15,4,57,5,12,1,3,14,4,36,31,5,36,36,2,34,20,3,10,2,9,2,5,5,5,4,6,1
2025,5,15,5,57,11,12,1,6,19,3,41,30,11,41,41,4,37,30,5,9,6,12,4,2,2,2,2,6,1
2025,5,15,6,57,10,4,6,2,14,6,37,27,10,37,37,1,36,20,4,7,6,3,1,5,5,5,4,2,6
2025,5,15,7,57,9,2,6,3,14,2,37,28,9,37,37,6,31,21,4,3,5,4,6,3,3,3,6,1,6
2025,5,15,8,57,10,4,4,1,13,3,32,22,10,32,32,1,31,19,5,7,5,5,1,1,1,1,6,2,4
2025,5,15,9,57,8,2,4,4,15,6,39,31,8,39,39,3,36,24,5,9,3,7,3,5,5,5,5,1,4
2025,5,15,10,57,9,12,2,3,11,5,32,23,9,32,32,2,30,20,6,6,3,4,2,3,3,3,1,6,2
2025,5,15,11,57,8,12,3,4,14,5,39,31,8,39,39,2,37,21,3,7,5,6,2,4,4,4,5,6,3
2025,5,16,0,57,2,8,2,4,16,5,34,32,2,34,34,4,30,21,1,11,1,10,4,1,1,1,6,4,2
2025,5,16,1,57,8,6,3,2,18,5,42,34,8,42,42,6,36,26,6,10,2,7,6,4,4,4,6,3,3
2025,5,16,2,57,6,10,4,5,14,4,39,33,6,39,39,1,38,21,2,9,4,10,1,5,5,5,4,5,4
2025,5,16,3,57,6,2,3,6,13,4,35,29,6,35,35,4,31,22,3,6,3,8,4,4,4,4,5,1,3
2025,5,16,4,57,7,8,5,5,16,2,40,33,7,40,40,2,38,22,1,8,6,11,2,3,3,3,6,4,5
2025,5,16,5,57,6,2,2,1,8,2,22,16,6,22,22,4,18,14,5,3,1,2,4,4,4,4,1,1,2
2025,5,16,6,57,10,12,4,6,14,5,46,36,10,46,46,3,43,25,5,6,5,7,3,5,5,5,6,6,4
2025,5,16,7,57,5,4,1,6,16,4,33,28,5,33,33,3,30,24,2,10,3,12,3,3,3,3,3,2,1
2025,5,16,8,57,3,10,1,3,14,3,33,30,3,33,33,6,27,19,2,7,1,7,6,6,6,6,2,5,1
2025,5,16,9,57,7,2,4,5,18,5,34,27,7,34,34,5,29,25,2,8,5,8,5,3,3,3,1,1,4
2025,5,16,10,57,5,10,6,2,11,2,33,28,5,33,33,2,31,15,2,6,3,6,2,5,5,5,2,5,6
2025,5,16,11,57,10,12,1,5,14,6,38,28,10,38,38,1,37,23,4,7,6,6,1,5,5,5,3,6,1
2025,5,17,0,57,10,8,4,1,17,1,39,29,10,39,39,5,34,22,4,6,6,6,5,3,3,3,6,4,4
2025,5,17,1,57,12,8,5,3,11,2,35,23,12,35,35,1,34,20,6,4,6,5,1,2,2,2,4,4,5
2025,5,17,2,57,5,10,3,5,12,6,34,29,5,34,34,2,32,19,2,7,3,6,2,5,5,5,2,5,3
2025,5,17,3,57,8,8,5,5,17,5,46,38,8,46,46,5,41,28,6,10,2,10,5,4,4,4,5,4,5
2025,5,17,4,57,9,8,4,2,19,6,43,34,9,43,43,6,37,26,5,9,4,5,6,6,6,6,3,4,4
2025,5,17,5,57,10,6,1,2,20,5,39,29,10,39,39,4,35,27,5,11,5,8,4,6,6,6,2,3,1
2025,5,17,6,57,9,4,6,3,16,5,38,29,9,38,38,1,37,24,5,11,4,9,1,2,2,2,4,2,6
2025,5,17,7,57,12,4,1,3,17,3,38,26,12,38,38,2,36,26,6,9,6,9,2,6,6,6,3,2,1
2025,5,17,8,57,6,4,6,5,14,3,34,28,6,34,34,3,31,21,2,7,4,9,3,1,1,1,4,2,6
2025,5,17,9,57,4,10,5,4,9,2,34,30,4,34,34,5,29,16,3,3,1,5,5,5,5,5,3,5,5
2025,5,17,10,57,5,10,2,3,8,3,30,25,5,30,30,2,28,14,3,4,2,4,2,4,4,4,5,5,2
2025,5,17,11,57,8,4,4,1,20,6,39,31,8,39,39,6,33,27,6,12,2,7,6,5,5,5,1,2,4
2025,5,18,0,57,8,8,1,6,12,1,29,21,8,29,29,4,25,20,2,2,6,7,4,2,2,2,2,4,1
2025,5,18,1,57,5,8,4,1,17,6,35,30,5,35,35,4,31,21,3,11,2,6,4,2,2,2,4,4,4
2025,5,18,2,57,6,4,6,1,12,3,36,30,6,36,36,1,35,17,4,9,2,7,1,6,6,6,5,2,6
2025,5,18,3,57,11,6,4,1,15,4,39,28,11,39,39,3,36,22,6,7,5,4,3,5,5,5,5,3,4
2025,5,18,4,57,7,8,3,6,17,5,35,28,7,35,35,5,30,25,2,7,5,8,5,1,1,1,2,4,3
2025,5,18,5,57,9,12,5,5,15,4,48,39,9,48,48,4,44,26,6,8,3,9,4,6,6,6,5,6,5
2025,5,18,6,57,7,2,4,5,20,4,40,33,7,40,40,6,34,28,3,10,4,11,6,4,4,4,3,1,4
2025,5,18,7,57,5,6,1,4,10,2,28,23,5,28,28,4,24,18,4,5,1,7,4,1,1,1,5,3,1
2025,5,18,8,57,11,10,1,4,16,3,35,24,11,35,35,3,32,25,5,7,6,8,3,1,1,1,3,5,1
2025,5,18,9,57,3,10,1,1,14,6,29,26,3,29,29,2,27,16,1,10,2,5,2,1,1,1,6,5,1
2025,5,18,10,57,7,10,1,4,19,5,38,31,7,38,38,3,35,24,1,10,6,9,3,4,4,4,4,5,1
2025,5,18,11,57,11,10,3,5,14,2,39,28,11,39,39,2,37,25,6,7,5,10,2,4,4,4,2,5,3
2025,5,19,0,57,6,4,4,6,11,4,34,28,6,34,34,3,31,21,4,6,2,8,3,3,3,3,4,2,4
2025,5,19,1,57,12,12,5,6,17,6,44,32,12,44,44,1,43,29,6,10,6,10,1,1,1,1,3,6,5
2025,5,19,2,57,7,8,2,3,18,1,32,25,7,32,32,6,26,22,1,6,6,8,6,1,1,1,3,4,2
2025,5,19,3,57,8,8,2,5,11,1,35,27,8,35,35,3,32,19,3,3,5,7,3,6,6,6,4,4,2
2025,5,19,4,57,7,12,3,5,10,3,37,30,7,37,37,3,34,19,4,4,3,6,3,4,4,4,5,6,3
2025,5,19,5,57,5,12,1,1,14,1,28,23,5,28,28,4,24,17,2,7,3,7,4,3,3,3,1,6,1
2025,5,19,6,57,9,4,6,4,17,5,46,37,9,46,46,6,40,27,6,8,3,7,6,5,5,5,6,2,6
2025,5,19,7,57,4,6,5,3,13,6,35,31,4,35,35,1,34,18,2,10,2,7,1,5,5,5,4,3,5
2025,5,19,8,57,7,4,1,1,16,4,27,20,7,27,27,4,23,18,1,6,6,3,4,5,5,5,1,2,1
2025,5,19,9,57,4,6,2,1,10,3,28,24,4,28,28,2,26,14,3,7,1,5,2,4,4,4,5,3,2
2025,5,19,10,57,10,2,6,5,15,1,37,27,10,37,37,5,32,24,4,4,6,8,5,5,5,5,1,1,6
2025,5,19,11,57,9,12,5,4,20,6,45,36,9,45,45,6,39,29,5,10,4,8,6,4,4,4,1,6,5
2025,5,20,0,57,8,6,5,1,11,5,32,24,8,32,32,1,31,17,5,7,3,3,1,1,1,1,6,3,5
2025,5,20,1,57,7,4,2,5,19,6,38,31,7,38,38,5,33,28,4,11,3,10,5,2,2,2,4,2,2
2025,5,20,2,57,8,12,1,6,16,6,43,35,8,43,43,4,39,27,5,9,3,9,4,5,5,5,4,6,1
2025,5,20,3,57,10,2,5,6,20,6,46,36,10,46,46,5,41,31,5,10,5,10,5,5,5,5,4,1,5
2025,5,20,4,57,10,4,1,1,18,3,29,19,10,29,29,3,26,23,4,9,6,7,3,1,1,1,2,2,1
2025,5,20,5,57,9,12,1,4,10,2,32,23,9,32,32,1,31,18,4,4,5,6,1,1,1,1,6,6,1
2025,5,20,6,57,10,4,1,4,16,3,35,25,10,35,35,3,32,26,6,9,4,10,3,4,4,4,2,2,1
2025,5,20,7,57,5,4,2,2,15,5,27,22,5,27,27,2,25,18,1,9,4,6,2,2,2,2,3,2,2
2025,5,20,8,57,6,4,4,2,19,4,39,33,6,39,39,6,33,23,2,9,4,7,6,5,5,5,5,2,4
2025,5,20,9,57,7,10,2,3,17,4,38,31,7,38,38,3,35,22,2,9,5,8,3,4,4,4,5,5,2
2025,5,20,10,57,11,10,2,6,18,3,45,34,11,45,45,4,41,29,5,8,6,11,4,3,3,3,6,5,2
2025,5,20,11,57,9,10,5,3,17,4,42,33,9,42,42,3,39,25,5,10,4,9,3,5,5,5,2,5,5
2025,5,21,0,57,6,2,6,2,18,6,36,30,6,36,36,3,33,23,3,12,3,8,3,1,1,1,5,1,6
2025,5,21,1,57,8,12,6,4,20,4,45,37,8,45,45,4,41,26,2,10,6,10,4,6,6,6,1,6,6
2025,5,21,2,57,9,4,2,1,14,1,34,25,9,34,34,6,28,20,5,4,4,4,6,4,4,4,6,2,2
2025,5,21,3,57,8,4,5,2,12,1,34,26,8,34,34,3,31,18,4,5,4,6,3,6,6,6,3,2,5
2025,5,21,4,57,7,10,2,4,13,5,37,30,7,37,37,3,34,22,5,8,2,7,3,6,6,6,2,5,2
2025,5,21,5,57,7,2,4,5,15,3,39,32,7,39,39,5,34,22,2,5,5,7,5,6,6,6,6,1,4
2025,5,21,6,57,6,12,4,3,18,3,40,34,6,40,40,5,35,23,2,9,4,9,5,4,4,4,3,6,4
2025,5,21,7,57,8,6,1,3,15,5,37,29,8,37,37,4,33,23,5,8,3,6,4,5,5,5,5,3,1
2025,5,21,8,57,2,2,1,2,12,6,23,21,2,23,23,3,20,15,1,8,1,4,3,5,5,5,1,1,1
2025,5,21,9,57,8,8,2,6,11,1,36,28,8,36,36,2,34,23,6,7,2,12,2,1,1,1,6,4,2
2025,5,21,10,57,4,12,5,2,10,3,32,28,4,32,32,1,31,13,1,6,3,5,1,5,5,5,3,6,5
2025,5,21,11,57,11,2,6,3,16,4,40,29,11,40,40,3,37,25,6,8,5,7,3,5,5,5,3,1,6
2025,5,22,0,58,9,4,3,5,14,4,34,25,9,34,34,5,29,24,5,5,4,6,5,2,2,2,3,2,3
2025,5,22,1,58,5,4,6,3,11,1,34,29,5,34,34,4,30,15,1,3,4,5,4,5,5,5,6,2,6
2025,5,22,2,58,9,12,4,2,13,3,35,26,9,35,35,3,32,21,6,7,3,6,3,1,1,1,3,6,4
2025,5,22,3,58,9,10,2,4,17,6,41,32,9,41,41,6,35,26,5,7,4,5,6,6,6,6,2,5,2
2025,5,22,4,58,8,2,6,3,10,5,36,28,8,36,36,2,34,19,6,6,2,4,2,6,6,6,4,1,6
2025,5,22,5,58,11,2,1,3,14,1,36,25,11,36,36,1,35,22,5,7,6,9,1,6,6,6,6,1,1
2025,5,22,6,58,7,8,5,1,14,4,34,27,7,34,34,1,33,16,1,7,6,4,1,3,3,3,6,4,5
2025,5,22,7,58,7,2,3,5,9,3,28,21,7,28,28,3,25,20,6,5,1,7,3,3,3,3,1,1,3
2025,5,22,8,58,6,6,6,6,17,2,41,35,6,41,41,5,36,24,1,7,5,11,5,3,3,3,5,3,6
2025,5,22,9,58,5,2,5,5,18,6,39,34,5,39,39,4,35,26,3,12,2,11,4,6,6,6,1,1,5
2025,5,22,10,58,8,12,4,3,12,4,35,27,8,35,35,1,34,20,5,8,3,7,1,3,3,3,2,6,4
2025,5,22,11,58,7,6,6,5,14,4,33,26,7,33,33,3,30,21,2,6,5,7,3,2,2,2,1,3,6
2025,5,23,0,58,4,10,1,1,13,4,27,23,4,27,27,1,26,15,1,9,3,6,1,1,1,1,5,5,1
2025,5,23,1,58,10,12,1,1,17,3,37,27,10,37,37,5,32,24,6,8,4,6,5,5,5,5,1,6,1
2025,5,23,2,58,5,6,4,2,11,1,30,25,5,30,30,6,24,16,3,3,2,4,6,4,4,4,3,3,4
2025,5,23,3,58,12,12,1,5,15,2,36,24,12,36,36,1,35,26,6,8,6,11,1,1,1,1,2,6,1
2025,5,23,4,58,3,10,3,6,14,2,37,34,3,37,37,5,32,22,2,8,1,12,5,3,3,3,4,5,3
2025,5,23,5,58,9,6,5,3,16,5,38,29,9,38,38,5,33,23,4,6,5,4,5,3,3,3,4,3,5
2025,5,23,6,58,7,2,6,2,9,2,29,22,7,29,29,3,26,16,5,4,2,4,3,2,2,2,4,1,6
2025,5,23,7,58,10,10,2,4,12,1,39,29,10,39,39,3,36,21,5,4,5,7,3,6,6,6,5,5,2
2025,5,23,8,58,7,4,2,5,13,2,29,22,7,29,29,2,27,21,3,7,4,10,2,2,2,2,2,2,2
2025,5,23,9,58,8,8,6,1,9,2,33,25,8,33,33,2,31,15,5,4,3,3,2,6,6,6,2,4,6
2025,5,23,10,58,8,8,1,5,13,4,30,22,8,30,30,2,28,21,3,6,5,7,2,1,1,1,3,4,1
2025,5,23,11,58,6,4,1,4,15,3,33,27,6,33,33,5,28,20,1,5,5,6,5,6,6,6,4,2,1
2025,5,24,0,58,5,4,4,3,13,6,30,25,5,30,30,1,29,19,3,10,2,7,1,2,2,2,3,2,4
2025,5,24,1,58,7,2,4,4,13,5,30,23,7,30,30,3,27,22,5,8,2,7,3,2,2,2,1,1,4
2025,5,24,2,58,8,10,5,3,16,4,39,31,8,39,39,3,36,24,5,10,3,9,3,3,3,3,2,5,5
2025,5,24,3,58,4,12,6,2,13,6,36,32,4,36,36,3,33,18,3,9,1,5,3,3,3,3,3,6,6
2025,5,24,4,58,9,6,2,3,20,6,45,36,9,45,45,4,41,28,5,12,4,9,4,6,6,6,6,3,2
2025,5,24,5,58,12,10,6,1,18,4,44,32,12,44,44,4,40,25,6,8,6,5,4,4,4,4,4,5,6
2025,5,24,6,58,12,2,3,1,17,2,35,23,12,35,35,4,31,24,6,7,6,6,4,2,2,2,5,1,3
2025,5,24,7,58,9,2,4,4,20,3,43,34,9,43,43,5,38,27,3,9,6,10,5,6,6,6,5,1,4
2025,5,24,8,58,12,10,6,5,15,5,43,31,12,43,43,2,41,26,6,7,6,7,2,3,3,3,3,5,6
2025,5,24,9,58,5,2,2,6,15,4,34,29,5,34,34,6,28,24,3,7,2,9,6,4,4,4,3,1,2
2025,5,24,10,58,5,12,4,5,9,2,31,26,5,31,31,1,30,18,4,7,1,10,1,2,2,2,1,6,4
2025,5,24,11,58,6,8,5,6,17,6,43,37,6,43,43,4,39,28,5,12,1,12,4,3,3,3,3,4,5
2025,5,25,0,58,9,6,4,2,12,1,29,20,9,29,29,3,26,19,5,5,4,6,3,1,1,1,2,3,4
2025,5,25,1,58,4,8,3,6,13,5,33,29,4,33,33,3,30,20,1,7,3,8,3,1,1,1,5,4,3
2025,5,25,2,58,6,2,6,2,13,3,30,24,6,30,30,3,27,18,3,7,3,6,3,3,3,3,2,1,6
2025,5,25,3,58,10,6,5,4,12,3,39,29,10,39,39,2,37,22,6,6,4,7,2,3,3,3,6,3,5
2025,5,25,4,58,9,6,4,6,15,2,37,28,9,37,37,2,35,24,3,7,6,11,2,4,4,4,2,3,4
2025,5,25,5,58,2,6,1,2,12,5,25,23,2,25,25,1,24,15,1,10,1,7,1,5,5,5,1,3,1
2025,5,25,6,58,4,10,1,5,11,2,34,30,4,34,34,6,28,19,3,4,1,7,6,4,4,4,5,5,1
2025,5,25,7,58,10,8,3,1,13,6,33,23,10,33,33,1,32,19,5,7,5,2,1,4,4,4,3,4,3
2025,5,25,8,58,8,8,5,3,15,5,38,30,8,38,38,3,35,22,4,8,4,6,3,1,1,1,6,4,5
2025,5,25,9,58,6,12,5,4,12,6,39,33,6,39,39,3,36,20,4,7,2,5,3,4,4,4,4,6,5
2025,5,25,10,58,5,12,2,5,13,2,33,28,5,33,33,5,28,21,3,6,2,9,5,2,2,2,2,6,2
2025,5,25,11,58,7,2,4,5,6,1,30,23,7,30,30,2,28,16,5,2,2,6,2,4,4,4,5,1,4
2025,5,26,0,58,5,2,6,5,15,3,38,33,5,38,38,6,32,23,3,7,2,9,6,4,4,4,4,1,6
2025,5,26,1,58,10,8,4,1,17,6,38,28,10,38,38,2,36,22,4,9,6,4,2,3,3,3,5,4,4
2025,5,26,2,58,10,10,3,3,13,6,37,27,10,37,37,1,36,22,6,8,4,5,1,5,5,5,2,5,3
2025,5,26,3,58,8,10,3,2,21,5,37,29,8,37,37,5,32,25,2,10,6,7,5,3,3,3,1,5,3
2025,5,26,4,58,9,8,6,1,15,4,41,32,9,41,41,2,39,22,6,10,3,7,2,3,3,3,6,4,6
2025,5,26,5,58,3,12,4,3,14,4,35,32,3,35,35,6,29,18,1,6,2,5,6,3,3,3,4,6,4
2025,5,26,6,58,7,2,1,2,15,1,33,26,7,33,33,6,27,20,3,5,4,6,6,6,6,6,5,1,1
2025,5,26,7,58,5,8,4,1,14,4,36,31,5,36,36,4,32,19,4,9,1,6,4,5,5,5,4,4,4
2025,5,26,8,58,7,8,3,2,11,4,29,22,7,29,29,3,26,18,5,6,2,4,3,1,1,1,3,4,3
2025,5,26,9,58,8,8,5,1,12,1,33,25,8,33,33,1,32,17,4,7,4,7,1,3,3,3,4,4,5
2025,5,26,10,58,11,2,4,6,16,6,43,32,11,43,43,2,41,27,5,8,6,8,2,5,5,5,6,1,4
2025,5,26,11,58,8,4,4,5,13,4,37,29,8,37,37,1,36,23,5,9,3,10,1,3,3,3,5,2,4
2025,5,27,0,58,7,12,5,4,16,6,42,35,7,42,42,5,37,24,4,8,3,6,5,4,4,4,3,6,5
2025,5,27,1,58,6,10,5,3,22,5,44,38,6,44,44,6,38,26,1,11,5,9,6,3,3,3,5,5,5
2025,5,27,2,58,6,10,4,1,16,4,40,34,6,40,40,5,35,20,3,8,3,5,5,5,5,5,6,5,4
2025,5,27,3,58,4,2,6,6,15,4,36,32,4,36,36,5,31,22,1,7,3,9,5,1,1,1,6,1,6
2025,5,27,4,58,3,8,3,2,9,1,26,23,3,26,26,1,25,13,2,7,1,8,1,4,4,4,2,4,3
2025,5,27,5,58,3,8,1,4,10,1,31,28,3,31,31,2,29,16,2,7,1,10,2,5,5,5,5,4,1
2025,5,27,6,58,8,12,4,1,21,5,37,29,8,37,37,6,31,24,2,9,6,5,6,2,2,2,1,6,4
2025,5,27,7,58,7,4,3,3,11,5,35,28,7,35,35,1,34,20,6,9,1,7,1,5,5,5,5,2,3
2025,5,27,8,58,7,6,3,2,8,1,25,18,7,25,25,2,23,15,5,4,2,5,2,3,3,3,1,3,3
2025,5,27,9,58,7,10,4,6,9,3,38,31,7,38,38,2,36,20,5,5,2,8,2,4,4,4,5,5,4
2025,5,27,10,58,3,12,2,5,11,5,32,29,3,32,32,2,30,17,1,7,2,7,2,3,3,3,4,6,2
2025,5,27,11,58,2,4,1,4,11,1,24,22,2,24,24,5,19,16,1,5,1,8,5,2,2,2,3,2,1
2025,5,28,0,58,7,6,5,1,15,4,30,23,7,30,30,4,26,17,1,5,6,2,4,3,3,3,2,3,5
2025,5,28,1,58,5,4,2,6,11,1,28,23,5,28,28,3,25,21,4,7,1,12,3,1,1,1,2,2,2
2025,5,28,2,58,12,10,6,4,18,4,41,29,12,41,41,6,35,28,6,6,6,6,6,1,1,1,1,5,6
2025,5,28,3,58,4,4,1,5,13,4,29,25,4,29,29,5,24,20,2,6,2,7,5,1,1,1,5,2,1
2025,5,28,4,58,11,4,1,2,20,5,42,31,11,42,42,4,38,28,6,11,5,8,4,6,6,6,5,2,1
2025,5,28,5,58,2,8,2,4,10,2,32,30,2,32,32,6,26,15,1,3,1,5,6,5,5,5,6,4,2
2025,5,28,6,58,7,10,5,5,17,3,41,34,7,41,41,5,36,26,4,9,3,11,5,3,3,3,2,5,5
2025,5,28,7,58,10,2,5,5,12,1,36,26,10,36,36,5,31,22,5,2,5,6,5,2,2,2,6,1,5
2025,5,28,8,58,9,2,6,1,12,5,32,23,9,32,32,1,31,19,6,8,3,4,1,2,2,2,4,1,6
2025,5,28,9,58,9,8,4,5,12,2,33,24,9,33,33,4,29,22,5,4,4,7,4,2,2,2,1,4,4
2025,5,28,10,58,8,12,4,6,16,2,48,40,8,48,48,6,42,27,5,7,3,11,6,6,6,6,5,6,4
2025,5,28,11,58,5,4,2,5,6,3,26,21,5,26,26,1,25,15,4,4,1,6,1,3,3,3,4,2,2
2025,5,29,0,59,8,8,1,5,12,1,32,24,8,32,32,4,28,22,5,5,3,9,4,3,3,3,2,4,1
2025,5,29,1,59,7,4,1,6,21,6,43,36,7,43,43,3,40,28,1,12,6,12,3,6,6,6,6,2,1
2025,5,29,2,59,4,8,5,3,8,1,31,27,4,31,31,4,27,14,3,3,1,5,4,4,4,4,4,4,5
2025,5,29,3,59,6,2,2,5,14,3,33,27,6,33,33,4,29,21,2,6,4,8,4,3,3,3,6,1,2
2025,5,29,4,59,9,8,2,5,19,6,40,31,9,40,40,4,36,28,4,10,5,9,4,2,2,2,4,4,2
2025,5,29,5,59,12,4,4,2,12,2,35,23,12,35,35,1,34,20,6,5,6,5,1,6,6,6,3,2,4
2025,5,29,6,59,11,8,4,1,19,4,41,30,11,41,41,4,37,26,6,10,5,7,4,1,1,1,6,4,4
2025,5,29,7,59,7,4,5,4,15,4,37,30,7,37,37,6,31,24,5,7,2,7,6,2,2,2,4,2,5
2025,5,29,8,59,11,12,2,1,16,2,34,23,11,34,34,3,31,22,5,7,6,6,3,2,2,2,2,6,2
2025,5,29,9,59,8,2,3,6,18,4,35,27,8,35,35,4,31,28,4,10,4,12,4,1,1,1,2,1,3
2025,5,29,10,59,11,4,3,1,16,6,31,20,11,31,31,3,28,22,5,7,6,2,3,3,3,3,1,2,3
2025,5,29,11,59,9,4,6,2,15,2,37,28,9,37,37,6,31,23,6,6,3,6,6,2,2,2,4,2,6
2025,5,30,0,59,3,2,5,2,11,3,29,26,3,29,29,1,28,15,2,9,1,8,1,4,4,4,4,1,5
2025,5,30,1,59,7,4,5,5,9,1,33,26,7,33,33,1,32,19,5,6,2,10,1,1,1,1,6,2,5
2025,5,30,2,59,4,12,4,4,9,3,36,32,4,36,36,1,35,16,3,7,1,8,1,4,4,4,6,6,4
2025,5,30,3,59,7,2,1,2,8,1,28,21,7,28,28,4,24,16,6,3,1,4,4,5,5,5,5,1,1
2025,5,30,4,59,6,2,4,6,16,6,38,32,6,38,38,3,35,26,4,11,2,11,3,5,5,5,2,1,4
2025,5,30,5,59,11,4,3,1,12,5,33,22,11,33,33,1,32,19,6,6,5,2,1,3,3,3,6,2,3
2025,5,30,6,59,7,12,1,2,11,2,31,24,7,31,31,1,30,16,3,6,4,6,1,3,3,3,5,6,1
2025,5,30,7,59,3,4,3,4,15,6,29,26,3,29,29,2,27,21,2,12,1,10,2,2,2,2,1,2,3
2025,5,30,8,59,5,2,5,4,13,2,32,27,5,32,32,6,26,20,3,5,2,7,6,2,2,2,4,1,5
2025,5,30,9,59,12,2,5,3,19,2,43,31,12,43,43,5,38,28,6,8,6,9,5,5,5,5,4,1,5
2025,5,30,10,59,9,10,5,3,11,1,36,27,9,36,36,2,34,18,4,4,5,6,2,4,4,4,4,5,5
2025,5,30,11,59,10,10,1,5,10,2,36,26,10,36,36,2,34,20,5,3,5,6,2,5,5,5,5,5,1
2025,5,31,0,59,2,2,6,4,8,2,30,28,2,30,30,1,29,13,1,6,1,8,1,5,5,5,5,1,6
2025,5,31,1,59,8,10,6,6,17,3,40,32,8,40,40,6,34,26,3,6,5,9,6,2,2,2,1,5,6
2025,5,31,2,59,6,4,4,3,13,3,31,25,6,31,31,5,26,19,3,5,3,5,5,5,5,5,1,2,4
2025,5,31,3,59,11,10,5,1,16,5,38,27,11,38,38,2,36,23,6,9,5,5,2,1,1,1,4,5,5
2025,5,31,4,59,6,2,2,1,10,6,25,19,6,25,25,1,24,16,5,8,1,3,1,5,5,5,1,1,2
2025,5,31,5,59,7,4,1,3,15,4,31,24,7,31,31,1,30,21,3,10,4,9,1,2,2,2,5,2,1
2025,5,31,6,59,7,4,2,3,16,2,32,25,7,32,32,5,27,22,3,7,4,8,5,1,1,1,5,2,2
2025,5,31,7,59,8,6,6,2,11,1,30,22,8,30,30,2,28,17,4,5,4,6,2,3,3,3,1,3,6
2025,5,31,8,59,6,4,1,1,13,2,24,18,6,24,24,1,23,16,2,8,4,7,1,2,2,2,3,2,1
2025,5,31,9,59,9,8,2,3,16,3,34,25,9,34,34,4,30,24,5,8,4,8,4,2,2,2,2,4,2
2025,5,31,10,59,8,8,6,2,17,2,41,33,8,41,41,6,35,24,5,8,3,8,6,4,4,4,3,4,6
2025,5,31,11,59,6,2,1,4,15,2,26,20,6,26,26,2,24,20,1,8,5,10,2,2,2,2,2,1,1
