Year,Month,Day,Hour,Tapioca Pearls (Boba),Lychee Jelly,Aloe Vera Bits,Grass Jelly,Fresh Milk,Red Beans,Cups (Regular),Straws (Regular),Straws (Jumbo),Napkins (Regular),To-Go Bags (Small),Lids (Dome),Lids (Flat),Condiment Station Supplies,Taro,Matcha,Brown Sugar,Black Sugar,Strawberry Milk Cream,Mango Milk Cream,Sago,Crystal Jelly,Jasmine Green Tea Leaves,Passion Fruit Tea Leaves,Oolong Tea Leaves
2024,6,1,0,9,10,2,3,7,1,25,16,9,25,25,1,24,15,5,2,4,4,1,1,1,1,2,5,2
2024,6,1,1,2,8,6,6,15,2,39,37,2,39,39,6,33,22,1,8,1,12,6,4,4,4,3,4,6
2024,6,1,2,6,4,5,3,17,6,35,29,6,35,35,5,30,25,5,11,1,8,5,2,2,2,1,2,5
2024,6,1,3,10,6,3,3,18,6,38,28,10,38,38,2,36,25,4,10,6,7,2,3,3,3,4,3,3
2024,6,1,4,3,2,3,6,13,6,34,31,3,34,34,1,33,20,1,10,2,10,1,4,4,4,6,1,3
2024,6,1,5,11,12,5,1,15,1,38,27,11,38,38,5,33,22,6,5,5,5,5,1,1,1,4,6,5
2024,6,1,6,7,6,6,3,13,3,36,29,7,36,36,1,35,19,3,8,4,8,1,3,3,3,5,3,6
2024,6,1,7,6,4,3,4,15,6,34,28,6,34,34,1,33,21,2,10,4,8,1,5,5,5,3,2,3
2024,6,1,8,7,2,6,1,12,4,30,23,7,30,30,1,29,17,4,8,3,5,1,2,2,2,4,1,6
2024,6,1,9,10,4,4,2,14,4,37,27,10,37,37,1,36,21,5,8,5,6,1,4,4,4,6,2,4
2024,6,1,10,6,12,3,4,14,6,35,29,6,35,35,4,31,22,4,8,2,6,4,1,1,1,3,6,3
2024,6,1,11,4,10,1,4,15,4,30,26,4,30,30,5,25,21,2,8,2,8,5,2,2,2,1,5,1
2024,6,2,0,4,2,3,6,6,1,27,23,4,27,27,1,26,13,1,2,3,7,1,6,6,6,4,1,3
2024,6,2,1,7,8,5,1,13,3,38,31,7,38,38,5,33,20,6,7,1,5,5,5,5,5,4,4,5
2024,6,2,2,7,6,1,4,11,3,34,27,7,34,34,4,30,20,5,5,2,6,4,6,6,6,4,3,1
2024,6,2,3,6,10,5,2,7,2,32,26,6,32,32,1,31,13,4,4,2,4,1,6,6,6,3,5,5
2024,6,2,4,7,8,1,5,15,1,33,26,7,33,33,4,29,22,2,6,5,10,4,3,3,3,3,4,1
2024,6,2,5,5,10,5,4,16,5,41,36,5,41,41,6,35,23,3,8,2,7,6,2,2,2,6,5,5
2024,6,2,6,9,8,3,4,20,5,43,34,9,43,43,6,37,30,6,11,3,10,6,4,4,4,2,4,3
2024,6,2,7,5,10,2,2,13,1,35,30,5,35,35,5,30,18,3,6,2,7,5,5,5,5,5,5,2
2024,6,2,8,7,6,1,5,11,4,29,22,7,29,29,3,26,22,6,7,1,8,3,2,2,2,1,3,1
2024,6,2,9,6,2,3,4,11,4,27,21,6,27,27,1,26,20,5,9,1,9,1,2,2,2,1,1,3
2024,6,2,10,11,8,4,2,19,5,43,32,11,43,43,5,38,27,6,9,5,6,5,2,2,2,6,4,4
2024,6,2,11,8,10,6,6,17,4,45,37,8,45,45,4,41,27,4,9,4,11,4,3,3,3,4,5,6
2024,6,3,0,9,12,4,2,10,2,38,29,9,38,38,3,35,18,6,4,3,4,3,5,5,5,5,6,4
2024,6,3,1,4,6,3,1,10,5,22,18,4,22,22,1,21,12,1,6,3,2,1,3,3,3,1,3,3
2024,6,3,2,9,8,1,6,12,2,33,24,9,33,33,3,30,21,3,3,6,7,3,6,6,6,1,4,1
2024,6,3,3,6,6,5,1,10,1,35,29,6,35,35,4,31,15,4,4,2,4,4,6,6,6,6,3,5
2024,6,3,4,9,2,2,3,16,1,37,28,9,37,37,6,31,25,6,7,3,9,6,5,5,5,4,1,2
2024,6,3,5,6,6,4,3,11,3,30,24,6,30,30,2,28,16,2,5,4,5,2,6,6,6,1,3,4
2024,6,3,6,6,2,3,3,15,2,34,28,6,34,34,6,28,21,3,6,3,7,6,3,3,3,6,1,3
2024,6,3,7,6,4,2,3,16,5,36,30,6,36,36,3,33,23,4,11,2,9,3,5,5,5,4,2,2
2024,6,3,8,11,8,1,5,21,4,43,32,11,43,43,6,37,32,6,10,5,11,6,5,5,5,1,4,1
2024,6,3,9,10,2,4,4,11,3,30,20,10,30,30,1,29,19,4,4,6,5,1,4,4,4,2,1,4
2024,6,3,10,6,6,1,2,14,1,26,20,6,26,26,5,21,17,1,4,5,5,5,2,2,2,3,3,1
2024,6,3,11,6,8,3,4,13,1,30,24,6,30,30,3,27,18,1,5,5,8,3,1,1,1,4,4,3
2024,6,4,0,8,8,5,5,21,6,41,33,8,41,41,5,36,28,2,10,6,9,5,1,1,1,3,4,5
2024,6,4,1,5,6,3,1,15,2,32,27,5,32,32,5,27,19,3,8,2,7,5,2,2,2,5,3,3
2024,6,4,2,4,2,2,1,13,4,27,23,4,27,27,5,22,16,2,6,2,3,5,2,2,2,6,1,2
2024,6,4,3,8,8,6,6,12,2,43,35,8,43,43,3,40,23,5,6,3,10,3,6,6,6,4,4,6
2024,6,4,4,7,8,3,3,13,6,36,29,7,36,36,4,32,21,5,7,2,4,4,6,6,6,2,4,3
2024,6,4,5,7,10,1,5,7,1,31,24,7,31,31,1,30,15,3,2,4,6,1,6,6,6,4,5,1
2024,6,4,6,6,12,2,3,13,3,35,29,6,35,35,6,29,20,4,5,2,5,6,1,1,1,6,6,2
2024,6,4,7,12,2,3,3,15,5,39,27,12,39,39,1,38,24,6,8,6,6,1,6,6,6,5,1,3
2024,6,4,8,9,4,6,2,20,6,40,31,9,40,40,4,36,25,3,10,6,6,4,4,4,4,3,2,6
2024,6,4,9,4,2,3,6,13,6,36,32,4,36,36,3,33,22,3,9,1,9,3,5,5,5,5,1,3
2024,6,4,10,9,12,5,1,13,1,33,24,9,33,33,6,27,19,5,3,4,3,6,1,1,1,2,6,5
2024,6,4,11,10,4,5,2,15,3,37,27,10,37,37,2,35,21,4,7,6,6,2,3,3,3,6,2,5
2024,6,5,0,9,12,4,6,16,6,46,37,9,46,46,6,40,28,6,7,3,7,6,5,5,5,3,6,4
2024,6,5,1,6,12,3,2,9,3,27,21,6,27,27,1,26,15,4,6,2,5,1,2,2,2,1,6,3
2024,6,5,2,6,4,1,2,17,6,33,27,6,33,33,5,28,23,4,10,2,6,5,5,5,5,2,2,1
2024,6,5,3,5,6,2,5,14,4,29,24,5,29,29,5,24,20,1,5,4,6,5,2,2,2,2,3,2
2024,6,5,4,9,12,1,4,9,1,29,20,9,29,29,2,27,18,5,3,4,6,2,2,2,2,2,6,1
2024,6,5,5,2,4,2,3,9,4,22,20,2,22,22,3,19,13,1,5,1,4,3,1,1,1,4,2,2
2024,6,5,6,6,2,1,4,12,3,30,24,6,30,30,1,29,19,3,8,3,9,1,6,6,6,3,1,1
2024,6,5,7,4,6,3,5,16,4,34,30,4,34,34,6,28,22,1,7,3,8,6,3,3,3,3,3,3
2024,6,5,8,9,8,3,2,11,1,30,21,9,30,30,1,29,17,4,5,5,6,1,4,4,4,2,4,3
2024,6,5,9,4,2,6,2,12,4,32,28,4,32,32,3,29,17,3,8,1,6,3,4,4,4,4,1,6
2024,6,5,10,4,12,2,6,13,6,40,36,4,40,40,5,35,22,3,7,1,7,5,4,4,4,6,6,2
2024,6,5,11,7,2,6,4,17,3,37,30,7,37,37,5,32,25,4,9,3,10,5,2,2,2,3,1,6
2024,6,6,0,5,6,4,1,11,3,28,23,5,28,28,3,25,16,4,7,1,5,3,3,3,3,2,3,4
2024,6,6,1,3,6,5,4,15,6,36,33,3,36,36,6,30,20,1,7,2,5,6,3,3,3,5,3,5
2024,6,6,2,11,2,2,3,24,6,37,26,11,37,37,6,31,32,5,12,6,9,6,1,1,1,1,1,2
2024,6,6,3,6,8,6,1,16,3,40,34,6,40,40,5,35,20,3,8,3,6,5,5,5,5,5,4,6
2024,6,6,4,6,10,5,6,13,1,37,31,6,37,37,2,35,20,1,6,5,11,2,4,4,4,3,5,5
2024,6,6,5,8,8,4,2,13,3,37,29,8,37,37,4,33,21,6,7,2,6,4,4,4,4,4,4,4
2024,6,6,6,3,4,1,5,11,4,32,29,3,32,32,3,29,18,2,7,1,8,3,5,5,5,6,2,1
2024,6,6,7,10,10,1,5,16,3,38,28,10,38,38,3,35,26,5,8,5,10,3,3,3,3,3,5,1
2024,6,6,8,9,12,2,2,15,1,37,28,9,37,37,6,31,22,5,5,4,6,6,2,2,2,5,6,2
2024,6,6,9,8,2,5,2,13,3,35,27,8,35,35,6,29,21,6,5,2,4,6,4,4,4,4,1,5
2024,6,6,10,2,4,4,4,12,6,30,28,2,30,30,3,27,17,1,8,1,6,3,2,2,2,5,2,4
2024,6,6,11,4,4,4,5,15,6,35,31,4,35,35,3,32,22,2,10,2,9,3,5,5,5,2,2,4
2024,6,7,0,5,12,3,6,13,4,39,34,5,39,39,4,35,23,4,8,1,10,4,1,1,1,6,6,3
2024,6,7,1,5,8,2,1,15,5,29,24,5,29,29,5,24,19,3,8,2,4,5,2,2,2,2,4,2
2024,6,7,2,5,12,4,5,16,5,46,41,5,46,46,3,43,24,3,11,2,11,3,6,6,6,6,6,4
2024,6,7,3,6,2,4,5,18,5,34,28,6,34,34,4,30,24,1,9,5,9,4,2,2,2,3,1,4
2024,6,7,4,8,10,2,1,14,6,36,28,8,36,36,3,33,20,5,8,3,3,3,4,4,4,5,5,2
2024,6,7,5,3,6,1,4,17,6,32,29,3,32,32,4,28,22,1,11,2,9,4,2,2,2,4,3,1
2024,6,7,6,4,2,1,3,14,4,29,25,4,29,29,5,24,19,2,7,2,6,5,6,6,6,2,1,1
2024,6,7,7,7,8,6,4,18,6,42,35,7,42,42,3,39,26,4,12,3,10,3,2,2,2,4,4,6
2024,6,7,8,6,8,2,3,20,6,39,33,6,39,39,6,33,27,4,12,2,9,6,1,1,1,5,4,2
2024,6,7,9,3,2,2,3,18,6,35,32,3,35,35,6,29,22,1,10,2,7,6,5,5,5,5,1,2
2024,6,7,10,7,2,1,2,14,6,33,26,7,33,33,2,31,20,4,9,3,5,2,6,6,6,5,1,1
2024,6,7,11,8,10,6,6,19,5,45,37,8,45,45,3,42,28,3,11,5,12,3,4,4,4,2,5,6
2024,6,8,0,7,6,5,5,7,1,33,26,7,33,33,2,31,16,4,2,3,6,2,4,4,4,5,3,5
2024,6,8,1,7,12,4,3,13,1,33,26,7,33,33,5,28,19,3,4,4,6,5,3,3,3,1,6,4
2024,6,8,2,8,6,2,3,16,6,35,27,8,35,35,3,32,24,5,10,3,7,3,5,5,5,1,3,2
2024,6,8,3,10,2,5,5,17,6,40,30,10,40,40,4,36,27,5,8,5,7,4,5,5,5,2,1,5
2024,6,8,4,5,4,1,5,14,6,31,26,5,31,31,1,30,22,3,11,2,10,1,4,4,4,2,2,1
2024,6,8,5,5,2,4,5,8,3,28,23,5,28,28,3,25,17,4,4,1,6,3,4,4,4,2,1,4
2024,6,8,6,6,2,2,5,14,3,35,29,6,35,35,3,32,21,2,7,4,9,3,5,5,5,6,1,2
2024,6,8,7,5,12,5,2,12,4,30,25,5,30,30,3,27,16,2,6,3,4,3,1,1,1,2,6,5
2024,6,8,8,12,4,6,2,17,5,37,25,12,37,37,5,32,25,6,6,6,3,5,2,2,2,2,2,6
2024,6,8,9,7,12,5,2,11,4,35,28,7,35,35,1,34,16,3,6,4,4,1,6,6,6,2,6,5
2024,6,8,10,11,8,6,3,18,2,41,30,11,41,41,5,36,26,5,7,6,8,5,2,2,2,3,4,6
2024,6,8,11,4,2,2,6,15,6,30,26,4,30,30,3,27,22,1,9,3,9,3,4,4,4,1,1,2
2024,6,9,0,10,6,5,3,18,3,47,37,10,47,47,6,41,27,6,8,4,8,6,6,6,6,6,3,5
2024,6,9,1,7,6,3,5,16,3,40,33,7,40,40,4,36,24,3,8,4,10,4,6,6,6,4,3,3
2024,6,9,2,8,8,3,1,19,5,38,30,8,38,38,6,32,25,5,10,3,6,6,1,1,1,5,4,3
2024,6,9,3,6,4,1,4,12,2,31,25,6,31,31,6,25,21,5,5,1,7,6,3,3,3,4,2,1
2024,6,9,4,8,2,6,6,16,5,35,27,8,35,35,4,31,24,2,6,6,7,4,3,3,3,1,1,6
2024,6,9,5,9,4,4,1,13,3,33,24,9,33,33,4,29,18,4,4,5,2,4,6,6,6,3,2,4
2024,6,9,6,5,8,2,3,13,6,30,25,5,30,30,3,27,19,3,8,2,5,3,4,4,4,1,4,2
2024,6,9,7,7,12,1,4,14,4,35,28,7,35,35,3,32,24,6,10,1,10,3,1,1,1,3,6,1
2024,6,9,8,5,4,2,3,14,4,30,25,5,30,30,3,27,19,2,8,3,7,3,6,6,6,1,2,2
2024,6,9,9,8,12,3,6,20,5,50,42,8,50,50,6,44,30,4,10,4,11,6,5,5,5,6,6,3
2024,6,9,10,6,6,1,6,15,5,39,33,6,39,39,4,35,25,4,9,2,10,4,6,6,6,4,3,1
2024,6,9,11,7,8,5,5,12,2,44,37,7,44,44,3,41,23,6,8,1,11,3,6,6,6,6,4,5
2024,6,10,0,7,10,3,5,10,2,29,22,7,29,29,3,26,18,3,3,4,6,3,2,2,2,1,5,3
2024,6,10,1,9,12,6,5,15,3,42,33,9,42,42,1,41,24,4,9,5,11,1,3,3,3,3,6,6
2024,6,10,2,5,6,6,6,9,1,31,26,5,31,31,2,29,17,2,4,3,9,2,1,1,1,4,3,6
2024,6,10,3,6,12,5,3,13,2,34,28,6,34,34,4,30,18,2,5,4,6,4,4,4,4,1,6,5
2024,6,10,4,10,2,2,2,15,3,34,24,10,34,34,6,28,22,5,4,5,3,6,5,5,5,4,1,2
2024,6,10,5,10,2,6,6,19,6,42,32,10,42,42,4,38,30,5,10,5,10,4,3,3,3,2,1,6
2024,6,10,6,6,8,4,4,16,6,35,29,6,35,35,3,32,23,3,10,3,8,3,1,1,1,3,4,4
2024,6,10,7,5,6,2,2,10,2,32,27,5,32,32,3,29,16,4,6,1,6,3,5,5,5,6,3,2
2024,6,10,8,7,2,5,3,14,3,35,28,7,35,35,6,29,22,5,6,2,6,6,6,6,6,1,1,5
2024,6,10,9,6,6,4,2,13,4,32,26,6,32,32,2,30,19,4,9,2,7,2,2,2,2,4,3,4
2024,6,10,10,8,12,1,2,17,3,33,25,8,33,33,2,31,21,2,9,6,8,2,4,4,4,1,6,1
2024,6,10,11,9,2,2,1,15,4,32,23,9,32,32,2,30,21,5,9,4,6,2,4,4,4,4,1,2
2024,6,11,0,5,10,4,6,7,2,30,25,5,30,30,2,28,16,3,3,2,7,2,4,4,4,1,5,4
2024,6,11,1,5,2,2,1,9,3,22,17,5,22,22,1,21,14,4,7,1,5,1,1,1,1,4,1,2
2024,6,11,2,6,2,1,5,16,5,35,29,6,35,35,6,29,25,4,8,2,8,6,5,5,5,3,1,1
2024,6,11,3,7,12,1,1,12,5,32,25,7,32,32,3,29,18,5,7,2,3,3,4,4,4,3,6,1
2024,6,11,4,7,2,6,4,10,3,31,24,7,31,31,5,26,20,6,4,1,5,5,2,2,2,2,1,6
2024,6,11,5,12,12,2,3,13,3,39,27,12,39,39,2,37,22,6,5,6,5,2,3,3,3,6,6,2
2024,6,11,6,7,2,6,2,12,5,35,28,7,35,35,1,34,20,6,10,1,7,1,2,2,2,6,1,6
2024,6,11,7,8,2,3,5,12,5,35,27,8,35,35,3,32,23,6,7,2,7,3,5,5,5,3,1,3
2024,6,11,8,9,6,2,6,18,3,38,29,9,38,38,6,32,27,3,6,6,9,6,1,1,1,5,3,2
2024,6,11,9,7,8,5,3,11,4,33,26,7,33,33,1,32,19,5,8,2,7,1,4,4,4,1,4,5
2024,6,11,10,6,6,1,5,8,1,30,24,6,30,30,3,27,16,3,2,3,6,3,6,6,6,4,3,1
2024,6,11,11,10,10,1,2,16,5,38,28,10,38,38,1,37,24,6,11,4,8,1,5,5,5,3,5,1
2024,6,12,0,8,2,2,6,13,2,34,26,8,34,34,4,30,23,4,5,4,9,4,4,4,4,4,1,2
2024,6,12,1,5,6,2,2,17,6,39,34,5,39,39,3,36,22,3,12,2,8,3,6,6,6,6,3,2
2024,6,12,2,8,10,3,6,16,4,40,32,8,40,40,2,38,24,2,8,6,10,2,6,6,6,2,5,3
2024,6,12,3,8,12,5,3,13,3,38,30,8,38,38,4,34,20,4,5,4,5,4,3,3,3,4,6,5
2024,6,12,4,6,6,5,4,17,5,37,31,6,37,37,1,36,22,1,11,5,10,1,2,2,2,5,3,5
2024,6,12,5,8,2,4,3,13,3,26,18,8,26,26,3,23,18,2,4,6,4,3,1,1,1,2,1,4
2024,6,12,6,7,12,2,1,11,3,36,29,7,36,36,1,35,18,6,9,1,7,1,5,5,5,5,6,2
2024,6,12,7,6,6,5,5,19,6,40,34,6,40,40,3,37,26,2,12,4,11,3,2,2,2,4,3,5
2024,6,12,8,5,8,1,5,10,2,24,19,5,24,24,1,23,17,2,6,3,9,1,1,1,1,1,4,1
2024,6,12,9,7,12,6,1,17,6,43,36,7,43,43,1,42,21,3,12,4,7,1,4,4,4,6,6,6
2024,6,12,10,7,4,5,6,16,4,42,35,7,42,42,6,36,25,3,6,4,8,6,5,5,5,5,2,5
2024,6,12,11,6,2,1,3,15,6,30,24,6,30,30,1,29,22,4,12,2,9,1,1,1,1,5,1,1
2024,6,13,0,8,4,6,6,19,6,41,33,8,41,41,4,37,27,2,9,6,9,4,1,1,1,5,2,6
2024,6,13,1,4,12,4,1,9,3,29,25,4,29,29,2,27,11,1,4,3,2,2,5,5,5,3,6,4
2024,6,13,2,11,8,3,4,16,4,41,30,11,41,41,2,39,25,5,8,6,8,2,6,6,6,3,4,3
2024,6,13,3,6,4,6,3,14,1,34,28,6,34,34,5,29,18,1,4,5,6,5,2,2,2,6,2,6
2024,6,13,4,8,12,6,4,18,6,42,34,8,42,42,4,38,25,3,9,5,7,4,3,3,3,2,6,6
2024,6,13,5,8,4,6,1,17,4,39,31,8,39,39,4,35,22,4,9,4,6,4,5,5,5,4,2,6
2024,6,13,6,6,4,1,2,15,6,29,23,6,29,29,3,26,20,3,9,3,5,3,2,2,2,4,2,1
2024,6,13,7,2,12,4,2,13,6,29,27,2,29,29,1,28,16,1,11,1,7,1,2,2,2,1,6,4
2024,6,13,8,8,2,2,1,19,6,36,28,8,36,36,5,31,23,3,9,5,4,5,6,6,6,4,1,2
2024,6,13,9,9,2,5,1,15,5,32,23,9,32,32,1,31,21,5,10,4,6,1,4,4,4,1,1,5
2024,6,13,10,8,2,4,6,14,3,33,25,8,33,33,1,32,24,4,9,4,12,1,1,1,1,3,1,4
2024,6,13,11,5,6,4,6,16,6,41,36,5,41,41,2,39,25,3,12,2,12,2,4,4,4,5,3,4
2024,6,14,0,7,12,3,4,10,2,38,31,7,38,38,4,34,20,6,5,1,7,4,6,6,6,3,6,3
2024,6,14,1,9,6,5,5,17,5,42,33,9,42,42,6,36,27,5,7,4,7,6,5,5,5,2,3,5
2024,6,14,2,9,12,5,5,21,5,44,35,9,44,44,4,40,29,3,11,6,11,4,3,3,3,1,6,5
2024,6,14,3,9,8,6,4,15,2,38,29,9,38,38,6,32,25,6,6,3,8,6,1,1,1,2,4,6
2024,6,14,4,6,10,4,5,12,1,37,31,6,37,37,6,31,22,5,5,1,9,6,2,2,2,4,5,4
2024,6,14,5,6,2,3,6,13,4,29,23,6,29,29,2,27,20,1,6,5,8,2,3,3,3,2,1,3
2024,6,14,6,7,8,5,2,17,5,38,31,7,38,38,4,34,23,4,10,3,7,4,2,2,2,4,4,5
2024,6,14,7,10,8,1,1,14,2,31,21,10,31,31,5,26,19,4,3,6,2,5,6,6,6,1,4,1
2024,6,14,8,6,6,3,5,15,6,41,35,6,41,41,5,36,23,3,7,3,6,5,6,6,6,6,3,3
2024,6,14,9,9,2,4,4,19,3,39,30,9,39,39,6,33,26,3,7,6,8,6,5,5,5,3,1,4
2024,6,14,10,5,4,2,6,9,1,23,18,5,23,23,2,21,17,2,4,3,9,2,1,1,1,1,2,2
2024,6,14,11,7,8,2,3,15,5,39,32,7,39,39,5,34,24,6,9,1,7,5,6,6,6,3,4,2
2024,6,15,0,5,8,1,6,14,3,33,28,5,33,33,3,30,23,3,9,2,12,3,4,4,4,1,4,1
2024,6,15,1,9,6,6,2,19,2,39,30,9,39,39,6,33,24,3,7,6,7,6,4,4,4,2,3,6
2024,6,15,2,7,8,6,2,16,6,41,34,7,41,41,5,36,22,4,8,3,4,5,4,4,4,5,4,6
2024,6,15,3,8,8,1,2,17,2,31,23,8,31,31,6,25,21,2,5,6,5,6,3,3,3,2,4,1
2024,6,15,4,3,6,2,2,17,6,30,27,3,30,30,4,26,21,2,12,1,8,4,1,1,1,3,3,2
2024,6,15,5,5,10,1,4,21,6,41,36,5,41,41,5,36,26,1,12,4,10,5,4,4,4,5,5,1
2024,6,15,6,4,8,5,1,16,3,39,35,4,39,39,6,33,19,2,8,2,6,6,6,6,6,5,4,5
2024,6,15,7,3,4,5,5,9,1,24,21,3,24,24,4,20,15,1,3,2,7,4,1,1,1,1,2,5
2024,6,15,8,3,2,1,3,14,4,27,24,3,27,27,5,22,19,2,8,1,7,5,4,4,4,2,1,1
2024,6,15,9,5,12,3,6,16,6,41,36,5,41,41,3,38,26,4,12,1,12,3,3,3,3,3,6,3
2024,6,15,10,12,6,1,5,13,2,34,22,12,34,34,4,30,24,6,3,6,6,4,4,4,4,2,3,1
2024,6,15,11,6,4,3,6,15,3,38,32,6,38,38,5,33,22,1,5,5,8,5,6,6,6,5,2,3
2024,6,16,0,5,4,4,5,11,2,33,28,5,33,33,2,31,20,4,8,1,11,2,6,6,6,1,2,4
2024,6,16,1,7,2,1,1,13,6,27,20,7,27,27,5,22,20,6,7,1,2,5,3,3,3,2,1,1
2024,6,16,2,8,8,2,4,11,1,34,26,8,34,34,6,28,20,5,2,3,5,6,5,5,5,3,4,2
2024,6,16,3,5,10,2,5,13,4,31,26,5,31,31,5,26,20,2,5,3,6,5,3,3,3,1,5,2
2024,6,16,4,4,10,5,1,6,3,25,21,4,25,25,1,24,10,3,4,1,2,1,1,1,1,4,5,5
2024,6,16,5,3,4,4,6,13,6,36,33,3,36,36,2,34,21,2,10,1,10,2,6,6,6,3,2,4
2024,6,16,6,5,12,1,5,15,3,36,31,5,36,36,5,31,23,3,8,2,10,5,3,3,3,3,6,1
2024,6,16,7,11,6,3,2,20,4,41,30,11,41,41,6,35,27,5,8,6,6,6,2,2,2,6,3,3
2024,6,16,8,10,6,2,3,19,6,40,30,10,40,40,3,37,26,4,10,6,7,3,4,4,4,5,3,2
2024,6,16,9,5,8,1,2,13,4,28,23,5,28,28,2,26,17,2,8,3,6,2,1,1,1,5,4,1
2024,6,16,10,7,4,5,3,18,4,36,29,7,36,36,3,33,22,1,9,6,8,3,5,5,5,2,2,5
2024,6,16,11,8,10,3,6,19,5,47,39,8,47,47,5,42,28,3,9,5,10,5,5,5,5,6,5,3
2024,6,17,0,3,4,1,1,16,6,32,29,3,32,32,5,27,19,2,10,1,5,5,4,4,4,6,2,1
2024,6,17,1,5,12,6,3,11,5,37,32,5,37,37,2,35,17,3,7,2,5,2,2,2,2,6,6,6
2024,6,17,2,7,4,6,6,16,6,44,37,7,44,44,4,40,27,5,10,2,10,4,3,3,3,6,2,6
2024,6,17,3,8,12,2,1,12,2,27,19,8,27,27,1,26,15,2,5,6,4,1,3,3,3,1,6,2
2024,6,17,4,2,10,1,6,10,1,29,27,2,29,29,2,27,17,1,7,1,12,2,4,4,4,2,5,1
2024,6,17,5,4,6,4,2,12,1,33,29,4,33,33,6,27,16,2,4,2,5,6,6,6,6,4,3,4
2024,6,17,6,5,2,6,3,20,4,34,29,5,34,34,6,28,24,1,10,4,9,6,1,1,1,2,1,6
2024,6,17,7,10,2,1,6,16,6,36,26,10,36,36,1,35,28,6,11,4,11,1,4,4,4,2,1,1
2024,6,17,8,8,2,3,3,14,3,29,21,8,29,29,2,27,22,5,9,3,9,2,1,1,1,2,1,3
2024,6,17,9,4,6,5,1,15,2,32,28,4,32,32,6,26,19,3,8,1,7,6,4,4,4,1,3,5
2024,6,17,10,12,10,2,4,21,4,45,33,12,45,45,6,39,31,6,9,6,9,6,1,1,1,6,5,2
2024,6,17,11,8,8,4,2,10,6,34,26,8,34,34,1,33,18,6,7,2,3,1,4,4,4,4,4,4
2024,6,18,0,9,4,2,6,18,6,40,31,9,40,40,3,37,30,6,12,3,12,3,1,1,1,5,2,2
2024,6,18,1,11,6,3,5,17,3,45,34,11,45,45,2,43,27,5,9,6,11,2,6,6,6,6,3,3
2024,6,18,2,5,4,2,6,8,4,27,22,5,27,27,1,26,18,4,6,1,8,1,4,4,4,1,2,2
2024,6,18,3,9,6,2,3,19,2,38,29,9,38,38,6,32,25,3,7,6,8,6,2,2,2,6,3,2
2024,6,18,4,11,8,5,1,10,2,28,17,11,28,28,2,26,17,6,3,5,2,2,1,1,1,1,4,5
2024,6,18,5,7,6,1,4,13,4,29,22,7,29,29,2,27,18,1,5,6,5,2,3,3,3,4,3,1
2024,6,18,6,4,4,6,6,7,2,29,25,4,29,29,2,27,16,3,4,1,8,2,3,3,3,2,2,6
2024,6,18,7,5,2,6,2,16,1,33,28,5,33,33,6,27,19,1,6,4,7,6,1,1,1,6,1,6
2024,6,18,8,11,12,3,3,14,1,37,26,11,37,37,3,34,23,6,6,5,8,3,4,4,4,1,6,3
2024,6,18,9,6,10,5,5,17,6,40,34,6,40,40,5,35,25,3,9,3,8,5,3,3,3,2,5,5
2024,6,18,10,8,2,6,2,12,2,35,27,8,35,35,6,29,20,6,4,2,4,6,4,4,4,4,1,6
2024,6,18,11,10,10,2,5,11,2,37,27,10,37,37,2,35,22,6,5,4,8,2,6,6,6,2,5,2
2024,6,19,0,12,10,5,6,17,6,47,35,12,47,47,4,43,29,6,7,6,7,4,3,3,3,5,5,5
2024,6,19,1,11,10,2,3,17,6,40,29,11,40,40,3,37,25,5,8,6,5,3,2,2,2,6,5,2
2024,6,19,2,10,6,5,4,13,4,41,31,10,41,41,1,40,21,4,6,6,6,1,6,6,6,6,3,5
2024,6,19,3,6,10,4,5,10,1,38,32,6,38,38,4,34,20,5,5,1,9,4,4,4,4,5,5,4
2024,6,19,4,7,6,6,4,9,1,37,30,7,37,37,2,35,19,6,6,1,9,2,4,4,4,5,3,6
2024,6,19,5,5,10,5,6,12,4,35,30,5,35,35,1,34,21,3,9,2,11,1,2,2,2,2,5,5
2024,6,19,6,5,8,1,3,18,3,35,30,5,35,35,6,29,23,2,9,3,9,6,4,4,4,3,4,1
2024,6,19,7,6,2,5,4,13,6,33,27,6,33,33,3,30,22,5,9,1,7,3,1,1,1,4,1,5
2024,6,19,8,7,12,5,6,8,3,37,30,7,37,37,1,36,19,5,5,2,8,1,5,5,5,2,6,5
2024,6,19,9,8,4,2,1,11,1,29,21,8,29,29,6,23,18,6,3,2,3,6,5,5,5,2,2,2
2024,6,19,10,8,6,2,4,8,1,26,18,8,26,26,1,25,15,3,2,5,5,1,2,2,2,4,3,2
2024,6,19,11,7,10,5,2,14,4,39,32,7,39,39,6,33,22,6,7,1,5,6,6,6,6,1,5,5
2024,6,20,0,2,6,1,4,13,4,27,25,2,27,27,2,25,18,1,10,1,10,2,2,2,2,3,3,1
2024,6,20,1,5,6,3,5,14,1,32,27,5,32,32,4,28,21,2,7,3,11,4,2,2,2,3,3,3
2024,6,20,2,3,12,4,1,13,2,33,30,3,33,33,4,29,16,2,8,1,7,4,4,4,4,3,6,4
2024,6,20,3,2,10,3,4,13,5,32,30,2,32,32,4,28,18,1,8,1,7,4,1,1,1,5,5,3
2024,6,20,4,8,4,2,5,15,2,37,29,8,37,37,4,33,24,4,7,4,10,4,6,6,6,3,2,2
2024,6,20,5,5,8,2,2,18,6,35,30,5,35,35,6,29,23,3,10,2,6,6,1,1,1,5,4,2
2024,6,20,6,7,10,3,2,13,3,34,27,7,34,34,3,31,20,5,8,2,7,3,2,2,2,4,5,3
2024,6,20,7,7,10,3,3,18,5,38,31,7,38,38,4,34,25,4,11,3,9,4,3,3,3,2,5,3
2024,6,20,8,2,2,5,3,6,3,25,23,2,25,25,1,24,10,1,4,1,4,1,3,3,3,6,1,5
2024,6,20,9,9,4,6,5,12,3,41,32,9,41,41,1,40,21,4,6,5,8,1,6,6,6,6,2,6
2024,6,20,10,9,4,3,6,10,1,32,23,9,32,32,2,30,22,6,5,3,10,2,4,4,4,1,2,3
2024,6,20,11,9,8,4,4,11,2,33,24,9,33,33,3,30,19,4,3,5,5,3,2,2,2,4,4,4
2024,6,21,0,7,10,5,4,14,3,39,32,7,39,39,4,35,21,3,6,4,7,4,5,5,5,3,5,5
2024,6,21,1,4,6,1,5,13,4,31,27,4,31,31,3,28,19,1,7,3,8,3,4,4,4,4,3,1
2024,6,21,2,9,4,1,2,13,4,32,23,9,32,32,4,28,21,6,6,3,4,4,6,6,6,2,2,1
2024,6,21,3,3,2,5,2,15,6,33,30,3,33,33,4,29,18,1,9,2,5,4,4,4,4,5,1,5
2024,6,21,4,8,2,2,1,15,3,28,20,8,28,28,4,24,19,3,6,5,4,4,1,1,1,5,1,2
2024,6,21,5,11,4,5,4,15,5,38,27,11,38,38,2,36,24,5,7,6,6,2,3,3,3,4,2,5
2024,6,21,6,8,10,3,2,11,1,33,25,8,33,33,2,31,15,2,3,6,4,2,4,4,4,6,5,3
2024,6,21,7,4,12,5,2,14,6,32,28,4,32,32,1,31,17,1,10,3,6,1,2,2,2,2,6,5
2024,6,21,8,9,4,1,1,20,2,34,25,9,34,34,6,28,24,3,8,6,7,6,1,1,1,6,2,1
2024,6,21,9,5,12,1,2,5,1,24,19,5,24,24,1,23,11,4,3,1,4,1,5,5,5,1,6,1
2024,6,21,10,6,6,4,1,6,3,26,20,6,26,26,1,25,12,5,4,1,2,1,3,3,3,4,3,4
2024,6,21,11,6,2,4,3,9,2,31,25,6,31,31,2,29,16,4,5,2,6,2,4,4,4,6,1,4
2024,6,22,0,9,10,5,1,17,3,44,35,9,44,44,5,39,24,6,9,3,7,5,5,5,5,5,5,5
2024,6,22,1,4,10,5,1,14,6,33,29,4,33,33,3,30,17,2,9,2,4,3,3,3,3,3,5,5
2024,6,22,2,8,10,4,1,7,1,31,23,8,31,31,1,30,13,5,3,3,3,1,4,4,4,5,5,4
2024,6,22,3,9,4,4,2,18,6,39,30,9,39,39,5,34,23,3,7,6,3,5,5,5,5,5,2,4
2024,6,22,4,8,4,1,6,11,1,33,25,8,33,33,3,30,23,6,6,2,11,3,4,4,4,3,2,1
2024,6,22,5,5,12,6,1,16,3,39,34,5,39,39,5,34,20,3,9,2,7,5,2,2,2,5,6,6
2024,6,22,6,7,2,3,5,7,1,28,21,7,28,28,1,27,18,6,5,1,9,1,5,5,5,1,1,3
2024,6,22,7,7,10,3,6,17,5,40,33,7,40,40,1,39,24,1,10,6,11,1,4,4,4,4,5,3
2024,6,22,8,6,8,2,2,9,3,29,23,6,29,29,3,26,16,5,5,1,4,3,2,2,2,5,4,2
2024,6,22,9,2,2,2,3,9,1,25,23,2,25,25,3,22,13,1,5,1,7,3,3,3,3,6,1,2
2024,6,22,10,3,2,2,1,13,4,26,23,3,26,26,6,20,16,2,6,1,3,6,2,2,2,5,1,2
2024,6,22,11,10,2,3,1,15,6,33,23,10,33,33,1,32,20,4,8,6,3,1,5,5,5,4,1,3
2024,6,23,0,11,8,5,2,14,1,33,22,11,33,33,5,28,22,6,4,5,5,5,1,1,1,1,4,5
2024,6,23,1,11,4,6,4,19,3,47,36,11,47,47,5,42,28,5,8,6,9,5,5,5,5,6,2,6
2024,6,23,2,4,2,1,6,16,4,38,34,4,38,38,6,32,25,3,9,1,11,6,6,6,6,5,1,1
2024,6,23,3,6,10,2,5,15,6,35,29,6,35,35,1,34,21,1,9,5,8,1,5,5,5,2,5,2
2024,6,23,4,6,12,1,3,15,4,32,26,6,32,32,4,28,19,1,6,5,5,4,3,3,3,3,6,1
2024,6,23,5,7,2,4,4,16,5,36,29,7,36,36,5,31,24,4,8,3,7,5,1,1,1,6,1,4
2024,6,23,6,4,6,6,4,8,1,34,30,4,34,34,4,30,15,3,3,1,6,4,6,6,6,4,3,6
2024,6,23,7,8,8,5,1,13,2,34,26,8,34,34,3,31,18,4,6,4,5,3,2,2,2,5,4,5
2024,6,23,8,6,10,4,2,18,3,40,34,6,40,40,6,34,23,3,9,3,8,6,6,6,6,2,5,4
2024,6,23,9,7,2,3,5,11,1,35,28,7,35,35,4,31,22,6,6,1,10,4,6,6,6,3,1,3
2024,6,23,10,5,2,5,5,11,3,32,27,5,32,32,1,31,19,3,8,2,10,1,4,4,4,3,1,5
2024,6,23,11,6,10,1,2,17,6,31,25,6,31,31,3,28,20,1,9,5,5,3,2,2,2,3,5,1
2024,6,24,0,7,6,5,1,11,1,25,18,7,25,25,1,24,15,3,6,4,6,1,1,1,1,1,3,5
2024,6,24,1,10,8,4,6,10,1,40,30,10,40,40,1,39,21,5,4,5,9,1,6,6,6,5,4,4
2024,6,24,2,5,8,5,3,11,4,34,29,5,34,34,3,31,17,3,6,2,5,3,4,4,4,4,4,5
2024,6,24,3,7,8,4,4,17,5,39,32,7,39,39,4,35,22,1,7,6,6,4,3,3,3,6,4,4
2024,6,24,4,3,2,4,2,11,3,30,27,3,30,30,4,26,15,2,6,1,5,4,4,4,4,6,1,4
2024,6,24,5,11,4,6,2,18,2,41,30,11,41,41,6,35,26,6,7,5,7,6,4,4,4,3,2,6
2024,6,24,6,9,10,6,1,13,3,39,30,9,39,39,2,37,20,6,8,3,6,2,3,3,3,5,5,6
2024,6,24,7,5,8,4,6,13,1,33,28,5,33,33,5,28,23,4,7,1,12,5,1,1,1,1,4,4
2024,6,24,8,6,2,2,3,17,6,37,31,6,37,37,5,32,22,2,8,4,5,5,6,6,6,6,1,2
2024,6,24,9,6,10,4,4,15,6,34,28,6,34,34,4,30,22,3,8,3,6,4,2,2,2,1,5,4
2024,6,24,10,6,4,3,2,16,5,31,25,6,31,31,5,26,20,2,7,4,4,5,4,4,4,2,2,3
2024,6,24,11,4,12,5,1,14,6,32,28,4,32,32,3,29,17,2,9,2,4,3,1,1,1,3,6,5
2024,6,25,0,7,6,4,2,10,1,35,28,7,35,35,1,34,16,4,6,3,7,1,6,6,6,6,3,4
2024,6,25,1,9,12,4,5,15,6,40,31,9,40,40,4,36,25,5,7,4,6,4,4,4,4,1,6,4
2024,6,25,2,9,10,2,3,14,5,38,29,9,38,38,1,37,23,6,10,3,8,1,5,5,5,3,5,2
2024,6,25,3,9,2,2,5,19,6,36,27,9,36,36,6,30,28,4,8,5,7,6,4,4,4,1,1,2
2024,6,25,4,4,6,1,4,14,6,30,26,4,30,30,2,28,20,2,10,2,8,2,3,3,3,3,3,1
2024,6,25,5,5,4,4,1,10,1,23,18,5,23,23,4,19,14,3,4,2,4,4,2,2,2,1,2,4
2024,6,25,6,6,2,4,5,13,3,31,25,6,31,31,6,25,22,4,5,2,7,6,2,2,2,2,1,4
2024,6,25,7,6,8,5,6,11,5,34,28,6,34,34,2,32,20,3,6,3,7,2,4,4,4,1,4,5
2024,6,25,8,7,10,6,3,19,5,42,35,7,42,42,5,37,24,2,9,5,7,5,5,5,5,2,5,6
2024,6,25,9,8,2,4,1,18,6,34,26,8,34,34,3,31,22,3,10,5,5,3,4,4,4,3,1,4
2024,6,25,10,6,12,6,6,11,2,43,37,6,43,43,3,40,22,5,7,1,11,3,4,4,4,5,6,6
2024,6,25,11,2,12,1,3,14,2,34,32,2,34,34,6,28,18,1,7,1,8,6,3,3,3,6,6,1
2024,6,26,0,4,8,6,5,11,1,38,34,4,38,38,2,36,18,2,7,2,11,2,6,6,6,4,4,6
2024,6,26,1,8,4,3,4,8,3,29,21,8,29,29,2,27,18,6,4,2,5,2,2,2,2,4,2,3
2024,6,26,2,9,12,6,3,17,3,43,34,9,43,43,5,38,24,4,7,5,7,5,3,3,3,4,6,6
2024,6,26,3,5,12,5,3,10,1,34,29,5,34,34,3,31,14,1,3,4,5,3,6,6,6,3,6,5
2024,6,26,4,9,6,3,1,15,5,32,23,9,32,32,4,28,20,4,6,5,2,4,3,3,3,3,3,3
2024,6,26,5,7,6,4,5,8,1,35,28,7,35,35,1,34,17,4,4,3,8,1,5,5,5,6,3,4
2024,6,26,6,4,10,5,2,15,4,35,31,4,35,35,3,32,18,1,9,3,7,3,1,1,1,6,5,5
2024,6,26,7,6,4,1,1,11,1,25,19,6,25,25,1,24,14,2,6,4,6,1,6,6,6,2,2,1
2024,6,26,8,2,8,5,5,18,6,44,42,2,44,44,5,39,24,1,12,1,11,5,5,5,5,6,4,5
2024,6,26,9,7,4,6,2,18,4,38,31,7,38,38,3,35,22,2,10,5,8,3,5,5,5,3,2,6
2024,6,26,10,6,2,1,2,18,6,34,28,6,34,34,5,29,25,5,12,1,8,5,5,5,5,2,1,1
2024,6,26,11,8,12,4,5,19,6,46,38,8,46,46,5,41,28,4,10,4,9,5,2,2,2,6,6,4
2024,6,27,0,9,12,4,3,14,5,38,29,9,38,38,1,37,23,6,10,3,8,1,1,1,1,4,6,4
2024,6,27,1,3,8,4,3,9,1,28,25,3,28,28,3,25,14,2,5,1,7,3,4,4,4,2,4,4
2024,6,27,2,8,12,5,5,15,1,37,29,8,37,37,4,33,23,3,6,5,10,4,1,1,1,2,6,5
2024,6,27,3,3,10,6,6,7,3,36,33,3,36,36,1,35,14,1,4,2,7,1,5,5,5,6,5,6
2024,6,27,4,2,8,1,5,17,5,35,33,2,35,35,5,30,23,1,11,1,11,5,5,5,5,2,4,1
2024,6,27,5,10,2,4,4,21,6,40,30,10,40,40,6,34,30,5,10,5,8,6,1,1,1,4,1,4
2024,6,27,6,9,6,6,4,15,3,41,32,9,41,41,3,38,25,6,9,3,10,3,1,1,1,6,3,6
2024,6,27,7,7,2,5,4,17,6,39,32,7,39,39,6,33,24,3,7,4,5,6,6,6,6,3,1,5
2024,6,27,8,5,12,6,3,15,1,38,33,5,38,38,6,32,19,1,5,4,7,6,3,3,3,4,6,6
2024,6,27,9,4,10,4,2,13,5,32,28,4,32,32,3,29,18,3,9,1,6,3,3,3,3,2,5,4
2024,6,27,10,12,12,1,3,15,1,42,30,12,42,42,5,37,24,6,4,6,6,5,6,6,6,5,6,1
2024,6,27,11,3,10,2,3,9,1,25,22,3,25,25,4,21,14,2,4,1,6,4,1,1,1,3,5,2
2024,6,28,0,9,8,1,5,14,5,33,24,9,33,33,3,30,24,5,7,4,7,3,1,1,1,3,4,1
2024,6,28,1,8,12,5,4,12,1,38,30,8,38,38,6,32,20,4,2,4,5,6,2,2,2,5,6,5
2024,6,28,2,7,12,1,5,14,4,37,30,7,37,37,3,34,20,1,5,6,6,3,6,6,6,4,6,1
2024,6,28,3,6,4,5,4,17,5,38,32,6,38,38,6,32,24,3,8,3,7,6,3,3,3,4,2,5
2024,6,28,4,6,2,3,4,13,4,32,26,6,32,32,1,31,20,3,9,3,9,1,5,5,5,3,1,3
2024,6,28,5,7,6,6,1,17,5,39,32,7,39,39,4,35,23,5,11,2,7,4,6,6,6,1,3,6
2024,6,28,6,9,6,4,5,19,6,43,34,9,43,43,3,40,27,3,10,6,9,3,5,5,5,4,3,4
2024,6,28,7,7,4,4,3,12,5,36,29,7,36,36,3,33,20,5,7,2,5,3,4,4,4,6,2,4
2024,6,28,8,9,2,2,5,20,6,39,30,9,39,39,5,34,28,3,9,6,8,5,5,5,5,3,1,2
2024,6,28,9,3,12,2,5,16,5,39,36,3,39,39,4,35,23,2,11,1,11,4,2,2,2,6,6,2
2024,6,28,10,3,12,6,1,11,3,30,27,3,30,30,3,27,13,1,6,2,4,3,2,2,2,3,6,6
2024,6,28,11,5,12,6,4,16,5,41,36,5,41,41,5,36,24,4,10,1,9,5,1,1,1,4,6,6
2024,6,29,0,7,10,2,2,14,3,32,25,7,32,32,1,31,18,2,8,5,7,1,3,3,3,4,5,2
2024,6,29,1,7,4,4,5,14,6,35,28,7,35,35,4,31,23,4,7,3,6,4,4,4,4,2,2,4
2024,6,29,2,10,2,1,2,15,5,28,18,10,28,28,2,26,21,4,7,6,4,2,4,4,4,1,1,1
2024,6,29,3,3,12,1,5,6,1,25,22,3,25,25,2,23,12,1,2,2,6,2,1,1,1,5,6,1
2024,6,29,4,8,4,6,4,12,1,32,24,8,32,32,2,30,18,2,4,6,7,2,1,1,1,5,2,6
2024,6,29,5,4,6,1,2,14,6,26,22,4,26,26,4,22,17,1,7,3,3,4,1,1,1,4,3,1
2024,6,29,6,4,12,1,6,12,2,31,27,4,31,31,5,26,19,1,4,3,8,5,4,4,4,1,6,1
2024,6,29,7,8,4,4,2,15,5,35,27,8,35,35,3,32,21,4,8,4,5,3,2,2,2,6,2,4
2024,6,29,8,9,4,5,6,18,6,45,36,9,45,45,4,41,27,3,8,6,8,4,5,5,5,6,2,5
2024,6,29,9,6,2,5,4,13,2,32,26,6,32,32,3,29,18,1,5,5,7,3,6,6,6,2,1,5
2024,6,29,10,2,10,3,3,11,2,34,32,2,34,34,4,30,15,1,6,1,7,4,6,6,6,5,5,3
2024,6,29,11,8,12,1,4,13,3,36,28,8,36,36,6,30,23,6,5,2,6,6,3,3,3,3,6,1
2024,6,30,0,8,4,3,5,16,4,43,35,8,43,43,5,38,26,5,8,3,9,5,6,6,6,6,2,3
2024,6,30,1,6,6,1,4,19,6,38,32,6,38,38,5,33,26,3,11,3,9,5,6,6,6,2,3,1
2024,6,30,2,3,6,1,6,16,4,36,33,3,36,36,5,31,23,1,9,2,11,5,5,5,5,4,3,1
2024,6,30,3,8,8,4,6,16,3,43,35,8,43,43,6,37,28,6,8,2,11,6,5,5,5,2,4,4
2024,6,30,4,9,4,1,2,11,4,29,20,9,29,29,2,27,19,6,6,3,4,2,1,1,1,6,2,1
2024,6,30,5,5,2,3,6,13,2,33,28,5,33,33,5,28,20,1,4,4,8,5,4,4,4,5,1,3
2024,6,30,6,9,8,5,6,17,5,44,35,9,44,44,5,39,27,4,7,5,8,5,3,3,3,5,4,5
2024,6,30,7,2,6,6,4,15,4,35,33,2,35,35,6,29,20,1,8,1,8,6,3,3,3,3,3,6
2024,6,30,8,6,10,6,5,13,4,38,32,6,38,38,6,32,22,4,5,2,6,6,2,2,2,3,5,6
2024,6,30,9,8,6,6,2,20,4,41,33,8,41,41,6,35,26,4,10,4,8,6,4,4,4,2,3,6
2024,6,30,10,5,6,2,1,16,4,36,31,5,36,36,5,31,19,2,8,3,5,5,6,6,6,6,3,2
2024,6,30,11,2,12,4,3,17,6,38,36,2,38,38,5,33,21,1,11,1,8,5,6,6,6,1,6,4
2024,7,1,0,10,8,2,5,18,3,44,34,10,44,44,5,39,28,5,8,5,10,5,5,5,5,5,4,2
2024,7,1,1,7,12,3,2,13,1,38,31,7,38,38,1,37,17,2,7,5,8,1,6,6,6,6,6,3
2024,7,1,2,9,8,4,6,13,5,35,26,9,35,35,1,34,22,3,6,6,7,1,4,4,4,1,4,4
2024,7,1,3,6,6,3,2,16,3,37,31,6,37,37,6,31,22,4,8,2,7,6,6,6,6,3,3,3
2024,7,1,4,2,2,2,2,9,3,22,20,2,22,22,1,21,12,1,7,1,6,1,1,1,1,6,1,2
2024,7,1,5,10,8,6,5,17,6,44,34,10,44,44,4,40,26,4,7,6,6,4,3,3,3,5,4,6
2024,7,1,6,5,12,2,5,18,3,36,31,5,36,36,5,31,24,1,9,4,11,5,2,2,2,2,6,2
2024,7,1,7,11,12,4,2,19,4,43,32,11,43,43,6,37,27,6,8,5,6,6,3,3,3,3,6,4
2024,7,1,8,11,4,5,2,13,4,33,22,11,33,33,2,31,20,5,5,6,3,2,1,1,1,5,2,5
2024,7,1,9,5,10,3,6,13,2,37,32,5,37,37,2,35,21,2,8,3,12,2,2,2,2,6,5,3
2024,7,1,10,5,8,1,6,11,3,29,24,5,29,29,1,28,18,1,6,4,9,1,4,4,4,2,4,1
2024,7,1,11,9,8,6,2,15,6,38,29,9,38,38,5,33,23,6,7,3,3,5,4,4,4,1,4,6
2024,7,2,0,6,4,6,6,12,1,35,29,6,35,35,5,30,22,4,5,2,10,5,3,3,3,2,2,6
2024,7,2,1,10,8,6,5,18,6,41,31,10,41,41,1,40,28,5,12,5,11,1,2,2,2,1,4,6
2024,7,2,2,10,4,1,1,10,1,24,14,10,24,24,3,21,16,5,2,5,2,3,3,3,3,2,2,1
2024,7,2,3,7,10,6,3,11,1,37,30,7,37,37,4,33,19,5,5,2,7,4,2,2,2,5,5,6
2024,7,2,4,10,10,5,3,17,6,41,31,10,41,41,3,38,24,4,8,6,5,3,3,3,3,4,5,5
2024,7,2,5,7,6,5,4,10,1,33,26,7,33,33,1,32,15,1,3,6,6,1,5,5,5,5,3,5
2024,7,2,6,8,2,3,4,17,5,32,24,8,32,32,4,28,23,2,7,6,6,4,4,4,4,1,1,3
2024,7,2,7,7,2,3,2,14,1,25,18,7,25,25,3,22,17,1,5,6,6,3,3,3,3,1,1,3
2024,7,2,8,6,6,3,2,17,6,36,30,6,36,36,5,31,21,2,8,4,4,5,4,4,4,5,3,3
2024,7,2,9,6,6,5,5,13,1,38,32,6,38,38,4,34,20,2,5,4,9,4,4,4,4,6,3,5
2024,7,2,10,6,8,4,4,14,1,34,28,6,34,34,4,30,21,3,7,3,10,4,3,3,3,2,4,4
2024,7,2,11,12,2,3,3,23,5,46,34,12,46,46,6,40,32,6,11,6,9,6,6,6,6,4,1,3
2024,7,3,0,6,4,6,6,12,6,35,29,6,35,35,3,32,23,5,8,1,8,3,1,1,1,3,2,6
2024,7,3,1,7,12,5,5,11,5,40,33,7,40,40,3,37,22,6,7,1,7,3,3,3,3,4,6,5
2024,7,3,2,10,4,5,1,15,3,38,28,10,38,38,4,34,21,5,6,5,4,4,6,6,6,4,2,5
2024,7,3,3,6,2,3,3,8,2,28,22,6,28,28,3,25,15,4,3,2,4,3,6,6,6,3,1,3
2024,7,3,4,7,12,3,6,18,6,47,40,7,47,47,5,42,29,5,11,2,11,5,5,5,5,4,6,3
2024,7,3,5,9,10,1,6,13,2,34,25,9,34,34,4,30,23,4,4,5,8,4,3,3,3,2,5,1
2024,7,3,6,3,10,5,5,12,2,32,29,3,32,32,4,28,18,1,6,2,9,4,1,1,1,3,5,5
2024,7,3,7,8,2,4,4,17,5,30,22,8,30,30,5,25,23,2,6,6,5,5,1,1,1,1,1,4
2024,7,3,8,9,8,2,3,12,1,28,19,9,28,28,1,27,20,5,7,4,9,1,1,1,1,1,4,2
2024,7,3,9,7,4,1,3,7,2,25,18,7,25,25,1,24,16,6,5,1,6,1,3,3,3,3,2,1
2024,7,3,10,3,2,4,2,14,3,27,24,3,27,27,4,23,17,1,8,2,7,4,2,2,2,3,1,4
2024,7,3,11,9,6,4,2,17,4,37,28,9,37,37,5,32,22,3,6,6,4,5,2,2,2,6,3,4
2024,7,4,0,8,12,2,1,12,6,31,23,8,31,31,1,30,17,4,7,4,2,1,4,4,4,2,6,2
2024,7,4,1,5,8,5,5,17,4,43,38,5,43,43,4,39,24,2,10,3,11,4,6,6,6,4,4,5
2024,7,4,2,4,2,5,3,12,1,34,30,4,34,34,6,28,17,2,4,2,6,6,5,5,5,6,1,5
2024,7,4,3,9,2,4,3,13,1,26,17,9,26,26,3,23,19,3,4,6,6,3,1,1,1,1,1,4
2024,7,4,4,8,4,1,5,14,3,33,25,8,33,33,4,29,23,4,6,4,8,4,3,3,3,4,2,1
2024,7,4,5,7,2,2,2,15,4,31,24,7,31,31,4,27,23,6,10,1,8,4,1,1,1,4,1,2
2024,7,4,6,8,6,2,3,16,5,30,22,8,30,30,2,28,21,2,8,6,6,2,1,1,1,3,3,2
2024,7,4,7,8,6,3,6,15,5,36,28,8,36,36,1,35,23,2,8,6,9,1,5,5,5,2,3,3
2024,7,4,8,7,8,2,2,9,2,29,22,7,29,29,1,28,16,5,6,2,6,1,4,4,4,3,4,2
2024,7,4,9,7,4,3,3,18,5,34,27,7,34,34,5,29,23,2,8,5,6,5,2,2,2,4,2,3
2024,7,4,10,9,4,3,1,22,6,38,29,9,38,38,5,33,26,3,11,6,6,5,1,1,1,6,2,3
2024,7,4,11,6,10,2,5,6,1,29,23,6,29,29,1,28,15,4,3,2,7,1,5,5,5,2,5,2
2024,7,5,0,8,10,5,1,12,3,30,22,8,30,30,2,28,17,4,6,4,4,2,2,2,2,1,5,5
2024,7,5,1,9,10,4,5,15,2,41,32,9,41,41,6,35,25,5,5,4,8,6,4,4,4,3,5,4
2024,7,5,2,10,10,4,3,18,3,42,32,10,42,42,4,38,25,4,8,6,8,4,3,3,3,5,5,4
2024,7,5,3,4,2,2,3,10,1,26,22,4,26,26,3,23,14,1,4,3,6,3,6,6,6,3,1,2
2024,7,5,4,9,12,1,2,17,2,32,23,9,32,32,3,29,22,3,8,6,8,3,1,1,1,2,6,1
2024,7,5,5,6,4,6,2,11,2,34,28,6,34,34,2,32,17,4,7,2,7,2,6,6,6,3,2,6
2024,7,5,6,10,2,2,5,17,1,40,30,10,40,40,6,34,27,5,6,5,10,6,5,5,5,5,1,2
2024,7,5,7,2,8,6,4,15,5,36,34,2,36,36,5,31,20,1,9,1,8,5,4,4,4,2,4,6
2024,7,5,8,9,8,5,5,16,4,39,30,9,39,39,4,35,26,5,8,4,9,4,3,3,3,1,4,5
2024,7,5,9,6,12,4,2,10,3,33,27,6,33,33,2,31,17,5,7,1,6,2,1,1,1,5,6,4
2024,7,5,10,7,4,6,1,17,5,33,26,7,33,33,5,28,20,2,7,5,3,5,1,1,1,4,2,6
2024,7,5,11,5,10,3,6,17,3,44,39,5,44,44,6,38,24,1,7,4,10,6,6,6,6,6,5,3
2024,7,6,0,7,8,6,3,14,6,38,31,7,38,38,3,35,23,6,10,1,7,3,2,2,2,3,4,6
2024,7,6,1,5,8,6,5,19,6,41,36,5,41,41,4,37,26,2,12,3,11,4,2,2,2,3,4,6
2024,7,6,2,7,4,2,2,9,4,27,20,7,27,27,2,25,16,5,5,2,3,2,4,4,4,3,2,2
2024,7,6,3,5,10,1,3,13,1,36,31,5,36,36,5,31,20,4,7,1,9,5,6,6,6,4,5,1
2024,7,6,4,7,10,2,4,13,2,29,22,7,29,29,3,26,18,1,4,6,6,3,1,1,1,3,5,2
2024,7,6,5,8,2,6,1,22,6,42,34,8,42,42,6,36,26,3,11,5,6,6,5,5,5,4,1,6
2024,7,6,6,12,8,5,4,16,3,42,30,12,42,42,5,37,26,6,5,6,6,5,3,3,3,4,4,5
2024,7,6,7,6,10,1,1,14,6,33,27,6,33,33,5,28,20,5,8,1,3,5,2,2,2,5,5,1
2024,7,6,8,12,4,6,1,14,1,37,25,12,37,37,1,36,21,6,7,6,7,1,6,6,6,2,2,6
2024,7,6,9,8,10,2,3,16,6,35,27,8,35,35,4,31,24,5,9,3,6,4,2,2,2,2,5,2
2024,7,6,10,10,10,3,4,18,3,42,32,10,42,42,5,37,27,5,8,5,9,5,2,2,2,5,5,3
2024,7,6,11,10,12,4,4,13,3,40,30,10,40,40,3,37,21,4,4,6,5,3,5,5,5,4,6,4
2024,7,7,0,8,12,2,1,9,2,31,23,8,31,31,1,30,16,6,6,2,5,1,2,2,2,5,6,2
2024,7,7,1,10,12,2,6,10,2,32,22,10,32,32,2,30,21,5,3,5,7,2,1,1,1,2,6,2
2024,7,7,2,12,6,2,6,17,3,43,31,12,43,43,4,39,29,6,7,6,10,4,6,6,6,3,3,2
2024,7,7,3,12,10,6,4,20,6,46,34,12,46,46,4,42,30,6,10,6,8,4,3,3,3,2,5,6
2024,7,7,4,6,8,1,4,15,3,34,28,6,34,34,4,30,21,2,7,4,8,4,3,3,3,5,4,1
2024,7,7,5,4,10,5,2,14,4,39,35,4,39,39,3,36,18,2,9,2,7,3,6,6,6,5,5,5
2024,7,7,6,8,12,1,2,19,6,39,31,8,39,39,5,34,25,4,10,4,6,5,3,3,3,4,6,1
2024,7,7,7,3,8,6,6,13,3,39,36,3,39,39,2,37,20,1,9,2,12,2,4,4,4,5,4,6
2024,7,7,8,5,2,5,6,12,3,32,27,5,32,32,2,30,20,2,7,3,10,2,1,1,1,5,1,5
2024,7,7,9,7,6,4,6,13,1,35,28,7,35,35,5,30,20,1,2,6,7,5,2,2,2,6,3,4
2024,7,7,10,6,12,2,1,12,4,30,24,6,30,30,3,27,15,2,5,4,2,3,6,6,6,1,6,2
2024,7,7,11,9,6,2,4,7,1,29,20,9,29,29,2,27,17,6,2,3,5,2,6,6,6,1,3,2
2024,7,8,0,7,2,2,2,11,3,30,23,7,30,30,4,26,19,6,6,1,5,4,5,5,5,3,1,2
2024,7,8,1,10,8,4,2,14,1,36,26,10,36,36,6,30,20,4,2,6,3,6,2,2,2,6,4,4
2024,7,8,2,4,6,1,3,12,3,27,23,4,27,27,3,24,16,1,6,3,6,3,4,4,4,3,3,1
2024,7,8,3,11,8,6,5,12,1,40,29,11,40,40,1,39,23,6,6,5,10,1,3,3,3,4,4,6
2024,7,8,4,6,10,3,3,12,3,34,28,6,34,34,2,32,18,3,7,3,7,2,5,5,5,3,5,3
2024,7,8,5,10,8,3,6,20,6,47,37,10,47,47,6,41,31,5,9,5,9,6,3,3,3,6,4,3
2024,7,8,6,9,4,2,3,18,5,33,24,9,33,33,3,30,24,3,9,6,7,3,2,2,2,3,2,2
2024,7,8,7,3,12,2,1,12,5,35,32,3,35,35,5,30,15,2,6,1,2,5,6,6,6,6,6,2
2024,7,8,8,9,4,2,1,16,4,28,19,9,28,28,3,25,20,3,7,6,4,3,3,3,3,1,2,2
2024,7,8,9,9,4,1,4,16,1,30,21,9,30,30,5,25,25,5,7,4,10,5,1,1,1,1,2,1
2024,7,8,10,8,10,1,6,9,5,33,25,8,33,33,1,32,21,6,6,2,7,1,5,5,5,1,5,1
2024,7,8,11,6,4,3,1,15,4,31,25,6,31,31,5,26,17,1,5,5,2,5,3,3,3,6,2,3
2024,7,9,0,8,6,1,3,17,2,38,30,8,38,38,6,32,24,4,7,4,8,6,5,5,5,5,3,1
2024,7,9,1,6,6,5,2,9,2,32,26,6,32,32,4,28,16,5,4,1,4,4,2,2,2,6,3,5
2024,7,9,2,11,4,5,2,14,2,35,24,11,35,35,6,29,22,6,3,5,3,6,1,1,1,5,2,5
2024,7,9,3,10,8,6,3,15,4,40,30,10,40,40,4,36,23,5,6,5,5,4,4,4,4,3,4,6
2024,7,9,4,7,2,2,6,10,2,32,25,7,32,32,3,29,22,6,6,1,10,3,5,5,5,2,1,2
2024,7,9,5,7,8,6,1,16,5,37,30,7,37,37,3,34,19,2,8,5,4,3,3,3,3,5,4,6
2024,7,9,6,6,12,2,5,13,2,38,32,6,38,38,1,37,19,1,7,5,10,1,5,5,5,6,6,2
2024,7,9,7,7,2,4,1,19,3,34,27,7,34,34,5,29,22,2,9,5,7,5,2,2,2,5,1,4
2024,7,9,8,4,12,6,6,11,2,37,33,4,37,37,6,31,19,2,3,2,7,6,2,2,2,4,6,6
2024,7,9,9,10,2,3,3,19,5,39,29,10,39,39,6,33,26,4,7,6,5,6,5,5,5,4,1,3
2024,7,9,10,5,2,5,5,17,5,38,33,5,38,38,5,33,25,3,10,2,10,5,1,1,1,6,1,5
2024,7,9,11,9,4,5,4,18,4,39,30,9,39,39,3,36,25,3,9,6,9,3,5,5,5,2,2,5
2024,7,10,0,4,6,5,3,11,3,32,28,4,32,32,3,29,16,2,6,2,6,3,3,3,3,5,3,5
2024,7,10,1,10,4,1,2,18,3,35,25,10,35,35,5,30,24,4,7,6,6,5,6,6,6,2,2,1
2024,7,10,2,7,2,3,2,14,3,31,24,7,31,31,6,25,21,5,6,2,5,6,2,2,2,4,1,3
2024,7,10,3,6,6,4,4,15,1,31,25,6,31,31,5,26,22,3,7,3,10,5,1,1,1,1,3,4
2024,7,10,4,6,2,1,4,13,2,29,23,6,29,29,3,26,19,2,6,4,8,3,2,2,2,6,1,1
2024,7,10,5,5,8,5,4,11,1,40,35,5,40,40,6,34,19,4,4,1,7,6,6,6,6,6,4,5
2024,7,10,6,11,4,3,4,19,3,39,28,11,39,39,4,35,28,5,9,6,10,4,2,2,2,4,2,3
2024,7,10,7,8,8,6,5,11,5,34,26,8,34,34,1,33,22,6,8,2,8,1,1,1,1,1,4,6
2024,7,10,8,6,10,3,3,14,1,33,27,6,33,33,6,27,22,5,7,1,9,6,1,1,1,2,5,3
2024,7,10,9,5,8,6,6,13,3,36,31,5,36,36,5,31,22,3,6,2,9,5,3,3,3,1,4,6
2024,7,10,10,9,10,5,4,20,6,43,34,9,43,43,6,37,27,3,8,6,6,6,3,3,3,3,5,5
2024,7,10,11,8,6,6,5,11,3,35,27,8,35,35,2,33,21,5,6,3,8,2,3,3,3,2,3,6
2024,7,11,0,7,8,5,4,13,2,40,33,7,40,40,1,39,19,2,7,5,9,1,6,6,6,6,4,5
2024,7,11,1,7,10,4,6,14,5,38,31,7,38,38,1,37,25,5,11,2,12,1,3,3,3,1,5,4
2024,7,11,2,11,2,6,3,13,1,40,29,11,40,40,4,36,21,5,3,6,5,4,6,6,6,6,1,6
2024,7,11,3,3,6,3,1,14,5,27,24,3,27,27,5,22,17,2,8,1,4,5,2,2,2,2,3,3
2024,7,11,4,6,8,1,2,15,6,31,25,6,31,31,4,27,22,5,10,1,6,4,3,3,3,1,4,1
2024,7,11,5,5,6,4,5,15,2,38,33,5,38,38,6,32,22,2,6,3,9,6,3,3,3,6,3,4
2024,7,11,6,5,8,3,1,13,5,30,25,5,30,30,4,26,16,2,6,3,2,4,2,2,2,5,4,3
2024,7,11,7,10,2,1,4,18,5,34,24,10,34,34,5,29,26,4,7,6,6,5,5,5,5,1,1,1
2024,7,11,8,4,6,3,4,14,4,33,29,4,33,33,6,27,19,1,5,3,5,6,3,3,3,5,3,3
2024,7,11,9,5,12,4,4,15,4,41,36,5,41,41,6,35,21,2,6,3,6,6,6,6,6,4,6,4
2024,7,11,10,7,2,2,6,10,3,34,27,7,34,34,3,31,21,5,5,2,8,3,5,5,5,5,1,2
2024,7,11,11,4,4,4,3,11,2,33,29,4,33,33,4,29,15,1,4,3,5,4,6,6,6,6,2,4
2024,7,12,0,4,8,4,1,10,2,30,26,4,30,30,4,26,13,2,4,2,3,4,4,4,4,5,4,4
2024,7,12,1,9,2,1,4,15,4,30,21,9,30,30,4,26,23,4,6,5,6,4,2,2,2,3,1,1
2024,7,12,2,7,8,5,4,18,5,44,37,7,44,44,5,39,27,5,11,2,10,5,4,4,4,4,4,5
2024,7,12,3,10,2,4,4,13,4,38,28,10,38,38,3,35,23,6,6,4,6,3,4,4,4,6,1,4
2024,7,12,4,8,12,3,3,17,5,40,32,8,40,40,4,36,25,5,10,3,8,4,1,1,1,5,6,3
2024,7,12,5,6,10,1,2,13,3,31,25,6,31,31,5,26,20,5,7,1,6,5,3,3,3,2,5,1
2024,7,12,6,8,10,6,4,14,1,40,32,8,40,40,5,35,24,6,7,2,10,5,4,4,4,1,5,6
2024,7,12,7,11,10,5,5,16,5,43,32,11,43,43,1,42,26,5,9,6,9,1,3,3,3,4,5,5
2024,7,12,8,9,4,3,3,13,6,38,29,9,38,38,2,36,21,5,7,4,4,2,6,6,6,6,2,3
2024,7,12,9,7,6,1,5,11,6,36,29,7,36,36,2,34,22,6,8,1,7,2,4,4,4,6,3,1
2024,7,12,10,7,10,4,5,17,3,44,37,7,44,44,5,39,26,4,9,3,11,5,5,5,5,4,5,4
2024,7,12,11,10,2,1,4,14,2,27,17,10,27,27,5,22,22,4,3,6,5,5,1,1,1,2,1,1
2024,7,13,0,9,12,6,4,12,3,46,37,9,46,46,5,41,22,6,4,3,5,5,6,6,6,6,6,6
2024,7,13,1,11,10,6,1,21,6,50,39,11,50,50,6,44,28,6,10,5,5,6,5,5,5,6,5,6
2024,7,13,2,12,6,2,6,13,2,39,27,12,39,39,4,35,25,6,3,6,7,4,6,6,6,3,3,2
2024,7,13,3,7,12,5,1,14,4,37,30,7,37,37,3,34,16,1,5,6,2,3,4,4,4,6,6,5
2024,7,13,4,6,8,1,4,18,3,30,24,6,30,30,6,24,23,1,7,5,8,6,1,1,1,1,4,1
2024,7,13,5,5,6,4,3,9,2,29,24,5,29,29,4,25,15,3,3,2,4,4,3,3,3,4,3,4
2024,7,13,6,9,4,3,2,11,1,29,20,9,29,29,4,25,19,6,4,3,5,4,3,3,3,2,2,3
2024,7,13,7,8,12,5,1,16,4,36,28,8,36,36,3,33,19,2,7,6,4,3,3,3,3,3,6,5
2024,7,13,8,7,6,5,4,17,4,37,30,7,37,37,1,36,22,1,10,6,10,1,2,2,2,5,3,5
2024,7,13,9,8,12,1,4,15,2,36,28,8,36,36,2,34,21,2,7,6,9,2,5,5,5,3,6,1
2024,7,13,10,9,10,4,5,13,4,44,35,9,44,44,3,41,23,5,6,4,7,3,6,6,6,6,5,4
2024,7,13,11,4,12,2,4,9,2,32,28,4,32,32,5,27,16,3,3,1,5,5,5,5,5,3,6,2
2024,7,14,0,2,8,5,4,14,3,36,34,2,36,36,5,31,19,1,8,1,9,5,5,5,5,3,4,5
2024,7,14,1,7,10,6,1,17,6,39,32,7,39,39,5,34,21,3,8,4,3,5,4,4,4,3,5,6
2024,7,14,2,12,6,4,4,18,6,43,31,12,43,43,2,41,28,6,10,6,8,2,6,6,6,2,3,4
2024,7,14,3,7,8,2,5,13,3,30,23,7,30,30,1,29,19,1,6,6,8,1,2,2,2,3,4,2
2024,7,14,4,7,6,3,3,9,2,26,19,7,26,26,1,25,17,5,6,2,7,1,1,1,1,2,3,3
2024,7,14,5,9,10,5,2,16,5,37,28,9,37,37,5,32,24,6,8,3,5,5,2,2,2,1,5,5
2024,7,14,6,6,8,2,3,14,1,28,22,6,28,28,5,23,20,3,6,3,8,5,1,1,1,1,4,2
2024,7,14,7,11,12,6,5,18,4,44,33,11,44,44,5,39,29,6,8,5,9,5,2,2,2,1,6,6
2024,7,14,8,7,4,6,2,15,4,34,27,7,34,34,5,29,19,2,5,5,3,5,6,6,6,1,2,6
2024,7,14,9,5,6,6,6,12,1,41,36,5,41,41,3,38,20,2,6,3,11,3,6,6,6,6,3,6
2024,7,14,10,8,6,4,6,13,3,40,32,8,40,40,2,38,25,6,9,2,12,2,6,6,6,2,3,4
2024,7,14,11,2,4,5,6,13,4,33,31,2,33,33,4,29,20,1,8,1,10,4,4,4,4,2,2,5
2024,7,15,0,6,12,4,5,14,4,40,34,6,40,40,1,39,22,3,10,3,11,1,2,2,2,6,6,4
2024,7,15,1,8,6,3,3,10,1,32,24,8,32,32,6,26,19,6,2,2,4,6,1,1,1,6,3,3
2024,7,15,2,5,2,1,1,12,6,26,21,5,26,26,1,25,15,2,8,3,3,1,3,3,3,6,1,1
2024,7,15,3,6,12,2,3,16,2,36,30,6,36,36,6,30,20,1,5,5,6,6,5,5,5,3,6,2
2024,7,15,4,7,6,2,4,11,1,30,23,7,30,30,4,26,19,4,4,3,7,4,3,3,3,3,3,2
2024,7,15,5,7,12,5,3,12,1,36,29,7,36,36,5,31,20,5,5,2,7,5,3,3,3,2,6,5
2024,7,15,6,8,4,4,6,19,6,41,33,8,41,41,6,35,28,3,8,5,8,6,2,2,2,5,2,4
2024,7,15,7,11,6,4,3,15,3,34,23,11,34,34,2,32,24,6,8,5,8,2,2,2,2,1,3,4
2024,7,15,8,11,8,2,3,13,1,34,23,11,34,34,6,28,22,6,2,5,4,6,1,1,1,5,4,2
2024,7,15,9,4,10,3,5,14,6,36,32,4,36,36,4,32,21,2,8,2,7,4,4,4,4,3,5,3
2024,7,15,10,7,10,1,6,17,5,34,27,7,34,34,4,30,24,1,7,6,8,4,2,2,2,2,5,1
2024,7,15,11,3,4,1,6,9,3,29,26,3,29,29,1,28,17,2,7,1,10,1,4,4,4,5,2,1
2024,7,16,0,12,12,3,6,10,1,40,28,12,40,40,1,39,22,6,3,6,8,1,4,4,4,5,6,3
2024,7,16,1,4,4,1,5,5,1,21,17,4,21,21,1,20,12,2,2,2,6,1,3,3,3,3,2,1
2024,7,16,2,7,6,3,1,15,4,35,28,7,35,35,3,32,21,5,10,2,7,3,4,4,4,4,3,3
2024,7,16,3,8,6,6,4,12,1,33,25,8,33,33,3,30,18,2,3,6,6,3,2,2,2,4,3,6
2024,7,16,4,6,8,3,3,15,5,31,25,6,31,31,2,29,21,3,10,3,8,2,2,2,2,1,4,3
2024,7,16,5,5,12,6,6,14,2,37,32,5,37,37,3,34,21,1,7,4,11,3,1,1,1,3,6,6
2024,7,16,6,9,2,3,3,13,6,35,26,9,35,35,2,33,21,5,7,4,4,2,4,4,4,6,1,3
2024,7,16,7,10,4,1,4,17,3,37,27,10,37,37,6,31,27,6,7,4,8,6,6,6,6,1,2,1
2024,7,16,8,6,6,1,1,12,4,29,23,6,29,29,5,24,17,4,5,2,2,5,3,3,3,5,3,1
2024,7,16,9,12,12,5,4,15,1,47,35,12,47,47,2,45,25,6,7,6,10,2,5,5,5,6,6,5
2024,7,16,10,7,8,4,6,15,1,40,33,7,40,40,6,34,23,2,4,5,9,6,6,6,6,3,4,4
2024,7,16,11,9,10,5,4,11,2,31,22,9,31,31,1,30,19,4,5,5,7,1,1,1,1,1,5,5
2024,7,17,0,3,4,1,5,11,2,29,26,3,29,29,1,28,17,1,8,2,11,1,4,4,4,5,2,1
2024,7,17,1,8,6,1,5,13,1,29,21,8,29,29,2,27,21,3,6,5,10,2,1,1,1,3,3,1
2024,7,17,2,7,10,6,1,16,5,42,35,7,42,42,3,39,21,4,10,3,6,3,6,6,6,4,5,6
2024,7,17,3,9,4,2,4,12,3,29,20,9,29,29,2,27,22,6,7,3,8,2,1,1,1,2,2,2
2024,7,17,4,6,12,2,6,11,3,34,28,6,34,34,5,29,21,4,4,2,7,5,2,2,2,3,6,2
2024,7,17,5,9,6,5,1,17,1,41,32,9,41,41,5,36,22,4,7,5,7,5,6,6,6,5,3,5
2024,7,17,6,5,12,3,4,14,2,31,26,5,31,31,3,28,20,2,8,3,10,3,1,1,1,1,6,3
2024,7,17,7,11,6,1,6,19,4,42,31,11,42,42,4,38,31,6,10,5,12,4,3,3,3,4,3,1
2024,7,17,8,9,6,6,1,15,4,37,28,9,37,37,1,36,19,3,8,6,5,1,5,5,5,4,3,6
2024,7,17,9,7,8,1,1,14,3,30,23,7,30,30,6,24,20,5,6,2,4,6,3,3,3,2,4,1
2024,7,17,10,5,8,3,4,14,2,32,27,5,32,32,4,28,19,1,6,4,8,4,4,4,4,2,4,3
2024,7,17,11,2,6,6,5,14,4,36,34,2,36,36,3,33,20,1,10,1,11,3,5,5,5,2,3,6
2024,7,18,0,3,10,1,2,14,2,30,27,3,30,30,6,24,17,1,6,2,6,6,2,2,2,5,5,1
2024,7,18,1,6,10,3,5,8,3,36,30,6,36,36,1,35,17,4,5,2,7,1,6,6,6,5,5,3
2024,7,18,2,2,12,5,4,6,2,28,26,2,28,28,1,27,11,1,4,1,6,1,2,2,2,4,6,5
2024,7,18,3,7,2,6,2,8,1,25,18,7,25,25,1,24,14,4,4,3,5,1,3,3,3,1,1,6
2024,7,18,4,2,6,4,1,12,5,32,30,2,32,32,2,30,14,1,9,1,5,2,5,5,5,6,3,4
2024,7,18,5,5,10,4,4,9,3,32,27,5,32,32,3,29,16,3,4,2,5,3,4,4,4,3,5,4
2024,7,18,6,8,4,4,5,9,1,33,25,8,33,33,1,32,17,3,3,5,7,1,5,5,5,5,2,4
2024,7,18,7,4,4,5,5,8,3,28,24,4,28,28,1,27,14,1,4,3,6,1,2,2,2,5,2,5
2024,7,18,8,8,12,3,6,20,3,46,38,8,46,46,5,41,28,2,9,6,12,5,5,5,5,4,6,3
2024,7,18,9,9,2,2,2,14,3,32,23,9,32,32,4,28,21,5,6,4,5,4,5,5,5,3,1,2
2024,7,18,10,12,10,3,6,18,2,47,35,12,47,47,5,42,30,6,7,6,11,5,6,6,6,3,5,3
2024,7,18,11,10,2,4,4,11,1,31,21,10,31,31,3,28,19,4,2,6,5,3,5,5,5,2,1,4
2024,7,19,0,4,4,2,3,11,1,29,25,4,29,29,4,25,16,2,5,2,7,4,4,4,4,5,2,2
2024,7,19,1,7,10,6,6,12,4,37,30,7,37,37,1,36,21,3,7,4,9,1,2,2,2,3,5,6
2024,7,19,2,11,8,3,2,19,6,39,28,11,39,39,4,35,26,5,9,6,5,4,4,4,4,2,4,3
2024,7,19,3,3,12,3,6,14,2,41,38,3,41,41,4,37,21,1,8,2,12,4,5,5,5,6,6,3
2024,7,19,4,7,6,4,6,14,1,34,27,7,34,34,4,30,22,2,5,5,10,4,4,4,4,1,3,4
2024,7,19,5,9,2,5,3,15,2,37,28,9,37,37,5,32,24,6,7,3,8,5,2,2,2,5,1,5
2024,7,19,6,5,2,5,3,12,5,35,30,5,35,35,3,32,19,4,8,1,6,3,4,4,4,6,1,5
2024,7,19,7,7,4,3,2,13,2,31,24,7,31,31,6,25,20,5,5,2,5,6,3,3,3,3,2,3
2024,7,19,8,9,4,1,6,14,6,38,29,9,38,38,2,36,25,5,8,4,8,2,5,5,5,5,2,1
2024,7,19,9,7,8,1,6,17,5,37,30,7,37,37,3,34,26,3,10,4,11,3,4,4,4,2,4,1
2024,7,19,10,9,8,2,3,14,1,31,22,9,31,31,4,27,22,5,6,4,8,4,1,1,1,2,4,2
2024,7,19,11,9,4,6,2,18,6,39,30,9,39,39,5,34,23,3,7,6,3,5,3,3,3,5,2,6
2024,7,20,0,6,12,1,5,15,5,34,28,6,34,34,4,30,21,1,6,5,6,4,5,5,5,1,6,1
2024,7,20,1,6,10,4,4,18,2,39,33,6,39,39,6,33,23,1,7,5,9,6,4,4,4,3,5,4
2024,7,20,2,7,4,1,6,20,6,34,27,7,34,34,5,29,28,2,10,5,10,5,2,2,2,1,2,1
2024,7,20,3,7,6,1,4,17,4,36,29,7,36,36,4,32,23,2,8,5,8,4,5,5,5,4,3,1
2024,7,20,4,10,2,1,3,14,5,31,21,10,31,31,1,30,22,5,8,5,6,1,2,2,2,5,1,1
2024,7,20,5,9,6,5,3,17,4,40,31,9,40,40,3,37,25,5,10,4,9,3,1,1,1,6,3,5
2024,7,20,6,6,10,2,1,13,6,35,29,6,35,35,3,32,19,5,9,1,4,3,6,6,6,3,5,2
2024,7,20,7,6,2,3,5,11,4,35,29,6,35,35,5,30,21,5,5,1,6,5,4,4,4,6,1,3
2024,7,20,8,6,8,3,5,9,1,26,20,6,26,26,3,23,16,2,2,4,6,3,1,1,1,2,4,3
2024,7,20,9,5,6,1,1,15,3,28,23,5,28,28,5,23,18,2,7,3,5,5,4,4,4,2,3,1
2024,7,20,10,7,2,2,5,11,2,26,19,7,26,26,2,24,20,4,6,3,9,2,2,2,2,1,1,2
2024,7,20,11,7,10,4,5,9,4,37,30,7,37,37,3,34,20,6,5,1,6,3,3,3,3,5,5,4
2024,7,21,0,5,12,6,4,18,6,47,42,5,47,47,5,42,26,4,12,1,10,5,3,3,3,6,6,6
2024,7,21,1,3,8,5,4,13,5,31,28,3,31,31,4,27,19,2,8,1,7,4,1,1,1,2,4,5
2024,7,21,2,4,6,2,5,9,1,26,22,4,26,26,1,25,16,2,6,2,10,1,3,3,3,2,3,2
2024,7,21,3,8,8,3,5,18,4,43,35,8,43,43,3,40,26,3,10,5,11,3,6,6,6,4,4,3
2024,7,21,4,7,8,1,3,12,2,33,26,7,33,33,3,30,20,5,7,2,8,3,4,4,4,4,4,1
2024,7,21,5,7,6,1,4,11,2,35,28,7,35,35,4,31,19,4,4,3,6,4,6,6,6,6,3,1
2024,7,21,6,9,8,5,5,13,4,39,30,9,39,39,5,34,24,6,5,3,6,5,2,2,2,4,4,5
2024,7,21,7,10,4,2,5,21,5,37,27,10,37,37,4,33,30,4,11,6,11,4,1,1,1,2,2,2
2024,7,21,8,7,12,2,5,13,6,40,33,7,40,40,2,38,23,5,9,2,8,2,6,6,6,3,6,2
2024,7,21,9,7,8,6,5,16,5,37,30,7,37,37,2,35,24,3,10,4,10,2,1,1,1,2,4,6
2024,7,21,10,9,2,3,5,14,1,36,27,9,36,36,6,30,25,6,5,3,9,6,5,5,5,2,1,3
2024,7,21,11,2,8,5,5,9,6,28,26,2,28,28,1,27,15,1,7,1,6,1,3,3,3,1,4,5
2024,7,22,0,9,8,1,1,19,6,32,23,9,32,32,1,31,23,3,12,6,7,1,1,1,1,3,4,1
2024,7,22,1,7,4,1,3,15,4,31,24,7,31,31,5,26,22,4,7,3,6,5,3,3,3,3,2,1
2024,7,22,2,3,12,2,4,13,6,32,29,3,32,32,2,30,18,1,9,2,7,2,4,4,4,2,6,2
2024,7,22,3,5,12,1,2,17,2,36,31,5,36,36,6,30,21,2,8,3,8,6,2,2,2,6,6,1
2024,7,22,4,9,10,4,3,16,4,41,32,9,41,41,5,36,23,4,6,5,5,5,5,5,5,4,5,4
2024,7,22,5,9,12,2,5,11,2,38,29,9,38,38,4,34,21,5,3,4,6,4,5,5,5,4,6,2
2024,7,22,6,6,2,3,4,14,5,29,23,6,29,29,2,27,19,1,7,5,6,2,2,2,2,4,1,3
2024,7,22,7,6,10,5,2,10,2,28,22,6,28,28,4,24,15,3,3,3,3,4,2,2,2,1,5,5
2024,7,22,8,7,8,4,1,14,1,32,25,7,32,32,4,28,19,4,7,3,7,4,4,4,4,1,4,4
2024,7,22,9,9,2,3,5,13,1,39,30,9,39,39,6,33,24,6,4,3,8,6,6,6,6,5,1,3
2024,7,22,10,5,6,6,2,10,4,29,24,5,29,29,4,25,16,4,5,1,3,4,3,3,3,1,3,6
2024,7,22,11,10,6,1,1,13,4,31,21,10,31,31,3,28,19,5,5,5,2,3,6,6,6,2,3,1
2024,7,23,0,4,10,1,2,14,4,33,29,4,33,33,2,31,18,2,10,2,8,2,4,4,4,5,5,1
2024,7,23,1,6,2,2,3,13,2,26,20,6,26,26,3,23,17,1,5,5,6,3,5,5,5,1,1,2
2024,7,23,2,11,2,2,3,13,3,34,23,11,34,34,1,33,21,5,6,6,6,1,4,4,4,6,1,2
2024,7,23,3,8,12,4,6,16,4,42,34,8,42,42,2,40,24,2,8,6,10,2,6,6,6,2,6,4
2024,7,23,4,6,10,3,2,8,4,30,24,6,30,30,2,28,15,5,5,1,3,2,2,2,2,5,5,3
2024,7,23,5,4,2,3,6,13,1,28,24,4,28,28,5,23,21,2,6,2,11,5,1,1,1,2,1,3
2024,7,23,6,10,4,1,6,19,5,37,27,10,37,37,5,32,30,5,9,5,10,5,1,1,1,3,2,1
2024,7,23,7,7,6,5,4,18,6,38,31,7,38,38,4,34,26,4,11,3,9,4,2,2,2,2,3,5
2024,7,23,8,7,12,2,3,12,3,32,25,7,32,32,3,29,19,4,6,3,6,3,2,2,2,3,6,2
2024,7,23,9,7,6,2,5,16,3,35,28,7,35,35,5,30,23,2,6,5,8,5,4,4,4,3,3,2
2024,7,23,10,6,10,3,3,11,2,35,29,6,35,35,4,31,17,3,4,3,5,4,6,6,6,4,5,3
2024,7,23,11,6,4,1,5,15,4,31,25,6,31,31,1,30,21,1,9,5,10,1,2,2,2,5,2,1
2024,7,24,0,4,2,6,5,18,5,39,35,4,39,39,6,33,25,2,10,2,10,6,3,3,3,4,1,6
2024,7,24,1,9,8,4,1,18,4,40,31,9,40,40,6,34,23,4,7,5,4,6,4,4,4,5,4,4
2024,7,24,2,11,2,2,3,15,1,32,21,11,32,32,5,27,23,5,4,6,6,5,3,3,3,3,1,2
2024,7,24,3,4,2,1,2,12,2,24,20,4,24,24,6,18,15,1,3,3,3,6,1,1,1,6,1,1
2024,7,24,4,5,6,1,3,17,4,35,30,5,35,35,5,30,23,3,10,2,9,5,5,5,5,3,3,1
2024,7,24,5,9,12,2,3,13,4,36,27,9,36,36,1,35,21,5,8,4,7,1,2,2,2,5,6,2
2024,7,24,6,8,8,1,2,12,3,27,19,8,27,27,3,24,18,4,5,4,4,3,3,3,3,1,4,1
2024,7,24,7,8,2,2,5,17,4,38,30,8,38,38,5,33,26,4,8,4,9,5,4,4,4,5,1,2
2024,7,24,8,9,8,3,3,23,5,39,30,9,39,39,6,33,29,3,11,6,9,6,2,2,2,1,4,3
2024,7,24,9,2,2,5,5,13,4,33,31,2,33,33,5,28,19,1,7,1,8,5,5,5,5,3,1,5
2024,7,24,10,6,4,1,1,14,6,26,20,6,26,26,2,24,18,3,9,3,4,2,4,4,4,1,2,1
2024,7,24,11,8,4,5,3,13,1,32,24,8,32,32,6,26,20,4,3,4,5,6,2,2,2,3,2,5
2024,7,25,0,9,4,5,1,14,2,37,28,9,37,37,6,31,19,4,3,5,2,6,6,6,6,5,2,5
2024,7,25,1,9,2,5,5,13,2,32,23,9,32,32,2,30,22,4,6,5,9,2,1,1,1,3,1,5
2024,7,25,2,3,4,2,3,11,3,27,24,3,27,27,5,22,16,2,5,1,5,5,5,5,5,2,2,2
2024,7,25,3,7,12,6,4,11,2,36,29,7,36,36,1,35,19,4,7,3,9,1,1,1,1,4,6,6
2024,7,25,4,2,2,3,1,9,3,22,20,2,22,22,2,20,11,1,6,1,4,2,2,2,2,5,1,3
2024,7,25,5,2,2,6,1,9,1,24,22,2,24,24,3,21,11,1,5,1,5,3,5,5,5,1,1,6
2024,7,25,6,9,6,1,3,13,4,34,25,9,34,34,2,32,22,6,8,3,7,2,4,4,4,4,3,1
2024,7,25,7,3,10,6,3,10,5,29,26,3,29,29,1,28,14,1,7,2,5,1,2,2,2,2,5,6
2024,7,25,8,6,10,1,4,9,2,25,19,6,25,25,1,24,17,4,6,2,8,1,1,1,1,1,5,1
2024,7,25,9,5,6,2,4,14,5,32,27,5,32,32,2,30,22,4,11,1,10,2,3,3,3,2,3,2
2024,7,25,10,6,2,4,2,11,1,29,23,6,29,29,2,27,16,3,6,3,7,2,4,4,4,4,1,4
2024,7,25,11,10,12,5,2,16,4,42,32,10,42,42,4,38,22,4,6,6,4,4,5,5,5,4,6,5
2024,7,26,0,11,4,1,1,12,3,25,14,11,25,25,1,24,18,5,5,6,3,1,2,2,2,2,2,1
2024,7,26,1,5,10,6,6,16,6,46,41,5,46,46,3,43,23,1,9,4,9,3,6,6,6,6,5,6
2024,7,26,2,8,8,2,3,8,1,23,15,8,23,23,1,22,14,3,2,5,4,1,1,1,1,2,4,2
2024,7,26,3,7,10,1,4,17,5,40,33,7,40,40,6,34,25,4,8,3,7,6,3,3,3,6,5,1
2024,7,26,4,4,8,3,4,13,6,33,29,4,33,33,1,32,19,2,10,2,8,1,5,5,5,2,4,3
2024,7,26,5,8,6,6,2,19,6,43,35,8,43,43,5,38,26,5,11,3,7,5,2,2,2,6,3,6
2024,7,26,6,4,12,3,1,11,2,29,25,4,29,29,3,26,13,1,5,3,4,3,1,1,1,6,6,3
2024,7,26,7,5,12,3,4,10,2,33,28,5,33,33,3,30,16,2,4,3,6,3,3,3,3,5,6,3
2024,7,26,8,5,2,3,5,20,6,40,35,5,40,40,6,34,28,3,12,2,11,6,6,6,6,2,1,3
2024,7,26,9,4,2,3,5,10,1,27,23,4,27,27,3,24,17,2,5,2,9,3,5,5,5,1,1,3
2024,7,26,10,2,8,2,5,15,4,35,33,2,35,35,5,30,21,1,9,1,10,5,6,6,6,2,4,2
2024,7,26,11,11,6,6,6,19,1,45,34,11,45,45,6,39,30,5,7,6,12,6,5,5,5,1,3,6
2024,7,27,0,8,2,4,6,17,4,39,31,8,39,39,4,35,25,2,7,6,9,4,4,4,4,5,1,4
2024,7,27,1,8,10,2,4,11,5,32,24,8,32,32,2,30,21,6,7,2,6,2,1,1,1,3,5,2
2024,7,27,2,6,6,5,3,15,3,42,36,6,42,42,6,36,23,5,8,1,8,6,6,6,6,5,3,5
2024,7,27,3,10,10,4,6,12,5,39,29,10,39,39,2,37,24,6,6,4,7,2,4,4,4,2,5,4
2024,7,27,4,6,2,5,5,15,3,34,28,6,34,34,5,29,22,2,6,4,8,5,3,3,3,3,1,5
2024,7,27,5,9,4,6,3,17,1,36,27,9,36,36,5,31,23,3,6,6,8,5,3,3,3,2,2,6
2024,7,27,6,7,4,3,4,15,1,30,23,7,30,30,5,25,20,1,4,6,7,5,3,3,3,2,2,3
2024,7,27,7,6,8,1,4,17,6,36,30,6,36,36,5,31,25,4,10,2,8,5,5,5,5,1,4,1
2024,7,27,8,6,10,5,1,9,2,27,21,6,27,27,2,25,14,4,5,2,4,2,1,1,1,2,5,5
2024,7,27,9,10,2,1,5,19,5,37,27,10,37,37,2,35,28,4,11,6,11,2,4,4,4,3,1,1
2024,7,27,10,10,8,2,4,14,5,40,30,10,40,40,1,39,23,5,8,5,7,1,6,6,6,5,4,2
2024,7,27,11,3,4,6,3,12,5,36,33,3,36,36,1,35,17,2,10,1,8,1,5,5,5,6,2,6
2024,7,28,0,8,2,5,2,12,1,27,19,8,27,27,1,26,18,4,7,4,8,1,1,1,1,2,1,5
2024,7,28,1,6,4,3,5,10,2,32,26,6,32,32,4,28,18,3,3,3,6,4,5,5,5,4,2,3
2024,7,28,2,7,2,4,4,15,4,40,33,7,40,40,5,35,25,6,9,1,9,5,4,4,4,6,1,4
2024,7,28,3,9,2,4,4,16,5,33,24,9,33,33,5,28,25,5,7,4,6,5,1,1,1,2,1,4
2024,7,28,4,9,8,1,6,11,3,37,28,9,37,37,1,36,23,6,7,3,10,1,4,4,4,5,4,1
2024,7,28,5,11,10,4,6,20,5,46,35,11,46,46,5,41,32,6,10,5,11,5,4,4,4,1,5,4
2024,7,28,6,5,4,4,1,8,3,22,17,5,22,22,1,21,12,3,5,2,3,1,3,3,3,1,2,4
2024,7,28,7,5,10,3,1,8,3,22,17,5,22,22,1,21,12,3,5,2,3,1,1,1,1,1,5,3
2024,7,28,8,11,12,2,3,19,5,40,29,11,40,40,6,34,28,6,8,5,6,6,1,1,1,3,6,2
2024,7,28,9,8,2,3,6,15,1,36,28,8,36,36,6,30,23,2,3,6,8,6,4,4,4,5,1,3
2024,7,28,10,5,8,4,1,14,3,35,30,5,35,35,6,29,18,3,6,2,4,6,4,4,4,5,4,4
2024,7,28,11,11,10,6,3,19,6,49,38,11,49,49,4,45,28,6,10,5,7,4,6,6,6,4,5,6
2024,7,29,0,4,8,4,1,11,5,28,24,4,28,28,3,25,14,2,6,2,2,3,3,3,3,3,4,4
2024,7,29,1,3,8,2,2,11,5,31,28,3,31,31,3,28,15,2,7,1,4,3,5,5,5,5,4,2
2024,7,29,2,8,6,5,3,8,1,33,25,8,33,33,1,32,17,6,5,2,7,1,2,2,2,6,3,5
2024,7,29,3,7,4,2,6,13,3,30,23,7,30,30,5,25,22,3,4,4,7,5,1,1,1,3,2,2
2024,7,29,4,4,8,3,2,11,6,29,25,4,29,29,1,28,15,2,8,2,4,1,2,2,2,5,4,3
2024,7,29,5,3,12,1,5,18,4,39,36,3,39,39,6,33,24,1,10,2,11,6,5,5,5,3,6,1
2024,7,29,6,6,12,3,6,13,6,35,29,6,35,35,3,32,22,3,7,3,7,3,2,2,2,2,6,3
2024,7,29,7,4,4,2,3,10,3,29,25,4,29,29,5,24,16,3,4,1,4,5,5,5,5,4,2,2
2024,7,29,8,9,10,5,4,17,6,42,33,9,42,42,3,39,26,5,10,4,8,3,5,5,5,1,5,5
2024,7,29,9,3,8,1,1,13,3,28,25,3,28,28,4,24,15,1,7,2,5,4,2,2,2,6,4,1
2024,7,29,10,9,4,2,4,18,5,35,26,9,35,35,5,30,27,5,9,4,8,5,1,1,1,3,2,2
2024,7,29,11,11,6,1,3,13,1,36,25,11,36,36,2,34,22,6,6,5,8,2,5,5,5,5,3,1
2024,7,30,0,8,4,1,2,13,2,33,25,8,33,33,4,29,20,5,6,3,6,4,6,6,6,4,2,1
2024,7,30,1,6,4,5,6,8,2,33,27,6,33,33,1,32,18,4,5,2,9,1,4,4,4,4,2,5
2024,7,30,2,6,2,5,1,18,5,30,24,6,30,30,4,26,21,2,10,4,6,4,1,1,1,2,1,5
2024,7,30,3,4,8,4,1,15,2,29,25,4,29,29,5,24,17,1,7,3,6,5,2,2,2,2,4,4
2024,7,30,4,5,8,1,4,18,5,32,27,5,32,32,5,27,23,1,9,4,8,5,3,3,3,1,4,1
2024,7,30,5,6,8,3,6,15,5,40,34,6,40,40,1,39,24,3,11,3,12,1,4,4,4,5,4,3
2024,7,30,6,10,2,4,5,14,2,33,23,10,33,33,2,31,24,5,7,5,10,2,3,3,3,1,1,4
2024,7,30,7,6,2,1,6,18,6,36,30,6,36,36,6,30,26,2,8,4,8,6,4,4,4,4,1,1
2024,7,30,8,8,12,1,3,15,3,38,30,8,38,38,3,35,23,5,9,3,9,3,4,4,4,4,6,1
2024,7,30,9,4,8,2,2,10,3,28,24,4,28,28,3,25,13,1,4,3,3,3,5,5,5,4,4,2
2024,7,30,10,9,8,5,5,12,3,38,29,9,38,38,3,35,23,6,6,3,8,3,5,5,5,1,4,5
2024,7,30,11,8,12,5,5,16,4,37,29,8,37,37,3,34,23,2,7,6,8,3,2,2,2,1,6,5
2024,7,31,0,10,2,3,5,14,1,32,22,10,32,32,6,26,24,5,3,5,7,6,3,3,3,1,1,3
2024,7,31,1,9,10,4,2,16,5,42,33,9,42,42,2,40,23,5,10,4,7,2,4,4,4,6,5,4
2024,7,31,2,12,6,2,1,12,1,30,18,12,30,30,3,27,19,6,3,6,3,3,3,3,3,3,3,2
2024,7,31,3,10,4,2,3,15,2,37,27,10,37,37,4,33,24,6,7,4,8,4,4,4,4,5,2,2
2024,7,31,4,8,12,4,1,13,5,29,21,8,29,29,1,28,17,3,7,5,3,1,1,1,1,1,6,4
2024,7,31,5,11,12,3,4,19,2,45,34,11,45,45,6,39,29,6,8,5,10,6,1,1,1,6,6,3
2024,7,31,6,5,2,1,2,8,1,22,17,5,22,22,2,20,13,3,4,2,5,2,3,3,3,4,1,1
2024,7,31,7,7,8,1,4,18,4,38,31,7,38,38,5,33,24,2,8,5,8,5,4,4,4,5,4,1
2024,7,31,8,11,10,6,3,14,6,41,30,11,41,41,2,39,23,6,7,5,4,2,6,6,6,1,5,6
2024,7,31,9,6,6,6,6,12,6,38,32,6,38,38,3,35,23,5,8,1,8,3,4,4,4,2,3,6
2024,7,31,10,8,12,6,5,13,2,42,34,8,42,42,3,39,20,2,4,6,7,3,6,6,6,4,6,6
2024,7,31,11,7,8,4,1,17,3,35,28,7,35,35,5,30,22,4,9,3,7,5,1,1,1,4,4,4
2024,8,1,0,9,6,3,1,14,3,30,21,9,30,30,1,29,19,4,8,5,6,1,4,4,4,1,3,3
2024,8,1,1,9,12,1,5,10,3,35,26,9,35,35,1,34,20,5,5,4,7,1,2,2,2,6,6,1
2024,8,1,2,6,10,3,1,15,5,29,23,6,29,29,1,28,17,1,9,5,5,1,1,1,1,3,5,3
2024,8,1,3,6,4,5,6,11,2,33,27,6,33,33,2,31,20,3,6,3,10,2,1,1,1,5,2,5
2024,8,1,4,7,12,4,4,10,2,34,27,7,34,34,3,31,20,6,6,1,8,3,2,2,2,2,6,4
2024,8,1,5,11,4,4,3,19,6,37,26,11,37,37,3,34,28,6,11,5,8,3,2,2,2,1,2,4
2024,8,1,6,7,4,2,1,10,1,28,21,7,28,28,2,26,15,4,5,3,5,2,6,6,6,3,2,2
2024,8,1,7,6,10,6,3,14,5,39,33,6,39,39,4,35,21,4,8,2,6,4,1,1,1,6,5,6
2024,8,1,8,6,10,5,6,13,2,33,27,6,33,33,5,28,20,1,3,5,7,5,1,1,1,2,5,5
2024,8,1,9,6,8,6,4,20,5,41,35,6,41,41,5,36,25,1,10,5,9,5,4,4,4,2,4,6
2024,8,1,10,12,4,6,1,19,5,39,27,12,39,39,6,33,26,6,7,6,3,6,1,1,1,4,2,6
2024,8,1,11,7,6,5,2,17,2,35,28,7,35,35,5,30,22,3,8,4,8,5,3,3,3,2,3,5
2024,8,2,0,7,6,1,4,13,4,35,28,7,35,35,3,32,21,4,7,3,7,3,4,4,4,6,3,1
2024,8,2,1,12,6,3,3,16,2,33,21,12,33,33,2,31,25,6,8,6,9,2,1,1,1,1,3,3
2024,8,2,2,5,10,1,2,6,1,23,18,5,23,23,2,21,12,4,3,1,4,2,4,4,4,1,5,1
2024,8,2,3,7,12,5,1,18,6,40,33,7,40,40,6,34,22,3,8,4,3,6,3,3,3,4,6,5
2024,8,2,4,5,10,3,1,10,2,29,24,5,29,29,1,28,12,1,5,4,4,1,4,4,4,5,5,3
2024,8,2,5,8,4,3,6,15,4,35,27,8,35,35,1,34,24,3,9,5,11,1,4,4,4,2,2,3
2024,8,2,6,9,10,5,4,18,5,43,34,9,43,43,2,41,25,3,10,6,9,2,4,4,4,4,5,5
2024,8,2,7,8,12,3,4,13,5,41,33,8,41,41,3,38,23,6,8,2,7,3,5,5,5,4,6,3
2024,8,2,8,9,2,5,2,19,4,36,27,9,36,36,5,31,25,4,9,5,7,5,3,3,3,2,1,5
2024,8,2,9,6,6,3,1,15,4,33,27,6,33,33,2,31,18,2,9,4,6,2,6,6,6,3,3,3
2024,8,2,10,6,6,1,4,18,5,33,27,6,33,33,4,29,24,2,10,4,9,4,3,3,3,2,3,1
2024,8,2,11,8,2,3,3,13,4,29,21,8,29,29,2,27,19,3,6,5,5,2,2,2,2,4,1,3
2024,8,3,0,11,8,5,3,17,1,38,27,11,38,38,5,33,26,6,7,5,9,5,1,1,1,2,4,5
2024,8,3,1,7,4,2,1,14,6,29,22,7,29,29,1,28,20,5,11,2,6,1,1,1,1,4,2,2
2024,8,3,2,10,6,4,4,17,6,42,32,10,42,42,6,36,27,6,7,4,5,6,6,6,6,2,3,4
2024,8,3,3,2,10,4,3,10,2,27,25,2,27,27,3,24,14,1,6,1,7,3,1,1,1,3,5,4
2024,8,3,4,7,2,2,3,10,1,30,23,7,30,30,4,26,17,4,3,3,5,4,6,6,6,4,1,2
2024,8,3,5,5,2,1,5,13,6,28,23,5,28,28,4,24,22,4,8,1,7,4,3,3,3,1,1,1
2024,8,3,6,5,6,6,5,19,5,37,32,5,37,37,5,32,25,1,10,4,10,5,1,1,1,2,3,6
2024,8,3,7,3,8,6,1,8,1,28,25,3,28,28,1,27,10,1,5,2,5,1,2,2,2,6,4,6
2024,8,3,8,6,12,5,3,17,2,36,30,6,36,36,4,32,21,1,8,5,9,4,2,2,2,2,6,5
2024,8,3,9,7,12,2,1,15,1,32,25,7,32,32,5,27,18,2,5,5,5,5,5,5,5,1,6,2
2024,8,3,10,5,6,4,3,14,2,33,28,5,33,33,3,30,18,1,7,4,8,3,3,3,3,5,3,4
2024,8,3,11,11,12,2,1,15,4,37,26,11,37,37,3,34,22,6,7,5,4,3,5,5,5,2,6,2
2024,8,4,0,7,10,3,3,12,3,36,29,7,36,36,5,31,20,5,5,2,5,5,5,5,5,3,5,3
2024,8,4,1,8,6,4,3,19,6,35,27,8,35,35,4,31,24,2,9,6,6,4,1,1,1,3,3,4
2024,8,4,2,12,10,2,3,19,3,40,28,12,40,40,5,35,28,6,8,6,8,5,2,2,2,3,5,2
2024,8,4,3,6,12,6,6,14,3,47,41,6,47,47,6,41,25,5,7,1,10,6,6,6,6,4,6,6
2024,8,4,4,6,6,6,4,8,3,32,26,6,32,32,1,31,16,4,5,2,6,1,3,3,3,4,3,6
2024,8,4,5,7,6,4,3,10,2,30,23,7,30,30,2,28,16,3,4,4,5,2,1,1,1,6,3,4
2024,8,4,6,6,4,5,2,15,1,34,28,6,34,34,5,29,19,2,6,4,7,5,5,5,5,3,2,5
2024,8,4,7,6,4,3,5,13,2,32,26,6,32,32,4,28,22,4,7,2,10,4,2,2,2,3,2,3
2024,8,4,8,9,4,4,4,15,3,34,25,9,34,34,6,28,25,6,6,3,7,6,1,1,1,2,2,4
2024,8,4,9,8,8,3,4,14,3,36,28,8,36,36,3,33,22,4,7,4,8,3,5,5,5,2,4,3
2024,8,4,10,5,10,2,3,11,3,32,27,5,32,32,6,26,18,4,4,1,4,6,5,5,5,2,5,2
2024,8,4,11,7,2,2,1,12,6,29,22,7,29,29,2,27,19,6,9,1,4,2,1,1,1,6,1,2
2024,8,5,0,6,12,4,6,13,6,41,35,6,41,41,3,38,24,5,9,1,9,3,6,6,6,1,6,4
2024,8,5,1,5,10,5,4,8,1,31,26,5,31,31,1,30,13,1,3,4,6,1,2,2,2,6,5,5
2024,8,5,2,2,8,2,2,9,2,23,21,2,23,23,5,18,12,1,3,1,3,5,4,4,4,1,4,2
2024,8,5,3,8,6,5,2,13,1,35,27,8,35,35,3,32,19,4,6,4,7,3,3,3,3,5,3,5
2024,8,5,4,12,12,2,6,14,1,36,24,12,36,36,2,34,26,6,6,6,11,2,1,1,1,1,6,2
2024,8,5,5,6,6,5,6,12,3,34,28,6,34,34,3,31,22,4,7,2,10,3,2,2,2,2,3,5
2024,8,5,6,11,10,5,4,17,6,47,36,11,47,47,2,45,27,6,10,5,8,2,6,6,6,4,5,5
2024,8,5,7,9,4,4,4,12,3,34,25,9,34,34,1,33,19,3,5,6,6,1,4,4,4,5,2,4
2024,8,5,8,6,4,1,1,11,1,26,20,6,26,26,5,21,15,3,3,3,3,5,5,5,5,3,2,1
2024,8,5,9,9,12,4,5,9,3,40,31,9,40,40,1,39,20,6,5,3,7,1,6,6,6,4,6,4
2024,8,5,10,5,2,2,2,15,5,31,26,5,31,31,6,25,19,2,6,3,3,6,4,4,4,5,1,2
2024,8,5,11,4,8,5,1,12,5,31,27,4,31,31,4,27,15,2,6,2,2,4,6,6,6,1,4,5
2024,8,6,0,12,6,1,3,17,4,37,25,12,37,37,6,31,26,6,5,6,4,6,1,1,1,6,3,1
2024,8,6,1,5,6,3,5,17,2,35,30,5,35,35,5,30,23,1,8,4,11,5,4,4,4,2,3,3
2024,8,6,2,9,4,4,5,19,6,43,34,9,43,43,5,38,29,5,10,4,9,5,3,3,3,5,2,4
2024,8,6,3,12,12,1,5,15,4,41,29,12,41,41,1,40,26,6,8,6,9,1,4,4,4,4,6,1
2024,8,6,4,5,8,4,4,10,1,31,26,5,31,31,1,30,15,1,5,4,8,1,5,5,5,3,4,4
2024,8,6,5,10,10,1,3,11,2,36,26,10,36,36,2,34,20,6,5,4,6,2,5,5,5,5,5,1
2024,8,6,6,7,12,4,4,13,1,44,37,7,44,44,5,39,23,6,7,1,10,5,5,5,5,6,6,4
2024,8,6,7,12,2,6,3,21,6,47,35,12,47,47,3,44,30,6,12,6,9,3,4,4,4,6,1,6
2024,8,6,8,12,10,3,4,17,3,43,31,12,43,43,5,38,27,6,6,6,7,5,4,4,4,4,5,3
2024,8,6,9,7,6,5,3,12,3,33,26,7,33,33,4,29,19,4,5,3,5,4,2,2,2,4,3,5
2024,8,6,10,5,6,3,3,11,6,27,22,5,27,27,2,25,18,4,8,1,5,2,2,2,2,1,3,3
2024,8,6,11,3,8,6,1,15,6,37,34,3,37,37,2,35,17,1,11,2,6,2,5,5,5,5,4,6
2024,8,7,0,2,4,4,5,15,6,34,32,2,34,34,5,29,21,1,9,1,8,5,1,1,1,6,2,4
2024,8,7,1,6,8,3,2,15,2,40,34,6,40,40,6,34,22,5,8,1,8,6,5,5,5,6,4,3
2024,8,7,2,4,2,5,4,13,3,31,27,4,31,31,3,28,19,2,8,2,9,3,4,4,4,2,1,5
2024,8,7,3,9,4,2,5,15,3,38,29,9,38,38,2,36,23,3,7,6,9,2,6,6,6,5,2,2
2024,8,7,4,6,10,1,4,12,4,36,30,6,36,36,6,30,21,5,5,1,5,6,4,4,4,5,5,1
2024,8,7,5,8,8,4,2,10,3,34,26,8,34,34,3,31,18,6,5,2,4,3,5,5,5,3,4,4
2024,8,7,6,5,4,6,5,16,3,40,35,5,40,40,4,36,23,2,9,3,11,4,4,4,4,5,2,6
2024,8,7,7,7,6,2,4,18,3,39,32,7,39,39,5,34,24,2,8,5,9,5,5,5,5,5,3,2
2024,8,7,8,2,8,2,4,16,4,33,31,2,33,33,6,27,21,1,9,1,9,6,1,1,1,5,4,2
2024,8,7,9,7,6,5,4,11,4,35,28,7,35,35,3,32,21,6,7,1,7,3,5,5,5,1,3,5
2024,8,7,10,7,4,4,4,19,4,34,27,7,34,34,4,30,25,2,10,5,10,4,1,1,1,2,2,4
2024,8,7,11,2,6,6,1,11,2,25,23,2,25,25,5,20,13,1,5,1,4,5,1,1,1,2,3,6
2024,8,8,0,12,4,3,2,10,2,33,21,12,33,33,1,32,18,6,3,6,3,1,6,6,6,4,2,3
2024,8,8,1,10,10,3,4,21,5,45,35,10,45,45,5,40,30,5,11,5,10,5,5,5,5,2,5,3
2024,8,8,2,4,12,3,2,11,4,29,25,4,29,29,4,25,16,3,6,1,4,4,1,1,1,3,6,3
2024,8,8,3,8,12,2,1,16,5,34,26,8,34,34,4,30,19,2,6,6,2,4,2,2,2,5,6,2
2024,8,8,4,5,6,6,1,13,2,37,32,5,37,37,3,34,16,2,7,3,6,3,6,6,6,6,3,6
2024,8,8,5,7,6,2,5,15,6,37,30,7,37,37,3,34,25,5,10,2,9,3,1,1,1,6,3,2
2024,8,8,6,10,4,2,3,16,4,34,24,10,34,34,3,31,24,5,8,5,7,3,5,5,5,1,2,2
2024,8,8,7,8,8,5,1,14,6,35,27,8,35,35,2,33,19,4,8,4,3,2,2,2,2,5,4,5
2024,8,8,8,7,6,4,5,11,1,32,25,7,32,32,3,29,17,1,2,6,6,3,4,4,4,4,3,4
2024,8,8,9,10,12,4,4,10,1,36,26,10,36,36,1,35,20,6,5,4,8,1,1,1,1,5,6,4
2024,8,8,10,5,6,5,6,14,2,34,29,5,34,34,6,28,21,1,4,4,8,6,3,3,3,2,3,5
2024,8,8,11,10,6,3,2,8,1,25,15,10,25,25,2,23,16,6,2,4,3,2,1,1,1,2,3,3
2024,8,9,0,6,2,5,6,16,6,42,36,6,42,42,2,40,26,4,12,2,12,2,4,4,4,6,1,5
2024,8,9,1,12,2,2,3,11,3,31,19,12,31,31,1,30,20,6,4,6,4,1,2,2,2,6,1,2
2024,8,9,2,7,10,5,3,22,5,45,38,7,45,45,6,39,27,2,11,5,9,6,6,6,6,2,5,5
2024,8,9,3,10,6,4,5,13,1,43,33,10,43,43,3,40,24,6,6,4,10,3,6,6,6,6,3,4
2024,8,9,4,6,10,2,5,15,5,37,31,6,37,37,5,32,23,3,7,3,7,5,5,5,5,2,5,2
2024,8,9,5,12,10,4,2,19,5,41,29,12,41,41,5,36,27,6,8,6,5,5,2,2,2,3,5,4
2024,8,9,6,8,4,5,4,15,6,43,35,8,43,43,3,40,25,6,10,2,8,3,5,5,5,6,2,5
2024,8,9,7,2,10,3,4,11,3,31,29,2,31,31,6,25,16,1,4,1,5,6,3,3,3,4,5,3
2024,8,9,8,7,12,5,1,15,2,36,29,7,36,36,5,31,18,2,5,5,4,5,4,4,4,3,6,5
2024,8,9,9,2,4,6,4,9,1,26,24,2,26,26,3,23,14,1,5,1,8,3,1,1,1,3,2,6
2024,8,9,10,4,8,6,5,12,1,33,29,4,33,33,2,31,18,1,7,3,11,2,1,1,1,4,4,6
2024,8,9,11,4,4,1,6,13,5,28,24,4,28,28,2,26,20,1,8,3,9,2,3,3,3,2,2,1
2024,8,10,0,8,2,3,2,22,6,39,31,8,39,39,6,33,26,2,10,6,6,6,5,5,5,4,1,3
2024,8,10,1,9,6,3,4,15,5,40,31,9,40,40,3,37,25,6,9,3,8,3,4,4,4,5,3,3
2024,8,10,2,9,6,4,1,18,6,35,26,9,35,35,5,30,25,6,10,3,5,5,1,1,1,2,3,4
2024,8,10,3,7,8,6,6,14,1,36,29,7,36,36,3,33,21,1,5,6,10,3,4,4,4,1,4,6
2024,8,10,4,9,8,1,6,18,3,41,32,9,41,41,6,35,30,6,9,3,12,6,3,3,3,3,4,1
2024,8,10,5,10,2,5,5,8,1,34,24,10,34,34,2,32,19,6,2,4,6,2,5,5,5,4,1,5
2024,8,10,6,9,12,5,2,20,6,41,32,9,41,41,5,36,26,4,10,5,6,5,2,2,2,2,6,5
2024,8,10,7,6,8,1,5,11,1,36,30,6,36,36,4,32,20,4,5,2,9,4,5,5,5,6,4,1
2024,8,10,8,11,12,4,5,17,3,42,31,11,42,42,4,38,27,5,7,6,9,4,2,2,2,3,6,4
2024,8,10,9,7,10,5,1,15,3,38,31,7,38,38,4,34,20,4,8,3,6,4,2,2,2,6,5,5
2024,8,10,10,8,8,3,1,16,4,33,25,8,33,33,5,28,22,5,8,3,5,5,1,1,1,3,4,3
2024,8,10,11,8,10,3,2,14,1,33,25,8,33,33,6,27,20,4,4,4,5,6,2,2,2,3,5,3
2024,8,11,0,9,10,4,3,14,6,43,34,9,43,43,1,42,22,5,9,4,6,1,6,6,6,6,5,4
2024,8,11,1,2,10,2,6,7,1,31,29,2,31,31,2,29,14,1,4,1,9,2,5,5,5,5,5,2
2024,8,11,2,10,6,2,6,16,4,37,27,10,37,37,4,33,26,4,6,6,8,4,3,3,3,3,3,2
2024,8,11,3,6,6,4,2,17,6,31,25,6,31,31,5,26,20,1,7,5,3,5,1,1,1,3,3,4
2024,8,11,4,2,8,4,5,12,5,33,31,2,33,33,3,30,18,1,8,1,8,3,6,6,6,1,4,4
2024,8,11,5,6,6,2,2,10,3,25,19,6,25,25,3,22,15,3,4,3,3,3,3,3,3,2,3,2
2024,8,11,6,9,10,1,4,16,4,37,28,9,37,37,4,33,24,4,7,5,7,4,6,6,6,1,5,1
2024,8,11,7,12,10,3,4,15,2,41,29,12,41,41,3,38,25,6,6,6,8,3,5,5,5,3,5,3
2024,8,11,8,4,4,5,6,14,6,39,35,4,39,39,4,35,22,2,8,2,8,4,4,4,4,6,2,5
2024,8,11,9,2,10,5,4,13,4,35,33,2,35,35,3,32,18,1,9,1,9,3,4,4,4,3,5,5
2024,8,11,10,3,4,3,3,9,1,23,20,3,23,23,5,18,14,2,3,1,5,5,3,3,3,1,2,3
2024,8,11,11,6,10,4,2,11,4,30,24,6,30,30,3,27,16,3,5,3,3,3,1,1,1,4,5,4
2024,8,12,0,9,6,4,1,17,1,32,23,9,32,32,5,27,21,3,6,6,6,5,1,1,1,3,3,4
2024,8,12,1,7,6,1,1,19,6,37,30,7,37,37,5,32,25,5,12,2,7,5,2,2,2,6,3,1
2024,8,12,2,5,10,4,1,7,1,32,27,5,32,32,3,29,12,4,3,1,3,3,6,6,6,5,5,4
2024,8,12,3,7,4,2,2,13,4,30,23,7,30,30,2,28,19,4,8,3,6,2,4,4,4,3,2,2
2024,8,12,4,8,2,6,2,17,4,36,28,8,36,36,5,31,23,4,8,4,6,5,1,1,1,5,1,6
2024,8,12,5,6,2,5,3,20,6,40,34,6,40,40,6,34,25,2,10,4,7,6,3,3,3,6,1,5
2024,8,12,6,4,6,5,4,14,5,34,30,4,34,34,1,33,20,2,11,2,10,1,3,3,3,3,3,5
2024,8,12,7,6,12,3,4,19,4,43,37,6,43,43,6,37,25,2,9,4,9,6,4,4,4,5,6,3
2024,8,12,8,3,4,2,4,8,1,24,21,3,24,24,2,22,13,1,4,2,7,2,3,3,3,4,2,2
2024,8,12,9,2,6,6,6,10,4,37,35,2,37,37,3,34,17,1,6,1,8,3,5,5,5,6,3,6
2024,8,12,10,4,12,6,2,18,4,37,33,4,37,37,6,31,22,2,10,2,8,6,2,2,2,1,6,6
2024,8,12,11,9,2,4,2,18,4,37,28,9,37,37,2,35,23,3,10,6,8,2,4,4,4,5,1,4
2024,8,13,0,10,4,4,3,13,2,35,25,10,35,35,4,31,21,5,4,5,5,4,5,5,5,3,2,4
2024,8,13,1,6,2,3,6,20,6,41,35,6,41,41,6,35,30,4,12,2,12,6,6,6,6,1,1,3
2024,8,13,2,4,10,3,5,10,3,33,29,4,33,33,5,28,18,3,4,1,6,5,2,2,2,5,5,3
2024,8,13,3,7,8,6,3,20,3,41,34,7,41,41,5,36,24,1,9,6,9,5,1,1,1,6,4,6
2024,8,13,4,8,4,3,4,16,3,34,26,8,34,34,5,29,23,3,6,5,7,5,5,5,5,1,2,3
2024,8,13,5,6,8,5,4,19,4,37,31,6,37,37,5,32,25,2,10,4,10,5,1,1,1,2,4,5
2024,8,13,6,4,12,2,1,12,2,26,22,4,26,26,6,20,14,1,3,3,2,6,2,2,2,2,6,2
2024,8,13,7,5,2,5,3,14,2,35,30,5,35,35,5,30,21,4,8,1,9,5,2,2,2,6,1,5
2024,8,13,8,8,10,5,2,13,3,38,30,8,38,38,5,33,21,6,6,2,5,5,4,4,4,3,5,5
2024,8,13,9,9,10,1,5,14,1,37,28,9,37,37,1,36,22,3,7,6,11,1,6,6,6,3,5,1
2024,8,13,10,8,8,2,2,16,6,36,28,8,36,36,3,33,23,5,10,3,6,3,3,3,3,4,4,2
2024,8,13,11,6,2,2,1,16,4,25,19,6,25,25,5,20,20,3,8,3,5,5,1,1,1,1,1,2
2024,8,14,0,9,8,5,6,7,1,35,26,9,35,35,2,33,19,6,2,3,7,2,5,5,5,2,4,5
2024,8,14,1,10,8,4,3,13,1,35,25,10,35,35,4,31,22,6,5,4,7,4,3,3,3,2,4,4
2024,8,14,2,7,2,3,6,15,5,33,26,7,33,33,2,31,25,4,10,3,11,2,3,3,3,1,1,3
2024,8,14,3,5,6,1,5,11,1,31,26,5,31,31,6,25,20,4,4,1,8,6,6,6,6,1,3,1
2024,8,14,4,8,10,4,3,18,6,40,32,8,40,40,5,35,24,3,8,5,5,5,3,3,3,4,5,4
2024,8,14,5,7,10,3,3,12,4,34,27,7,34,34,4,30,21,6,7,1,6,4,1,1,1,4,5,3
2024,8,14,6,10,8,6,1,16,4,42,32,10,42,42,4,38,21,4,6,6,3,4,6,6,6,5,4,6
2024,8,14,7,4,10,2,5,14,3,34,30,4,34,34,3,31,20,1,8,3,10,3,1,1,1,6,5,2
2024,8,14,8,10,6,6,6,16,2,41,31,10,41,41,6,35,26,4,4,6,8,6,3,3,3,3,3,6
2024,8,14,9,8,10,2,6,16,2,39,31,8,39,39,6,33,26,4,6,4,10,6,1,1,1,5,5,2
2024,8,14,10,6,6,4,5,9,2,35,29,6,35,35,1,34,16,2,4,4,7,1,6,6,6,6,3,4
2024,8,14,11,7,4,2,2,11,4,30,23,7,30,30,1,29,19,6,9,1,7,1,3,3,3,4,2,2
2024,8,15,0,7,8,3,1,12,1,30,23,7,30,30,6,24,17,4,3,3,3,6,4,4,4,2,4,3
2024,8,15,1,11,4,5,2,16,3,33,22,11,33,33,4,29,23,5,6,6,5,4,1,1,1,2,2,5
2024,8,15,2,6,4,4,1,15,1,34,28,6,34,34,5,29,18,2,6,4,6,5,5,5,5,5,2,4
2024,8,15,3,7,8,2,2,16,6,38,31,7,38,38,6,32,24,6,9,1,5,6,5,5,5,3,4,2
2024,8,15,4,11,10,4,4,20,6,44,33,11,44,44,6,38,29,5,8,6,6,6,4,4,4,2,5,4
2024,8,15,5,10,4,1,4,16,5,34,24,10,34,34,4,30,24,4,6,6,5,4,6,6,6,1,2,1
2024,8,15,6,6,10,1,2,13,6,30,24,6,30,30,4,26,20,5,8,1,4,4,2,2,2,2,5,1
2024,8,15,7,6,6,5,2,14,6,36,30,6,36,36,1,35,20,4,11,2,7,1,2,2,2,6,3,5
2024,8,15,8,11,8,4,5,18,2,42,31,11,42,42,5,37,28,5,7,6,10,5,3,3,3,3,4,4
2024,8,15,9,3,10,5,6,13,3,40,37,3,40,40,5,35,21,2,7,1,10,5,3,3,3,6,5,5
2024,8,15,10,5,2,5,2,13,1,29,24,5,29,29,5,24,16,1,4,4,5,5,6,6,6,1,1,5
2024,8,15,11,6,6,2,4,17,6,37,31,6,37,37,6,31,25,4,9,2,7,6,4,4,4,3,3,2
2024,8,16,0,6,4,3,6,10,4,37,31,6,37,37,3,34,21,5,6,1,8,3,6,6,6,5,2,3
2024,8,16,1,7,2,4,3,9,1,29,22,7,29,29,3,26,16,4,3,3,5,3,3,3,3,5,1,4
2024,8,16,2,8,6,4,6,15,3,38,30,8,38,38,5,33,25,4,6,4,9,5,2,2,2,4,3,4
2024,8,16,3,7,8,6,3,23,5,43,36,7,43,43,6,37,27,1,11,6,9,6,3,3,3,3,4,6
2024,8,16,4,11,8,3,1,18,5,40,29,11,40,40,3,37,25,6,10,5,6,3,5,5,5,3,4,3
2024,8,16,5,9,6,6,6,18,6,39,30,9,39,39,3,36,27,3,9,6,9,3,2,2,2,1,3,6
2024,8,16,6,8,4,6,1,10,3,30,22,8,30,30,2,28,17,6,6,2,4,2,4,4,4,1,2,6
2024,8,16,7,7,4,2,4,17,1,37,30,7,37,37,5,32,23,2,7,5,10,5,4,4,4,6,2,2
2024,8,16,8,8,10,3,2,14,2,31,23,8,31,31,3,28,18,2,5,6,5,3,1,1,1,4,5,3
2024,8,16,9,4,2,1,4,6,2,19,15,4,19,19,1,18,12,2,3,2,5,1,2,2,2,3,1,1
2024,8,16,10,4,10,1,4,8,1,27,23,4,27,27,5,22,15,3,2,1,5,5,3,3,3,3,5,1
2024,8,16,11,5,12,6,4,10,6,34,29,5,34,34,1,33,18,4,8,1,6,1,3,3,3,1,6,6
2024,8,17,0,6,8,2,5,17,3,36,30,6,36,36,6,30,25,3,8,3,10,6,3,3,3,2,4,2
2024,8,17,1,7,2,2,1,10,3,26,19,7,26,26,1,25,16,5,7,2,5,1,3,3,3,4,1,2
2024,8,17,2,3,6,6,5,19,6,41,38,3,41,41,6,35,26,2,12,1,11,6,2,2,2,4,3,6
2024,8,17,3,8,6,3,6,16,3,38,30,8,38,38,3,35,26,4,9,4,12,3,4,4,4,2,3,3
2024,8,17,4,6,2,4,1,17,4,33,27,6,33,33,6,27,20,2,7,4,4,6,4,4,4,4,1,4
2024,8,17,5,5,6,1,5,12,2,32,27,5,32,32,5,27,19,2,4,3,7,5,5,5,5,4,3,1
2024,8,17,6,2,10,5,6,10,4,31,29,2,31,31,4,27,17,1,5,1,7,4,1,1,1,3,5,5
2024,8,17,7,12,12,2,1,21,5,47,35,12,47,47,6,41,28,6,9,6,5,6,6,6,6,5,6,2
2024,8,17,8,2,4,6,2,15,3,35,33,2,35,35,6,29,18,1,8,1,7,6,3,3,3,6,2,6
2024,8,17,9,6,6,1,6,14,6,33,27,6,33,33,1,32,23,3,10,3,10,1,2,2,2,4,3,1
2024,8,17,10,8,6,3,6,16,3,36,28,8,36,36,6,30,26,4,6,4,9,6,1,1,1,3,3,3
2024,8,17,11,11,8,3,5,11,1,32,21,11,32,32,1,31,22,6,5,5,9,1,2,2,2,1,4,3
2024,8,18,0,8,4,3,5,17,6,41,33,8,41,41,2,39,25,3,10,5,9,2,5,5,5,6,2,3
2024,8,18,1,2,6,2,5,13,6,30,28,2,30,30,4,26,19,1,8,1,7,4,4,4,4,2,3,2
2024,8,18,2,8,2,4,6,10,2,34,26,8,34,34,1,33,22,6,7,2,11,1,6,6,6,1,1,4
2024,8,18,3,6,6,2,5,9,4,31,25,6,31,31,1,30,18,4,6,2,7,1,3,3,3,5,3,2
2024,8,18,4,10,6,2,2,18,2,40,30,10,40,40,5,35,25,5,8,5,8,5,5,5,5,5,3,2
2024,8,18,5,8,6,4,2,18,4,36,28,8,36,36,6,30,22,2,6,6,4,6,1,1,1,6,3,4
2024,8,18,6,7,10,4,2,11,5,30,23,7,30,30,1,29,18,5,8,2,5,1,1,1,1,2,5,4
2024,8,18,7,5,4,1,2,14,5,27,22,5,27,27,4,23,19,3,8,2,5,4,3,3,3,2,2,1
2024,8,18,8,10,2,2,2,13,2,35,25,10,35,35,2,33,21,6,7,4,7,2,5,5,5,6,1,2
2024,8,18,9,6,6,4,6,12,1,37,31,6,37,37,4,33,22,4,6,2,11,4,3,3,3,5,3,4
2024,8,18,10,6,4,4,1,15,5,35,29,6,35,35,6,29,19,3,6,3,2,6,4,4,4,6,2,4
2024,8,18,11,9,8,5,5,22,5,44,35,9,44,44,6,38,31,4,11,5,11,6,3,3,3,1,4,5
2024,8,19,0,9,10,3,4,16,6,40,31,9,40,40,1,39,25,5,11,4,9,1,4,4,4,3,5,3
2024,8,19,1,6,12,3,3,11,1,39,33,6,39,39,6,33,18,4,3,2,5,6,6,6,6,6,6,3
2024,8,19,2,9,2,3,5,11,3,32,23,9,32,32,1,31,22,6,7,3,9,1,1,1,1,5,1,3
2024,8,19,3,7,10,6,4,18,6,45,38,7,45,45,4,41,27,5,12,2,10,4,1,1,1,6,5,6
2024,8,19,4,5,8,2,4,17,6,37,32,5,37,37,5,32,23,2,9,3,7,5,2,2,2,6,4,2
2024,8,19,5,10,10,6,3,12,4,40,30,10,40,40,1,39,20,5,6,5,5,1,3,3,3,6,5,6
2024,8,19,6,10,10,3,2,12,5,36,26,10,36,36,2,34,20,6,6,4,3,2,4,4,4,4,5,3
2024,8,19,7,8,10,2,2,13,2,30,22,8,30,30,1,29,17,2,6,6,6,1,3,3,3,3,5,2
2024,8,19,8,6,8,2,3,17,5,33,27,6,33,33,6,27,25,5,10,1,8,6,1,1,1,1,4,2
2024,8,19,9,8,8,2,6,14,3,40,32,8,40,40,5,35,26,6,7,2,10,5,6,6,6,2,4,2
2024,8,19,10,4,4,6,3,15,3,38,34,4,38,38,5,33,20,2,8,2,8,5,6,6,6,4,2,6
2024,8,19,11,10,2,2,3,22,6,39,29,10,39,39,5,34,29,4,11,6,8,5,1,1,1,6,1,2
2024,8,20,0,5,12,2,2,9,1,25,20,5,25,25,2,23,15,4,6,1,7,2,1,1,1,1,6,2
2024,8,20,1,3,6,3,3,15,5,35,32,3,35,35,4,31,20,2,10,1,8,4,3,3,3,6,3,3
2024,8,20,2,2,4,1,4,12,5,31,29,2,31,31,4,27,17,1,7,1,6,4,6,6,6,5,2,1
2024,8,20,3,3,2,2,1,10,2,23,20,3,23,23,3,20,12,1,5,2,4,3,3,3,3,5,1,2
2024,8,20,4,6,12,1,3,13,2,26,20,6,26,26,2,24,17,1,6,5,7,2,1,1,1,1,6,1
2024,8,20,5,8,4,6,2,18,6,39,31,8,39,39,6,33,23,3,7,5,3,6,3,3,3,5,2,6
2024,8,20,6,6,6,4,5,13,4,36,30,6,36,36,2,34,23,5,10,1,11,2,2,2,2,4,3,4
2024,8,20,7,3,10,2,1,11,3,29,26,3,29,29,3,26,14,2,7,1,5,3,3,3,3,5,5,2
2024,8,20,8,9,2,5,5,15,5,39,30,9,39,39,4,35,26,6,8,3,8,4,3,3,3,4,1,5
2024,8,20,9,9,8,5,4,12,2,39,30,9,39,39,3,36,19,3,3,6,5,3,6,6,6,5,4,5
2024,8,20,10,8,12,2,3,12,6,35,27,8,35,35,1,34,19,4,7,4,4,1,3,3,3,5,6,2
2024,8,20,11,5,4,1,3,9,2,21,16,5,21,21,2,19,14,2,4,3,5,2,1,1,1,3,2,1
2024,8,21,0,30,14,23,5,69,14,145,115,30,145,145,26,119,84,10,23,20,14,26,12,12,12,19,7,23
2024,8,21,1,36,40,26,20,53,10,155,119,36,155,155,8,147,79,6,15,30,25,8,7,7,7,23,20,26
2024,8,21,2,50,44,15,19,80,22,182,132,50,182,182,14,168,121,22,38,28,35,14,13,13,13,11,22,15
2024,8,21,3,45,60,21,8,76,12,195,150,45,195,195,15,180,104,20,36,25,32,15,22,22,22,18,30,21
2024,8,21,4,17,54,27,10,84,27,196,179,17,196,196,25,171,101,7,49,10,32,25,26,26,26,15,27,27
2024,8,21,5,27,18,22,10,64,14,130,103,27,130,130,22,108,79,5,20,22,16,22,8,8,8,12,9,22
2024,8,21,6,19,28,10,6,55,20,142,123,19,142,142,8,134,72,11,39,8,25,8,20,20,20,26,14,10
2024,8,21,7,39,40,22,28,47,10,174,135,39,174,174,6,168,89,14,16,25,34,6,15,15,15,28,20,22
2024,8,21,8,35,10,12,11,99,29,149,114,35,149,149,27,122,115,5,42,30,24,27,9,9,9,8,5,12
2024,8,21,9,34,30,6,16,91,20,179,145,34,179,179,28,151,120,13,42,21,38,28,17,17,17,21,15,6
2024,8,21,10,41,14,15,14,62,5,140,99,41,140,140,17,123,90,14,18,27,27,17,9,9,9,19,7,15
2024,8,21,11,41,48,26,14,86,17,211,170,41,211,211,23,188,114,14,36,27,33,23,19,19,19,28,24,26
2024,8,22,0,10,8,2,3,17,6,34,24,10,34,34,2,32,24,4,9,6,6,2,1,1,1,3,4,2
2024,8,22,1,9,12,1,5,17,6,45,36,9,45,45,2,43,28,6,12,3,11,2,5,5,5,5,6,1
2024,8,22,2,9,6,3,1,18,6,36,27,9,36,36,6,30,25,6,9,3,4,6,4,4,4,1,3,3
2024,8,22,3,7,10,2,6,14,3,38,31,7,38,38,5,33,25,5,7,2,10,5,5,5,5,1,5,2
2024,8,22,4,6,10,2,5,16,4,37,31,6,37,37,5,32,26,5,10,1,11,5,2,2,2,2,5,2
2024,8,22,5,5,10,2,2,9,3,31,26,5,31,31,3,28,15,4,5,1,4,3,5,5,5,4,5,2
2024,8,22,6,3,2,2,3,17,6,32,29,3,32,32,5,27,22,2,11,1,8,5,6,6,6,1,1,2
2024,8,22,7,4,6,3,6,19,6,41,37,4,41,41,4,37,26,1,12,3,12,4,5,5,5,4,3,3
2024,8,22,8,7,6,6,5,14,1,38,31,7,38,38,5,33,20,1,3,6,7,5,3,3,3,6,3,6
2024,8,22,9,6,10,6,3,18,6,39,33,6,39,39,5,34,23,2,9,4,6,5,4,4,4,1,5,6
2024,8,22,10,10,12,2,1,9,1,33,23,10,33,33,3,30,16,6,2,4,2,3,6,6,6,3,6,2
2024,8,22,11,7,4,5,1,13,3,33,26,7,33,33,4,29,18,4,6,3,4,4,5,5,5,3,2,5
2024,8,23,0,4,12,3,6,10,2,30,26,4,30,30,1,29,19,3,8,1,12,1,1,1,1,1,6,3
2024,8,23,1,8,10,6,3,15,1,38,30,8,38,38,4,34,21,3,6,5,8,4,2,2,2,4,5,6
2024,8,23,2,5,12,6,1,8,5,31,26,5,31,31,1,30,13,4,6,1,2,1,1,1,1,5,6,6
2024,8,23,3,4,12,2,5,14,2,35,31,4,35,35,5,30,22,3,8,1,11,5,3,3,3,2,6,2
2024,8,23,4,7,6,3,6,9,1,30,23,7,30,30,2,28,17,2,2,5,7,2,3,3,3,4,3,3
2024,8,23,5,3,4,4,5,10,4,29,26,3,29,29,3,26,17,2,6,1,7,3,1,1,1,5,2,4
2024,8,23,6,9,10,1,4,16,6,35,26,9,35,35,1,34,23,3,9,6,7,1,4,4,4,2,5,1
2024,8,23,7,10,10,4,3,15,6,38,28,10,38,38,1,37,22,4,8,6,5,1,2,2,2,5,5,4
2024,8,23,8,5,10,6,3,12,3,36,31,5,36,36,3,33,16,1,5,4,5,3,5,5,5,4,5,6
2024,8,23,9,6,10,6,5,11,4,35,29,6,35,35,2,33,20,4,7,2,8,2,2,2,2,2,5,6
2024,8,23,10,10,4,1,6,15,2,36,26,10,36,36,3,33,25,4,6,6,10,3,2,2,2,6,2,1
2024,8,23,11,7,2,4,2,15,1,26,19,7,26,26,3,23,19,2,7,5,8,3,1,1,1,1,1,4
2024,8,24,0,6,2,1,5,15,6,32,26,6,32,32,6,26,25,5,8,1,7,6,4,4,4,1,1,1
2024,8,24,1,6,8,2,1,19,6,36,30,6,36,36,4,32,23,3,12,3,7,4,4,4,4,3,4,2
2024,8,24,2,4,8,1,1,15,6,31,27,4,31,31,2,29,19,3,12,1,7,2,5,5,5,2,4,1
2024,8,24,3,8,4,5,1,7,1,29,21,8,29,29,1,28,14,6,4,2,4,1,2,2,2,6,2,5
2024,8,24,4,8,6,6,2,11,1,35,27,8,35,35,3,32,19,6,6,2,7,3,6,6,6,1,3,6
2024,8,24,5,11,10,6,1,12,3,36,25,11,36,36,1,35,19,6,6,5,4,1,5,5,5,1,5,6
2024,8,24,6,6,8,6,5,18,1,41,35,6,41,41,6,35,24,1,7,5,11,6,6,6,6,1,4,6
2024,8,24,7,7,6,3,4,14,3,35,28,7,35,35,4,31,20,2,5,5,6,4,5,5,5,4,3,3
2024,8,24,8,5,2,4,6,12,1,36,31,5,36,36,6,30,22,4,5,1,10,6,6,6,6,3,1,4
2024,8,24,9,7,4,5,1,19,5,37,30,7,37,37,4,33,21,1,9,6,5,4,4,4,4,5,2,5
2024,8,24,10,7,4,6,4,16,4,35,28,7,35,35,1,34,22,2,10,5,10,1,3,3,3,2,2,6
2024,8,24,11,7,12,4,1,15,2,30,23,7,30,30,3,27,18,2,7,5,6,3,1,1,1,1,6,4
2024,8,25,0,7,6,5,3,6,1,31,24,7,31,31,3,28,15,6,2,1,4,3,4,4,4,4,3,5
2024,8,25,1,8,6,1,4,7,2,31,23,8,31,31,1,30,17,6,4,2,6,1,5,5,5,5,3,1
2024,8,25,2,8,8,4,6,15,6,43,35,8,43,43,5,38,26,5,7,3,7,5,6,6,6,3,4,4
2024,8,25,3,10,10,2,1,15,5,32,22,10,32,32,3,29,20,4,6,6,2,3,4,4,4,1,5,2
2024,8,25,4,7,4,6,2,16,5,34,27,7,34,34,5,29,24,6,10,1,7,5,1,1,1,1,2,6
2024,8,25,5,9,6,3,1,17,3,34,25,9,34,34,5,29,24,6,9,3,7,5,3,3,3,1,3,3
2024,8,25,6,7,12,5,3,18,4,40,33,7,40,40,3,37,22,1,9,6,8,3,4,4,4,3,6,5
2024,8,25,7,9,10,1,2,21,4,39,30,9,39,39,6,33,26,3,9,6,7,6,6,6,6,1,5,1
2024,8,25,8,6,8,2,2,13,5,32,26,6,32,32,2,30,19,4,9,2,6,2,2,2,2,5,4,2
2024,8,25,9,8,10,1,2,10,1,25,17,8,25,25,1,24,14,2,3,6,4,1,2,2,2,3,5,1
2024,8,25,10,4,2,5,4,7,1,26,22,4,26,26,1,25,14,3,5,1,8,1,1,1,1,5,1,5
2024,8,25,11,10,8,1,3,21,6,37,27,10,37,37,4,33,28,4,11,6,8,4,1,1,1,3,4,1
2024,8,26,0,6,12,4,2,18,3,38,32,6,38,38,6,32,21,1,7,5,6,6,6,6,6,1,6,4
2024,8,26,1,3,4,5,5,16,6,37,34,3,37,37,4,33,22,1,10,2,9,4,6,6,6,2,2,5
2024,8,26,2,12,8,5,2,14,3,37,25,12,37,37,1,36,22,6,7,6,6,1,4,4,4,2,4,5
2024,8,26,3,9,2,1,6,21,5,37,28,9,37,37,5,32,30,3,10,6,11,5,3,3,3,2,1,1
2024,8,26,4,12,12,4,3,14,2,45,33,12,45,45,2,43,23,6,6,6,7,2,6,6,6,6,6,4
2024,8,26,5,3,10,1,5,8,2,29,26,3,29,29,1,28,15,2,6,1,9,1,5,5,5,3,5,1
2024,8,26,6,9,2,6,6,12,2,41,32,9,41,41,2,39,23,5,6,4,10,2,6,6,6,5,1,6
2024,8,26,7,8,4,6,3,10,5,36,28,8,36,36,1,35,18,5,6,3,4,1,6,6,6,4,2,6
2024,8,26,8,7,8,5,2,19,3,40,33,7,40,40,6,34,24,3,9,4,8,6,3,3,3,4,4,5
2024,8,26,9,5,6,3,4,11,3,35,30,5,35,35,3,32,17,2,5,3,6,3,6,6,6,6,3,3
2024,8,26,10,5,4,2,5,11,1,30,25,5,30,30,5,25,18,2,3,3,7,5,2,2,2,6,2,2
2024,8,26,11,11,10,6,5,17,5,48,37,11,48,48,1,47,27,5,10,6,10,1,6,6,6,4,5,6
2024,8,27,0,4,6,3,1,15,4,32,28,4,32,32,6,26,19,3,8,1,5,6,2,2,2,5,3,3
2024,8,27,1,6,4,4,3,20,6,43,37,6,43,43,6,37,26,3,11,3,8,6,5,5,5,6,2,4
2024,8,27,2,7,4,6,4,14,2,37,30,7,37,37,6,31,21,3,4,4,6,6,2,2,2,6,2,6
2024,8,27,3,6,10,5,6,13,2,37,31,6,37,37,4,33,22,3,6,3,10,4,3,3,3,2,5,5
2024,8,27,4,9,2,4,6,14,5,41,32,9,41,41,1,40,25,5,9,4,10,1,5,5,5,6,1,4
2024,8,27,5,4,2,5,6,20,5,42,38,4,42,42,6,36,27,1,11,3,12,6,5,5,5,4,1,5
2024,8,27,6,8,2,6,4,14,5,38,30,8,38,38,2,36,20,2,6,6,5,2,5,5,5,6,1,6
2024,8,27,7,10,10,2,2,16,5,40,30,10,40,40,2,38,22,4,8,6,5,2,6,6,6,5,5,2
2024,8,27,8,8,4,2,5,16,3,36,28,8,36,36,4,32,26,5,9,3,11,4,3,3,3,3,2,2
2024,8,27,9,2,6,5,5,6,1,30,28,2,30,30,3,27,12,1,2,1,6,3,5,5,5,5,3,5
2024,8,27,10,6,10,5,1,12,2,36,30,6,36,36,4,32,18,5,7,1,6,4,5,5,5,3,5,5
2024,8,27,11,9,12,6,2,8,1,35,26,9,35,35,1,34,15,5,3,4,4,1,6,6,6,2,6,6
2024,8,28,0,7,6,1,3,9,2,28,21,7,28,28,3,25,17,5,4,2,5,3,3,3,3,4,3,1
2024,8,28,1,10,4,5,5,17,2,39,29,10,39,39,6,33,26,4,5,6,8,6,4,4,4,2,2,5
2024,8,28,2,6,6,3,4,12,4,32,26,6,32,32,3,29,20,4,7,2,7,3,3,3,3,3,3,3
2024,8,28,3,8,4,4,1,14,6,32,24,8,32,32,4,28,20,5,7,3,2,4,2,2,2,4,2,4
2024,8,28,4,2,10,3,2,11,1,32,30,2,32,32,4,28,14,1,6,1,7,4,5,5,5,5,5,3
2024,8,28,5,7,10,2,2,12,4,36,29,7,36,36,5,31,19,5,5,2,3,5,4,4,4,6,5,2
2024,8,28,6,6,4,5,4,15,3,32,26,6,32,32,3,29,22,3,9,3,10,3,1,1,1,2,2,5
2024,8,28,7,5,6,1,1,11,2,28,23,5,28,28,2,26,14,2,6,3,5,2,4,4,4,6,3,1
2024,8,28,8,5,2,5,6,15,5,37,32,5,37,37,1,36,22,1,10,4,11,1,5,5,5,4,1,5
2024,8,28,9,6,8,4,3,21,6,37,31,6,37,37,6,31,27,3,12,3,9,6,1,1,1,1,4,4
2024,8,28,10,5,2,6,2,12,3,27,22,5,27,27,1,26,16,2,8,3,7,1,1,1,1,3,1,6
2024,8,28,11,8,2,6,5,22,6,43,35,8,43,43,5,38,29,2,11,6,10,5,2,2,2,5,1,6
2024,8,29,0,9,4,5,3,15,4,36,27,9,36,36,5,31,24,6,7,3,6,5,2,2,2,3,2,5
2024,8,29,1,9,6,4,5,18,6,42,33,9,42,42,4,38,28,5,10,4,9,4,2,2,2,5,3,4
2024,8,29,2,4,6,1,3,16,4,34,30,4,34,34,6,28,22,3,9,1,8,6,3,3,3,5,3,1
2024,8,29,3,3,8,1,4,10,1,32,29,3,32,32,4,28,16,2,5,1,8,4,5,5,5,6,4,1
2024,8,29,4,2,2,3,3,10,3,30,28,2,30,30,5,25,14,1,4,1,4,5,6,6,6,6,1,3
2024,8,29,5,3,10,3,5,9,2,30,27,3,30,30,3,27,16,2,5,1,8,3,4,4,4,2,5,3
2024,8,29,6,11,10,1,1,13,1,28,17,11,28,28,3,25,20,6,5,5,5,3,1,1,1,1,5,1
2024,8,29,7,8,4,2,6,11,1,36,28,8,36,36,5,31,22,5,3,3,8,5,4,4,4,6,2,2
2024,8,29,8,10,4,6,2,12,1,33,23,10,33,33,2,31,18,4,4,6,5,2,1,1,1,6,2,6
2024,8,29,9,8,6,6,2,13,6,37,29,8,37,37,1,36,21,6,10,2,6,1,5,5,5,2,3,6
2024,8,29,10,7,10,4,4,10,6,31,24,7,31,31,1,30,19,5,7,2,5,1,1,1,1,2,5,4
2024,8,29,11,10,10,4,4,19,6,42,32,10,42,42,2,40,27,4,11,6,9,2,3,3,3,3,5,4
2024,8,30,0,10,2,4,6,15,4,43,33,10,43,43,3,40,26,5,7,5,9,3,6,6,6,6,1,4
2024,8,30,1,4,10,2,4,14,5,32,28,4,32,32,6,26,20,2,6,2,5,6,4,4,4,1,5,2
2024,8,30,2,4,12,1,6,10,1,33,29,4,33,33,3,30,18,2,5,2,10,3,5,5,5,3,6,1
2024,8,30,3,7,12,5,5,16,6,45,38,7,45,45,1,44,22,1,9,6,8,1,6,6,6,6,6,5
2024,8,30,4,3,8,6,1,14,2,34,31,3,34,34,4,30,16,1,8,2,7,4,5,5,5,3,4,6
2024,8,30,5,5,2,5,6,14,1,38,33,5,38,38,6,32,23,3,6,2,11,6,6,6,6,3,1,5
2024,8,30,6,8,4,6,1,11,1,34,26,8,34,34,1,33,17,5,7,3,7,1,5,5,5,4,2,6
2024,8,30,7,8,10,3,5,15,2,37,29,8,37,37,5,32,25,5,7,3,10,5,3,3,3,1,5,3
2024,8,30,8,7,4,1,3,13,3,28,21,7,28,28,5,23,20,4,5,3,5,5,2,2,2,3,2,1
2024,8,30,9,6,12,4,1,12,6,30,24,6,30,30,2,28,18,5,9,1,4,2,1,1,1,1,6,4
2024,8,30,10,8,2,4,6,17,6,42,34,8,42,42,4,38,28,5,10,3,10,4,3,3,3,6,1,4
2024,8,30,11,9,4,5,3,18,5,36,27,9,36,36,4,32,25,4,9,5,7,4,2,2,2,2,2,5
2024,8,31,0,4,4,4,6,16,6,38,34,4,38,38,3,35,25,3,12,1,12,3,3,3,3,4,2,4
2024,8,31,1,8,2,5,4,14,2,34,26,8,34,34,4,30,22,4,6,4,8,4,3,3,3,3,1,5
2024,8,31,2,9,6,2,2,14,1,34,25,9,34,34,4,30,22,6,7,3,8,4,3,3,3,4,3,2
2024,8,31,3,4,10,6,1,12,3,36,32,4,36,36,5,31,16,3,6,1,4,5,6,6,6,3,5,6
2024,8,31,4,11,2,3,5,18,5,39,28,11,39,39,6,33,29,6,7,5,7,6,1,1,1,5,1,3
2024,8,31,5,2,12,1,6,9,3,32,30,2,32,32,2,30,16,1,6,1,9,2,4,4,4,5,6,1
2024,8,31,6,6,8,2,3,10,1,34,28,6,34,34,6,28,18,5,3,1,5,6,5,5,5,5,4,2
2024,8,31,7,5,10,6,5,8,1,31,26,5,31,31,1,30,16,3,5,2,9,1,3,3,3,1,5,6
2024,8,31,8,7,10,1,5,7,1,30,23,7,30,30,2,28,16,4,2,3,6,2,4,4,4,4,5,1
2024,8,31,9,7,10,4,5,19,1,41,34,7,41,41,6,35,25,1,7,6,11,6,3,3,3,4,5,4
2024,8,31,10,7,2,4,6,16,3,42,35,7,42,42,5,37,26,4,8,3,11,5,6,6,6,5,1,4
2024,8,31,11,7,8,1,5,16,5,38,31,7,38,38,2,36,24,3,10,4,10,2,5,5,5,4,4,1
2024,9,1,0,5,8,4,1,12,2,28,23,5,28,28,5,23,14,1,3,4,2,5,4,4,4,2,4,4
2024,9,1,1,7,6,3,2,17,6,37,30,7,37,37,1,36,22,3,12,4,8,1,3,3,3,6,3,3
2024,9,1,2,8,6,3,6,8,2,37,29,8,37,37,2,35,20,6,4,2,8,2,5,5,5,6,3,3
2024,9,1,3,6,4,6,6,17,6,40,34,6,40,40,6,34,28,5,10,1,10,6,3,3,3,1,2,6
2024,9,1,4,7,10,5,3,17,5,43,36,7,43,43,4,39,24,4,10,3,8,4,6,6,6,3,5,5
2024,9,1,5,3,6,1,5,16,6,34,31,3,34,34,3,31,23,2,12,1,11,3,5,5,5,2,3,1
2024,9,1,6,8,10,3,3,14,2,33,25,8,33,33,4,29,20,3,5,5,6,4,2,2,2,3,5,3
2024,9,1,7,9,8,3,6,14,1,40,31,9,40,40,6,34,26,6,5,3,10,6,2,2,2,5,4,3
2024,9,1,8,6,4,1,5,13,4,34,28,6,34,34,2,32,19,1,6,5,7,2,6,6,6,6,2,1
2024,9,1,9,5,4,2,5,14,6,37,32,5,37,37,3,34,22,3,9,2,8,3,6,6,6,5,2,2
2024,9,1,10,8,10,6,3,15,5,38,30,8,38,38,2,36,21,3,8,5,6,2,3,3,3,3,5,6
2024,9,1,11,6,8,1,5,13,2,33,27,6,33,33,5,28,21,3,5,3,8,5,6,6,6,1,4,1
2024,9,2,0,9,6,2,6,19,5,44,35,9,44,44,3,41,29,4,11,5,12,3,5,5,5,5,3,2
2024,9,2,1,11,6,6,2,20,6,46,35,11,46,46,6,40,27,5,8,6,4,6,4,4,4,6,3,6
2024,9,2,2,4,10,1,6,15,6,34,30,4,34,34,3,31,23,2,10,2,10,3,1,1,1,4,5,1
2024,9,2,3,5,8,3,6,13,4,35,30,5,35,35,1,34,21,2,9,3,11,1,5,5,5,2,4,3
2024,9,2,4,9,12,4,4,16,1,46,37,9,46,46,6,40,26,6,7,3,10,6,4,4,4,6,6,4
2024,9,2,5,9,2,3,3,15,1,29,20,9,29,29,5,24,22,4,5,5,7,5,1,1,1,2,1,3
2024,9,2,6,6,12,5,5,8,1,35,29,6,35,35,1,34,16,3,4,3,8,1,6,6,6,2,6,5
2024,9,2,7,10,2,6,3,17,6,36,26,10,36,36,4,32,24,4,7,6,4,4,4,4,4,1,1,6
2024,9,2,8,5,12,2,2,11,1,29,24,5,29,29,2,27,15,2,6,3,7,2,1,1,1,5,6,2
2024,9,2,9,5,2,4,5,17,4,34,29,5,34,34,5,29,23,1,8,4,9,5,1,1,1,5,1,4
2024,9,2,10,6,12,5,4,14,3,38,32,6,38,38,5,33,19,1,4,5,5,5,2,2,2,6,6,5
2024,9,2,11,9,12,6,6,18,3,49,40,9,49,49,6,43,30,6,9,3,12,6,2,2,2,5,6,6
2024,9,3,0,2,12,6,4,8,4,31,29,2,31,31,1,30,13,1,6,1,6,1,2,2,2,4,6,6
2024,9,3,1,2,8,2,2,17,5,38,36,2,38,38,6,32,20,1,10,1,7,6,6,6,6,6,4,2
2024,9,3,2,6,12,1,5,13,1,34,28,6,34,34,5,29,22,4,6,2,10,5,4,4,4,1,6,1
2024,9,3,3,7,4,4,5,17,4,33,26,7,33,33,3,30,24,2,9,5,10,3,1,1,1,2,2,4
2024,9,3,4,9,4,3,4,15,5,35,26,9,35,35,3,32,25,6,9,3,8,3,2,2,2,3,2,3
2024,9,3,5,7,10,3,6,15,1,38,31,7,38,38,5,33,24,3,6,4,11,5,5,5,5,1,5,3
2024,9,3,6,12,6,5,2,21,6,44,32,12,44,44,5,39,29,6,10,6,6,5,1,1,1,6,3,5
2024,9,3,7,3,4,4,4,14,3,31,28,3,31,31,5,26,19,1,7,2,8,5,5,5,5,1,2,4
2024,9,3,8,6,8,3,2,13,6,29,23,6,29,29,1,28,16,1,7,5,3,1,4,4,4,2,4,3
2024,9,3,9,7,8,4,3,16,2,36,29,7,36,36,4,32,21,2,7,5,8,4,4,4,4,3,4,4
2024,9,3,10,5,8,5,1,15,6,34,29,5,34,34,2,32,20,4,12,1,7,2,4,4,4,1,4,5
2024,9,3,11,6,10,4,3,10,2,35,29,6,35,35,4,31,18,5,5,1,6,4,4,4,4,4,5,4
2024,9,4,0,8,12,5,2,17,6,46,38,8,46,46,3,43,24,5,11,3,7,3,6,6,6,5,6,5
2024,9,4,1,10,4,6,2,18,5,40,30,10,40,40,4,36,25,5,9,5,6,4,6,6,6,1,2,6
2024,9,4,2,8,6,5,3,8,3,34,26,8,34,34,1,33,16,5,4,3,4,1,4,4,4,6,3,5
2024,9,4,3,6,4,5,5,9,3,34,28,6,34,34,3,31,19,5,5,1,7,3,6,6,6,2,2,5
2024,9,4,4,8,8,2,5,17,4,44,36,8,44,44,5,39,28,6,10,2,11,5,4,4,4,6,4,2
2024,9,4,5,9,2,4,1,9,1,27,18,9,27,27,1,26,13,3,2,6,2,1,6,6,6,3,1,4
2024,9,4,6,7,8,1,6,12,3,37,30,7,37,37,1,36,23,5,9,2,12,1,6,6,6,3,4,1
2024,9,4,7,9,12,4,6,21,6,47,38,9,47,47,4,43,30,3,11,6,11,4,4,4,4,3,6,4
2024,9,4,8,5,6,5,6,14,6,41,36,5,41,41,4,37,22,2,7,3,7,4,6,6,6,5,3,5
2024,9,4,9,5,4,3,1,14,6,33,28,5,33,33,4,29,18,3,8,2,3,4,6,6,6,4,2,3
2024,9,4,10,7,6,4,6,18,5,39,32,7,39,39,4,35,26,2,9,5,10,4,3,3,3,3,3,4
2024,9,4,11,9,10,3,6,18,6,50,41,9,50,50,3,47,30,6,12,3,12,3,6,6,6,6,5,3
2024,9,5,0,4,4,6,4,13,5,36,32,4,36,36,5,31,20,3,7,1,6,5,3,3,3,5,2,6
2024,9,5,1,9,2,3,2,13,4,29,20,9,29,29,2,27,19,4,6,5,4,2,3,3,3,3,1,3
2024,9,5,2,10,4,3,3,14,5,34,24,10,34,34,1,33,22,5,8,5,6,1,3,3,3,4,2,3
2024,9,5,3,6,8,6,4,11,1,38,32,6,38,38,5,33,19,4,4,2,7,5,4,4,4,5,4,6
2024,9,5,4,9,8,3,4,16,6,37,28,9,37,37,2,35,24,4,9,5,7,2,2,2,2,4,4,3
2024,9,5,5,3,4,6,6,13,5,35,32,3,35,35,5,30,20,1,6,2,7,5,2,2,2,5,2,6
2024,9,5,6,9,2,2,4,16,3,33,24,9,33,33,5,28,24,4,6,5,7,5,4,4,4,2,1,2
2024,9,5,7,9,2,4,5,20,6,39,30,9,39,39,3,36,28,3,11,6,10,3,4,4,4,2,1,4
2024,9,5,8,6,4,3,3,12,4,31,25,6,31,31,2,29,19,4,8,2,7,2,6,6,6,1,2,3
2024,9,5,9,6,4,1,2,13,2,29,23,6,29,29,4,25,19,4,7,2,7,4,5,5,5,2,2,1
2024,9,5,10,5,10,5,4,11,3,37,32,5,37,37,1,36,19,4,9,1,10,1,3,3,3,5,5,5
2024,9,5,11,7,10,1,6,12,3,29,22,7,29,29,2,27,19,1,4,6,7,2,3,3,3,1,5,1
2024,9,6,0,2,8,6,4,12,5,35,33,2,35,35,2,33,17,1,9,1,8,2,6,6,6,2,4,6
2024,9,6,1,7,4,1,1,15,4,27,20,7,27,27,2,25,18,2,8,5,5,2,3,3,3,3,2,1
2024,9,6,2,3,4,4,2,13,2,28,25,3,28,28,5,23,16,1,6,2,6,5,2,2,2,4,2,4
2024,9,6,3,9,12,4,5,12,1,38,29,9,38,38,3,35,23,6,6,3,10,3,1,1,1,4,6,4
2024,9,6,4,5,10,6,2,10,2,32,27,5,32,32,4,28,14,2,3,3,3,4,5,5,5,2,5,6
2024,9,6,5,4,6,6,6,12,3,37,33,4,37,37,3,34,20,2,7,2,10,3,2,2,2,6,3,6
2024,9,6,6,10,12,6,3,15,2,42,32,10,42,42,4,38,22,4,5,6,6,4,2,2,2,6,6,6
2024,9,6,7,2,4,3,6,17,6,33,31,2,33,33,6,27,24,1,10,1,10,6,1,1,1,3,2,3
2024,9,6,8,7,4,2,2,20,6,35,28,7,35,35,3,32,24,2,12,5,8,3,1,1,1,6,2,2
2024,9,6,9,6,10,6,2,10,3,38,32,6,38,38,5,33,17,5,4,1,3,5,6,6,6,4,5,6
2024,9,6,10,7,12,3,4,11,5,33,26,7,33,33,1,32,18,3,6,4,5,1,4,4,4,2,6,3
2024,9,6,11,3,12,5,4,11,5,36,33,3,36,36,2,34,17,2,8,1,7,2,2,2,2,6,6,5
2024,9,7,0,11,12,1,5,17,5,44,33,11,44,44,5,39,28,6,7,5,7,5,6,6,6,3,6,1
2024,9,7,1,6,10,5,5,13,4,38,32,6,38,38,3,35,19,1,5,5,6,3,6,6,6,3,5,5
2024,9,7,2,7,12,6,6,17,1,41,34,7,41,41,5,36,24,1,6,6,11,5,4,4,4,1,6,6
2024,9,7,3,5,4,4,2,20,6,38,33,5,38,38,6,32,25,3,12,2,8,6,5,5,5,2,2,4
2024,9,7,4,8,4,6,4,12,1,34,26,8,34,34,3,31,21,5,6,3,9,3,4,4,4,1,2,6
2024,9,7,5,7,12,6,2,12,3,36,29,7,36,36,2,34,16,2,5,5,4,2,3,3,3,5,6,6
2024,9,7,6,4,6,2,1,16,4,26,22,4,26,26,3,23,18,1,10,3,7,3,2,2,2,1,3,2
2024,9,7,7,2,2,5,2,8,3,21,19,2,21,21,1,20,11,1,6,1,5,1,3,3,3,1,1,5
2024,9,7,8,8,4,1,1,17,4,33,25,8,33,33,6,27,21,3,6,5,3,6,5,5,5,4,2,1
2024,9,7,9,9,10,3,4,16,5,39,30,9,39,39,1,38,23,3,9,6,8,1,5,5,5,3,5,3
2024,9,7,10,5,10,5,2,11,2,33,28,5,33,33,3,30,15,2,5,3,5,3,5,5,5,3,5,5
2024,9,7,11,5,4,5,4,16,4,31,26,5,31,31,6,25,21,1,6,4,6,6,1,1,1,2,2,5
2024,9,8,0,5,4,2,3,14,4,33,28,5,33,33,2,31,20,3,10,2,9,2,5,5,5,4,2,2
2024,9,8,1,5,8,4,3,18,5,35,30,5,35,35,5,30,22,1,9,4,7,5,4,4,4,1,4,4
2024,9,8,2,11,10,6,3,14,3,42,31,11,42,42,1,41,22,5,7,6,7,1,3,3,3,6,5,6
2024,9,8,3,10,8,2,3,13,3,36,26,10,36,36,2,34,21,5,6,5,6,2,5,5,5,4,4,2
2024,9,8,4,6,12,1,2,17,6,39,33,6,39,39,4,35,24,5,12,1,8,4,3,3,3,5,6,1
2024,9,8,5,11,12,1,6,15,5,42,31,11,42,42,3,39,26,5,6,6,7,3,6,6,6,3,6,1
2024,9,8,6,7,8,1,2,15,2,32,25,7,32,32,4,28,20,3,7,4,7,4,1,1,1,6,4,1
2024,9,8,7,2,2,5,4,14,5,29,27,2,29,29,4,25,19,1,9,1,8,4,2,2,2,2,1,5
2024,9,8,8,6,4,1,3,17,5,35,29,6,35,35,6,29,23,3,8,3,6,6,6,6,6,3,2,1
2024,9,8,9,8,8,4,3,15,5,39,31,8,39,39,3,36,24,6,10,2,8,3,5,5,5,2,4,4
2024,9,8,10,8,2,6,4,14,3,38,30,8,38,38,3,35,21,3,6,5,7,3,6,6,6,4,1,6
2024,9,8,11,2,4,5,4,8,1,27,25,2,27,27,3,24,13,1,4,1,7,3,1,1,1,6,2,5
2024,9,9,0,8,6,3,1,20,4,36,28,8,36,36,6,30,25,4,10,4,7,6,2,2,2,3,3,3
2024,9,9,1,7,4,4,6,9,2,32,25,7,32,32,3,29,20,5,4,2,8,3,5,5,5,1,2,4
2024,9,9,2,8,2,5,4,14,2,34,26,8,34,34,4,30,24,6,8,2,10,4,1,1,1,3,1,5
2024,9,9,3,6,8,4,4,8,1,34,28,6,34,34,2,32,16,4,4,2,7,2,5,5,5,5,4,4
2024,9,9,4,7,12,1,5,12,2,36,29,7,36,36,3,33,23,6,8,1,11,3,3,3,3,3,6,1
2024,9,9,5,10,6,2,1,17,3,32,22,10,32,32,2,30,22,4,9,6,7,2,2,2,2,3,3,2
2024,9,9,6,3,4,5,4,14,4,34,31,3,34,34,2,32,19,1,10,2,10,2,3,3,3,5,2,5
2024,9,9,7,7,6,6,5,16,3,43,36,7,43,43,2,41,23,2,9,5,11,2,5,5,5,6,3,6
2024,9,9,8,9,8,5,3,17,6,41,32,9,41,41,6,35,26,6,8,3,5,6,4,4,4,2,4,5
2024,9,9,9,7,10,3,3,15,1,39,32,7,39,39,6,33,23,5,7,2,9,6,3,3,3,5,5,3
2024,9,9,10,9,6,2,4,13,2,38,29,9,38,38,2,36,23,6,8,3,10,2,4,4,4,6,3,2
2024,9,9,11,6,2,2,2,8,1,24,18,6,24,24,1,23,11,1,2,5,3,1,6,6,6,4,1,2
2024,9,10,0,10,6,3,3,19,3,41,31,10,41,41,5,36,27,5,9,5,9,5,6,6,6,2,3,3
2024,9,10,1,9,6,6,3,20,6,42,33,9,42,42,6,36,28,5,10,4,7,6,2,2,2,3,3,6
2024,9,10,2,8,8,6,3,18,3,44,36,8,44,44,4,40,23,2,8,6,8,4,6,6,6,5,4,6
2024,9,10,3,10,8,1,2,16,3,36,26,10,36,36,1,35,22,4,9,6,8,1,6,6,6,3,4,1
2024,9,10,4,2,8,6,1,10,4,28,26,2,28,28,1,27,12,1,8,1,5,1,3,3,3,3,4,6
2024,9,10,5,6,6,6,4,14,4,36,30,6,36,36,1,35,20,2,9,4,9,1,5,5,5,2,3,6
2024,9,10,6,7,8,6,3,15,5,40,33,7,40,40,1,39,20,2,9,5,7,1,4,4,4,6,4,6
2024,9,10,7,4,12,6,5,10,3,33,29,4,33,33,1,32,16,1,6,3,8,1,4,4,4,1,6,6
2024,9,10,8,11,2,3,5,16,2,40,29,11,40,40,5,35,27,6,6,5,9,5,4,4,4,5,1,3
2024,9,10,9,2,12,5,5,8,3,28,26,2,28,28,3,25,14,1,4,1,6,3,1,1,1,2,6,5
2024,9,10,10,12,10,6,6,16,3,47,35,12,47,47,4,43,28,6,6,6,9,4,5,5,5,3,5,6
2024,9,10,11,5,2,2,5,9,5,28,23,5,28,28,1,27,18,4,7,1,7,1,3,3,3,4,1,2
2024,9,11,0,6,6,4,1,14,2,29,23,6,29,29,3,26,18,3,8,3,7,3,2,2,2,2,3,4
2024,9,11,1,6,8,4,4,16,4,41,35,6,41,41,6,35,21,1,5,5,5,6,6,6,6,6,4,4
2024,9,11,2,8,2,5,5,16,3,39,31,8,39,39,4,35,23,2,6,6,8,4,4,4,4,6,1,5
2024,9,11,3,2,8,2,1,8,1,21,19,2,21,21,5,16,10,1,2,1,2,5,2,2,2,3,4,2
2024,9,11,4,8,10,2,1,10,1,31,23,8,31,31,2,29,17,6,6,2,6,2,1,1,1,6,5,2
2024,9,11,5,11,12,1,4,20,3,47,36,11,47,47,5,42,29,5,9,6,10,5,6,6,6,5,6,1
2024,9,11,6,9,6,2,2,13,1,34,25,9,34,34,6,28,21,6,4,3,5,6,6,6,6,2,3,2
2024,9,11,7,6,2,3,5,13,6,33,27,6,33,33,1,32,22,4,10,2,9,1,4,4,4,3,1,3
2024,9,11,8,5,10,1,1,15,2,35,30,5,35,35,6,29,20,4,8,1,7,6,5,5,5,4,5,1
2024,9,11,9,6,10,6,6,14,3,44,38,6,44,44,4,40,22,2,6,4,9,4,5,5,5,6,5,6
2024,9,11,10,4,10,1,2,14,1,28,24,4,28,28,6,22,19,3,7,1,8,6,2,2,2,1,5,1
2024,9,11,11,9,8,4,5,16,6,41,32,9,41,41,3,38,26,5,9,4,8,3,5,5,5,2,4,4
2024,9,12,0,8,2,3,5,13,6,33,25,8,33,33,3,30,23,5,7,3,6,3,2,2,2,4,1,3
2024,9,12,1,8,10,4,4,11,2,36,28,8,36,36,5,31,20,5,3,3,5,5,5,5,5,2,5,4
2024,9,12,2,6,6,3,3,18,2,35,29,6,35,35,5,30,22,1,8,5,9,5,4,4,4,3,3,3
2024,9,12,3,4,6,6,5,13,3,35,31,4,35,35,4,31,21,3,8,1,10,4,1,1,1,4,3,6
2024,9,12,4,6,12,5,1,11,2,35,29,6,35,35,1,34,14,2,6,4,5,1,6,6,6,4,6,5
2024,9,12,5,8,12,4,4,18,6,44,36,8,44,44,4,40,27,5,11,3,9,4,5,5,5,2,6,4
2024,9,12,6,7,8,1,3,13,1,31,24,7,31,31,1,30,18,2,7,5,9,1,4,4,4,4,4,1
2024,9,12,7,12,2,5,1,18,3,36,24,12,36,36,4,32,25,6,8,6,6,4,3,3,3,2,1,5
2024,9,12,8,10,10,2,5,12,2,36,26,10,36,36,4,32,23,6,4,4,7,4,5,5,5,1,5,2
2024,9,12,9,6,6,2,3,12,1,31,25,6,31,31,6,25,20,5,5,1,7,6,5,5,5,1,3,2
2024,9,12,10,11,6,4,4,19,5,40,29,11,40,40,5,35,28,5,8,6,7,5,3,3,3,2,3,4
2024,9,12,11,5,2,2,3,7,3,27,22,5,27,27,1,26,13,3,4,2,4,1,5,5,5,6,1,2
2024,9,13,0,4,12,5,4,9,2,36,32,4,36,36,3,33,16,3,5,1,7,3,5,5,5,4,6,5
2024,9,13,1,7,4,1,5,8,1,31,24,7,31,31,5,26,19,6,2,1,6,5,6,6,6,3,2,1
2024,9,13,2,5,6,1,1,15,2,30,25,5,30,30,4,26,17,1,7,4,6,4,4,4,4,5,3,1
2024,9,13,3,6,12,2,6,18,5,39,33,6,39,39,5,34,27,3,10,3,11,5,2,2,2,2,6,2
2024,9,13,4,5,4,3,3,16,5,30,25,5,30,30,2,28,20,1,10,4,8,2,2,2,2,3,2,3
2024,9,13,5,6,4,3,6,15,3,36,30,6,36,36,2,34,22,1,8,5,11,2,5,5,5,4,2,3
2024,9,13,6,8,12,3,3,14,6,35,27,8,35,35,1,34,20,3,8,5,5,1,2,2,2,4,6,3
2024,9,13,7,6,10,1,4,9,3,36,30,6,36,36,2,34,18,5,6,1,7,2,6,6,6,6,5,1
2024,9,13,8,5,6,3,3,10,3,29,24,5,29,29,1,28,16,3,7,2,7,1,4,4,4,3,3,3
2024,9,13,9,8,12,1,4,13,1,37,29,8,37,37,2,35,19,2,5,6,8,2,6,6,6,5,6,1
2024,9,13,10,7,4,3,4,14,2,30,23,7,30,30,3,27,20,2,6,5,8,3,2,2,2,3,2,3
2024,9,13,11,7,8,1,4,11,3,31,24,7,31,31,2,29,17,2,4,5,5,2,3,3,3,6,4,1
2024,9,14,0,6,12,5,4,10,3,35,29,6,35,35,2,33,18,4,6,2,7,2,1,1,1,5,6,5
2024,9,14,1,4,2,5,5,17,6,38,34,4,38,38,4,34,23,1,10,3,9,4,6,6,6,3,1,5
2024,9,14,2,7,12,1,4,15,6,37,30,7,37,37,2,35,24,5,11,2,9,2,5,5,5,1,6,1
2024,9,14,3,4,8,3,5,10,2,33,29,4,33,33,3,30,17,2,5,2,8,3,5,5,5,4,4,3
2024,9,14,4,11,12,2,1,13,2,29,18,11,29,29,3,26,19,5,4,6,3,3,1,1,1,1,6,2
2024,9,14,5,4,2,3,6,7,2,26,22,4,26,26,2,24,15,2,3,2,7,2,6,6,6,1,1,3
2024,9,14,6,2,6,5,6,9,1,33,31,2,33,33,1,32,16,1,7,1,12,1,3,3,3,6,3,5
2024,9,14,7,10,4,4,4,15,3,33,23,10,33,33,2,31,23,4,7,6,8,2,3,3,3,1,2,4
2024,9,14,8,8,8,5,1,21,6,36,28,8,36,36,4,32,25,3,12,5,7,4,1,1,1,1,4,5
2024,9,14,9,6,2,4,1,13,5,32,26,6,32,32,3,29,18,4,8,2,4,3,4,4,4,5,1,4
2024,9,14,10,5,6,1,5,12,4,34,29,5,34,34,4,30,21,4,7,1,8,4,5,5,5,4,3,1
2024,9,14,11,4,6,2,6,14,4,33,29,4,33,33,4,29,23,3,9,1,11,4,4,4,4,1,3,2
2024,9,15,0,6,4,5,1,16,6,35,29,6,35,35,5,30,19,2,7,4,2,5,6,6,6,3,2,5
2024,9,15,1,9,8,2,6,17,4,38,29,9,38,38,3,35,27,4,9,5,11,3,1,1,1,4,4,2
2024,9,15,2,5,4,2,1,13,2,29,24,5,29,29,5,24,18,4,7,1,6,5,5,5,5,2,2,2
2024,9,15,3,12,8,2,4,19,6,43,31,12,43,43,3,40,29,6,10,6,8,3,6,6,6,2,4,2
2024,9,15,4,5,8,4,6,11,6,40,35,5,40,40,1,39,20,3,8,2,8,1,6,6,6,6,4,4
2024,9,15,5,9,6,5,4,14,3,33,24,9,33,33,3,30,22,4,6,5,7,3,1,1,1,2,3,5
2024,9,15,6,6,6,3,2,10,1,26,20,6,26,26,5,21,15,3,2,3,3,5,3,3,3,2,3,3
2024,9,15,7,5,4,6,4,18,5,42,37,5,42,42,6,36,24,2,9,3,8,6,5,5,5,5,2,6
2024,9,15,8,3,12,4,2,10,5,32,29,3,32,32,1,31,13,1,7,2,4,1,5,5,5,4,6,4
2024,9,15,9,9,8,2,6,14,5,37,28,9,37,37,2,35,23,3,6,6,7,2,6,6,6,2,4,2
2024,9,15,10,6,4,5,1,15,2,31,25,6,31,31,5,26,18,2,6,4,5,5,4,4,4,2,2,5
2024,9,15,11,7,8,6,6,18,3,42,35,7,42,42,5,37,27,3,9,4,12,5,4,4,4,1,4,6
2024,9,16,0,6,10,4,4,14,4,40,34,6,40,40,6,34,23,5,7,1,7,6,5,5,5,3,5,4
2024,9,16,1,5,2,4,6,18,3,34,29,5,34,34,6,28,25,1,8,4,11,6,1,1,1,3,1,4
2024,9,16,2,5,10,3,1,13,5,34,29,5,34,34,4,30,17,3,7,2,3,4,4,4,4,5,5,3
2024,9,16,3,6,6,6,2,12,3,29,23,6,29,29,4,25,16,2,4,4,3,4,2,2,2,2,3,6
2024,9,16,4,11,2,1,2,19,6,38,27,11,38,38,2,36,26,5,11,6,7,2,5,5,5,5,1,1
2024,9,16,5,7,10,2,1,12,1,29,22,7,29,29,5,24,15,2,2,5,2,5,6,6,6,1,5,2
2024,9,16,6,7,4,3,4,19,3,34,27,7,34,34,6,28,26,3,9,4,10,6,1,1,1,2,2,3
2024,9,16,7,3,6,2,6,10,4,29,26,3,29,29,2,27,18,2,7,1,9,2,2,2,2,4,3,2
2024,9,16,8,4,12,5,5,15,3,41,37,4,41,41,6,35,21,1,6,3,8,6,6,6,6,3,6,5
2024,9,16,9,6,10,6,2,10,5,38,32,6,38,38,3,35,17,5,6,1,3,3,5,5,5,5,5,6
2024,9,16,10,5,6,3,6,12,2,38,33,5,38,38,5,33,22,4,6,1,10,5,4,4,4,6,3,3
2024,9,16,11,2,6,3,6,12,2,34,32,2,34,34,5,29,19,1,6,1,10,5,4,4,4,5,3,3
2024,9,17,0,3,4,1,1,13,5,24,21,3,24,24,2,22,15,1,9,2,5,2,3,3,3,3,2,1
2024,9,17,1,4,12,4,3,15,6,40,36,4,40,40,2,38,21,3,12,1,9,2,3,3,3,6,6,4
2024,9,17,2,8,12,2,4,9,1,34,26,8,34,34,2,32,17,4,3,4,6,2,4,4,4,5,6,2
2024,9,17,3,7,8,4,1,13,1,33,26,7,33,33,5,28,17,3,4,4,4,5,3,3,3,5,4,4
2024,9,17,4,7,4,4,1,14,1,34,27,7,34,34,4,30,19,4,7,3,7,4,6,6,6,3,2,4
2024,9,17,5,5,8,5,1,14,3,34,29,5,34,34,4,30,18,3,8,2,6,4,4,4,4,3,4,5
2024,9,17,6,9,8,4,1,12,5,30,21,9,30,30,2,28,18,5,6,4,2,2,3,3,3,1,4,4
2024,9,17,7,7,4,5,1,19,5,36,29,7,36,36,3,33,22,2,11,5,7,3,6,6,6,1,2,5
2024,9,17,8,5,4,3,1,16,2,33,28,5,33,33,6,27,18,1,6,4,5,6,6,6,6,4,2,3
2024,9,17,9,7,6,4,3,11,3,31,24,7,31,31,5,26,20,6,5,1,5,5,3,3,3,1,3,4
2024,9,17,10,5,2,5,1,10,1,29,24,5,29,29,4,25,13,2,3,3,3,4,4,4,4,6,1,5
2024,9,17,11,3,4,1,2,16,6,31,28,3,31,31,5,26,19,1,9,2,5,5,3,3,3,6,2,1
2024,9,18,0,2,12,5,4,9,2,35,33,2,35,35,3,32,14,1,5,1,7,3,5,5,5,5,6,5
2024,9,18,1,4,10,1,4,17,6,37,33,4,37,37,5,32,22,1,9,3,7,5,5,5,5,4,5,1
2024,9,18,2,3,2,4,3,13,1,30,27,3,30,30,5,25,18,2,7,1,9,5,5,5,5,2,1,4
2024,9,18,3,6,6,6,2,14,2,35,29,6,35,35,6,29,20,4,6,2,6,6,2,2,2,4,3,6
2024,9,18,4,8,12,6,1,17,5,38,30,8,38,38,4,34,23,5,10,3,6,4,1,1,1,2,6,6
2024,9,18,5,7,12,1,3,16,6,39,32,7,39,39,3,36,25,6,12,1,9,3,2,2,2,5,6,1
2024,9,18,6,5,8,2,4,16,4,33,28,5,33,33,4,29,22,2,9,3,9,4,1,1,1,4,4,2
2024,9,18,7,4,8,5,6,10,6,33,29,4,33,33,1,32,18,2,7,2,7,1,3,3,3,3,4,5
2024,9,18,8,8,10,4,1,10,1,31,23,8,31,31,1,30,16,5,6,3,6,1,2,2,2,4,5,4
2024,9,18,9,10,4,2,1,12,4,29,19,10,29,29,2,27,19,6,6,4,3,2,3,3,3,3,2,2
2024,9,18,10,6,8,1,5,9,1,32,26,6,32,32,5,27,18,4,2,2,6,5,5,5,5,4,4,1
2024,9,18,11,11,2,3,4,13,2,31,20,11,31,31,2,29,22,5,5,6,7,2,3,3,3,2,1,3
2024,9,19,0,7,12,1,6,18,6,42,35,7,42,42,5,37,25,1,7,6,7,5,4,4,4,6,6,1
2024,9,19,1,6,10,4,4,12,4,39,33,6,39,39,6,33,21,5,5,1,5,6,4,4,4,5,5,4
2024,9,19,2,4,10,6,2,13,5,35,31,4,35,35,5,30,17,2,6,2,3,5,2,2,2,5,5,6
2024,9,19,3,10,2,5,6,15,5,41,31,10,41,41,1,40,27,6,10,4,11,1,2,2,2,6,1,5
2024,9,19,4,10,8,5,1,18,2,42,32,10,42,42,6,36,25,6,8,4,7,6,5,5,5,3,4,5
2024,9,19,5,7,2,3,4,10,3,32,25,7,32,32,1,31,16,2,4,5,5,1,6,6,6,6,1,3
2024,9,19,6,6,2,4,2,13,2,34,28,6,34,34,5,29,20,5,7,1,7,5,5,5,5,4,1,4
2024,9,19,7,4,8,2,1,10,2,30,26,4,30,30,5,25,13,2,3,2,2,5,6,6,6,5,4,2
2024,9,19,8,7,4,5,4,11,4,32,25,7,32,32,2,30,19,4,6,3,6,2,3,3,3,3,2,5
2024,9,19,9,7,4,5,6,16,6,41,34,7,41,41,4,37,27,5,10,2,10,4,1,1,1,6,2,5
2024,9,19,10,6,6,6,6,17,4,40,34,6,40,40,5,35,25,2,8,4,10,5,5,5,5,1,3,6
2024,9,19,11,6,2,4,2,12,1,26,20,6,26,26,4,22,15,1,3,5,4,4,2,2,2,4,1,4
2024,9,20,0,7,4,1,6,16,2,31,24,7,31,31,5,26,25,3,7,4,11,5,1,1,1,2,2,1
2024,9,20,1,8,8,2,5,11,2,32,24,8,32,32,4,28,20,4,3,4,6,4,5,5,5,1,4,2
2024,9,20,2,7,4,6,5,14,5,45,38,7,45,45,3,42,25,6,10,1,10,3,6,6,6,6,2,6
2024,9,20,3,4,8,4,3,14,4,40,36,4,40,40,6,34,20,3,7,1,6,6,6,6,6,6,4,4
2024,9,20,4,5,10,6,1,14,3,37,32,5,37,37,5,32,18,3,7,2,5,5,2,2,2,6,5,6
2024,9,20,5,9,4,5,4,13,1,38,29,9,38,38,6,32,22,5,3,4,6,6,3,3,3,6,2,5
2024,9,20,6,4,8,6,1,10,5,32,28,4,32,32,1,31,14,3,8,1,4,1,6,6,6,2,4,6
2024,9,20,7,6,4,2,5,10,2,31,25,6,31,31,1,30,17,2,5,4,8,1,4,4,4,6,2,2
2024,9,20,8,5,12,2,5,13,1,36,31,5,36,36,6,30,19,1,3,4,7,6,6,6,6,3,6,2
2024,9,20,9,5,10,2,4,12,3,27,22,5,27,27,3,24,17,1,5,4,6,3,2,2,2,1,5,2
2024,9,20,10,3,12,6,6,11,4,36,33,3,36,36,2,34,18,1,7,2,9,2,1,1,1,5,6,6
2024,9,20,11,7,6,3,5,11,3,31,24,7,31,31,1,30,17,1,4,6,6,1,6,6,6,2,3,3
2024,9,21,0,5,8,2,6,19,4,42,37,5,42,42,6,36,27,2,10,3,12,6,4,4,4,5,4,2
2024,9,21,1,8,10,4,2,15,5,36,28,8,36,36,4,32,20,3,6,5,3,4,3,3,3,4,5,4
2024,9,21,2,8,10,3,3,12,3,29,21,8,29,29,1,28,17,2,5,6,5,1,3,3,3,1,5,3
2024,9,21,3,6,6,4,4,15,5,36,30,6,36,36,2,34,21,2,9,4,8,2,3,3,3,5,3,4
2024,9,21,4,12,4,3,1,16,1,36,24,12,36,36,4,32,23,6,6,6,6,4,5,5,5,3,2,3
2024,9,21,5,7,10,4,5,14,2,36,29,7,36,36,3,33,22,3,7,4,10,3,2,2,2,3,5,4
2024,9,21,6,8,8,3,1,16,6,35,27,8,35,35,6,29,23,6,8,2,3,6,3,3,3,2,4,3
2024,9,21,7,4,2,2,6,9,3,28,24,4,28,28,1,27,18,3,7,1,10,1,1,1,1,6,1,2
2024,9,21,8,6,2,4,3,10,5,28,22,6,28,28,1,27,18,5,8,1,6,1,4,4,4,1,1,4
2024,9,21,9,4,10,1,2,13,5,27,23,4,27,27,3,24,18,3,9,1,6,3,2,2,2,1,5,1
2024,9,21,10,7,4,4,4,11,3,35,28,7,35,35,5,30,20,5,4,2,5,5,3,3,3,6,2,4
2024,9,21,11,8,8,5,6,10,2,38,30,8,38,38,1,37,19,3,4,5,8,1,6,6,6,4,4,5
2024,9,22,0,6,8,3,2,6,1,21,15,6,21,21,2,19,12,4,2,2,3,2,1,1,1,1,4,3
2024,9,22,1,6,10,3,5,13,3,36,30,6,36,36,5,31,22,4,6,2,8,5,2,2,2,4,5,3
2024,9,22,2,9,10,1,4,17,2,39,30,9,39,39,5,34,26,5,8,4,10,5,1,1,1,6,5,1
2024,9,22,3,8,8,1,1,23,6,39,31,8,39,39,6,33,26,2,11,6,6,6,2,2,2,6,4,1
2024,9,22,4,7,8,6,4,19,4,38,31,7,38,38,4,34,25,2,10,5,10,4,1,1,1,2,4,6
2024,9,22,5,3,12,3,1,15,5,33,30,3,33,33,6,27,18,2,8,1,4,6,3,3,3,3,6,3
2024,9,22,6,10,2,1,6,15,3,34,24,10,34,34,2,32,26,5,8,5,11,2,5,5,5,1,1,1
2024,9,22,7,7,12,3,3,9,4,34,27,7,34,34,3,31,18,6,5,1,4,3,6,6,6,1,6,3
2024,9,22,8,11,12,1,5,14,1,41,30,11,41,41,4,37,24,5,4,6,8,4,6,6,6,4,6,1
2024,9,22,9,6,6,4,5,16,6,34,28,6,34,34,1,33,23,2,11,4,10,1,1,1,1,3,3,4
2024,9,22,10,11,2,6,3,15,1,35,24,11,35,35,4,31,23,5,5,6,7,4,1,1,1,4,1,6
2024,9,22,11,7,12,2,3,17,5,41,34,7,41,41,6,35,22,2,6,5,4,6,5,5,5,6,6,2
2024,9,23,0,6,12,4,1,14,6,33,27,6,33,33,2,31,18,3,9,3,4,2,4,4,4,1,6,4
2024,9,23,1,7,2,3,4,10,1,30,23,7,30,30,3,27,18,4,4,3,7,3,2,2,2,6,1,3
2024,9,23,2,2,10,1,5,16,6,34,32,2,34,34,3,31,22,1,12,1,11,3,2,2,2,4,5,1
2024,9,23,3,10,8,1,1,17,6,38,28,10,38,38,3,35,24,6,10,4,5,3,3,3,3,6,4,1
2024,9,23,4,11,2,3,5,16,3,40,29,11,40,40,3,37,27,6,8,5,10,3,6,6,6,3,1,3
2024,9,23,5,10,6,1,4,19,5,35,25,10,35,35,3,32,27,4,10,6,9,3,1,1,1,3,3,1
2024,9,23,6,7,8,2,4,15,1,32,25,7,32,32,6,26,23,4,6,3,9,6,2,2,2,1,4,2
2024,9,23,7,3,8,5,5,14,4,39,36,3,39,39,5,34,20,1,7,2,8,5,5,5,5,5,4,5
2024,9,23,8,10,8,1,5,16,4,38,28,10,38,38,3,35,25,4,7,6,8,3,5,5,5,3,4,1
2024,9,23,9,9,4,1,3,14,3,34,25,9,34,34,4,30,22,5,6,4,6,4,6,6,6,3,2,1
2024,9,23,10,4,8,3,5,7,3,30,26,4,30,30,1,29,15,3,5,1,7,1,3,3,3,5,4,3
2024,9,23,11,3,8,6,6,11,3,36,33,3,36,36,3,33,18,1,6,2,9,3,2,2,2,6,4,6
2024,9,24,0,6,12,5,4,11,4,38,32,6,38,38,1,37,16,1,5,5,5,1,6,6,6,5,6,5
2024,9,24,1,11,4,2,3,13,3,35,24,11,35,35,2,33,22,6,6,5,6,2,6,6,6,3,2,2
2024,9,24,2,5,12,4,4,10,1,30,25,5,30,30,5,25,17,3,3,2,6,5,1,1,1,2,6,4
2024,9,24,3,10,4,5,3,21,5,41,31,10,41,41,6,35,30,6,11,4,9,6,1,1,1,3,2,5
2024,9,24,4,6,2,4,4,16,4,36,30,6,36,36,6,30,22,2,6,4,6,6,3,3,3,6,1,4
2024,9,24,5,5,2,6,2,14,2,33,28,5,33,33,5,28,17,1,5,4,5,5,3,3,3,6,1,6
2024,9,24,6,7,6,2,5,12,1,33,26,7,33,33,3,30,20,3,5,4,9,3,6,6,6,2,3,2
2024,9,24,7,8,6,5,4,16,6,36,28,8,36,36,1,35,22,2,9,6,7,1,3,3,3,3,3,5
2024,9,24,8,6,8,3,4,15,3,32,26,6,32,32,6,26,20,1,4,5,5,6,1,1,1,4,4,3
2024,9,24,9,4,6,5,1,12,4,32,28,4,32,32,3,29,14,1,6,3,3,3,6,6,6,4,3,5
2024,9,24,10,4,8,3,5,15,3,32,28,4,32,32,6,26,22,2,7,2,9,6,1,1,1,2,4,3
2024,9,24,11,10,12,3,1,17,2,39,29,10,39,39,5,34,23,5,7,5,6,5,2,2,2,5,6,3
2024,9,25,0,7,12,6,4,12,2,40,33,7,40,40,4,36,22,6,7,1,9,4,2,2,2,4,6,6
2024,9,25,1,7,8,3,6,12,4,35,28,7,35,35,5,30,24,6,6,1,8,5,3,3,3,1,4,3
2024,9,25,2,11,2,6,2,19,6,42,31,11,42,42,5,37,26,5,8,6,4,5,6,6,6,3,1,6
2024,9,25,3,8,8,5,6,11,4,34,26,8,34,34,1,33,20,3,5,5,7,1,3,3,3,2,4,5
2024,9,25,4,2,4,5,4,15,6,33,31,2,33,33,4,29,20,1,10,1,8,4,2,2,2,4,2,5
2024,9,25,5,4,12,4,6,12,3,36,32,4,36,36,4,32,20,2,6,2,9,4,1,1,1,5,6,4
2024,9,25,6,6,4,3,5,10,6,31,25,6,31,31,1,30,19,4,7,2,6,1,2,2,2,5,2,3
2024,9,25,7,7,6,2,4,11,5,30,23,7,30,30,1,29,20,5,8,2,7,1,1,1,1,4,3,2
2024,9,25,8,4,8,1,3,8,1,20,16,4,20,20,1,19,12,1,4,3,6,1,2,2,2,1,4,1
2024,9,25,9,3,4,1,5,12,5,25,22,3,25,25,2,23,18,1,8,2,8,2,3,3,3,1,2,1
2024,9,25,10,6,2,5,1,14,4,28,22,6,28,28,2,26,16,1,7,5,4,2,5,5,5,1,1,5
2024,9,25,11,6,6,3,2,17,6,35,29,6,35,35,1,34,20,1,11,5,7,1,6,6,6,3,3,3
2024,9,26,0,10,2,2,2,16,4,31,21,10,31,31,1,30,22,4,9,6,7,1,3,3,3,3,1,2
2024,9,26,1,9,6,6,4,19,5,41,32,9,41,41,3,38,26,3,10,6,9,3,1,1,1,5,3,6
2024,9,26,2,8,4,6,2,17,6,38,30,8,38,38,6,32,25,6,9,2,5,6,3,3,3,2,2,6
2024,9,26,3,4,8,3,6,9,3,28,24,4,28,28,2,26,16,1,4,3,7,2,4,4,4,1,4,3
2024,9,26,4,7,2,6,6,15,6,35,28,7,35,35,1,34,26,5,12,2,12,1,1,1,1,1,1,6
2024,9,26,5,10,10,1,2,15,5,34,24,10,34,34,2,32,22,5,8,5,5,2,5,5,5,1,5,1
2024,9,26,6,8,10,5,2,17,1,39,31,8,39,39,4,35,21,2,7,6,8,4,5,5,5,3,5,5
2024,9,26,7,10,8,5,2,12,2,37,27,10,37,37,4,33,20,6,4,4,4,4,6,6,6,2,4,5
2024,9,26,8,6,2,1,3,17,4,36,30,6,36,36,5,31,24,4,10,2,9,5,5,5,5,5,1,1
2024,9,26,9,6,10,1,4,13,4,32,26,6,32,32,3,29,18,1,5,5,5,3,4,4,4,4,5,1
2024,9,26,10,10,4,6,4,17,6,35,25,10,35,35,1,34,25,4,10,6,8,1,1,1,1,1,2,6
2024,9,26,11,6,4,2,6,14,5,34,28,6,34,34,2,32,25,5,11,1,12,2,1,1,1,4,2,2
2024,9,27,0,9,6,1,2,15,4,29,20,9,29,29,1,28,22,5,10,4,8,1,1,1,1,2,3,1
2024,9,27,1,3,4,3,4,14,6,31,28,3,31,31,6,25,20,2,7,1,5,6,4,4,4,2,2,3
2024,9,27,2,7,12,3,2,16,5,36,29,7,36,36,5,31,21,3,7,4,4,5,4,4,4,2,6,3
2024,9,27,3,2,4,4,6,12,4,34,32,2,34,34,1,33,19,1,10,1,12,1,3,3,3,6,2,4
2024,9,27,4,9,8,6,4,20,3,46,37,9,46,46,5,41,27,3,9,6,10,5,4,4,4,5,4,6
2024,9,27,5,11,6,6,6,16,5,46,35,11,46,46,4,42,27,5,6,6,7,4,6,6,6,4,3,6
2024,9,27,6,9,4,6,5,13,2,34,25,9,34,34,3,31,22,4,5,5,8,3,1,1,1,3,2,6
2024,9,27,7,7,2,4,5,12,2,34,27,7,34,34,5,29,22,5,5,2,8,5,1,1,1,6,1,4
2024,9,27,8,5,12,5,1,14,4,36,31,5,36,36,5,31,19,4,8,1,5,5,3,3,3,3,6,5
2024,9,27,9,6,12,2,4,11,6,38,32,6,38,38,3,35,20,5,7,1,5,3,5,5,5,5,6,2
2024,9,27,10,3,6,3,5,12,3,31,28,3,31,31,3,28,18,1,7,2,9,3,4,4,4,3,3,3
2024,9,27,11,7,6,2,3,12,4,37,30,7,37,37,4,33,21,6,7,1,6,4,6,6,6,5,3,2
2024,9,28,0,9,2,3,4,16,3,33,24,9,33,33,5,28,24,4,6,5,7,5,1,1,1,4,1,3
2024,9,28,1,8,12,1,3,17,5,35,27,8,35,35,3,32,23,3,9,5,7,3,2,2,2,3,6,1
2024,9,28,2,9,6,1,5,11,1,27,18,9,27,27,3,24,20,4,3,5,7,3,2,2,2,1,3,1
2024,9,28,3,8,12,5,5,13,4,41,33,8,41,41,3,38,24,6,8,2,9,3,1,1,1,5,6,5
2024,9,28,4,7,8,1,4,9,2,32,25,7,32,32,5,27,19,6,3,1,5,5,5,5,5,3,4,1
2024,9,28,5,9,10,3,3,15,4,37,28,9,37,37,5,32,22,4,5,5,4,5,3,3,3,4,5,3
2024,9,28,6,7,6,1,1,8,1,27,20,7,27,27,3,24,15,6,4,1,4,3,4,4,4,4,3,1
2024,9,28,7,4,4,4,5,15,3,38,34,4,38,38,6,32,23,3,8,1,10,6,6,6,6,3,2,4
2024,9,28,8,9,2,4,4,16,3,37,28,9,37,37,4,33,23,3,6,6,7,4,5,5,5,4,1,4
2024,9,28,9,11,8,2,1,17,3,41,30,11,41,41,6,35,24,6,6,5,4,6,5,5,5,6,4,2
2024,9,28,10,8,10,5,3,18,4,41,33,8,41,41,3,38,23,2,9,6,8,3,6,6,6,2,5,5
2024,9,28,11,4,10,4,1,10,1,30,26,4,30,30,3,27,14,3,6,1,6,3,2,2,2,5,5,4
2024,9,29,0,7,2,6,2,14,4,36,29,7,36,36,5,31,21,5,7,2,5,5,3,3,3,5,1,6
2024,9,29,1,3,4,4,1,18,6,34,31,3,34,34,4,30,20,1,12,2,7,4,3,3,3,5,2,4
2024,9,29,2,6,8,5,2,8,1,32,26,6,32,32,4,28,14,4,2,2,3,4,6,6,6,3,4,5
2024,9,29,3,5,8,3,4,17,4,38,33,5,38,38,3,35,22,1,10,4,10,3,4,4,4,5,4,3
2024,9,29,4,9,4,6,6,17,6,42,33,9,42,42,4,38,26,3,7,6,7,4,3,3,3,5,2,6
2024,9,29,5,10,2,5,1,15,4,35,25,10,35,35,1,34,21,5,9,5,6,1,2,2,2,6,1,5
2024,9,29,6,4,4,3,5,18,5,38,34,4,38,38,5,33,25,2,11,2,11,5,5,5,5,3,2,3
2024,9,29,7,9,2,2,6,19,6,38,29,9,38,38,6,32,29,4,8,5,8,6,4,4,4,2,1,2
2024,9,29,8,10,2,5,3,20,5,36,26,10,36,36,6,30,27,4,8,6,6,6,1,1,1,2,1,5
2024,9,29,9,11,6,6,4,14,3,41,30,11,41,41,5,36,24,6,4,5,5,5,5,5,5,3,3,6
2024,9,29,10,8,8,4,4,20,5,42,34,8,42,42,6,36,27,3,9,5,8,6,3,3,3,4,4,4
2024,9,29,11,7,8,1,4,12,1,35,28,7,35,35,2,33,19,3,6,4,9,2,5,5,5,6,4,1
2024,9,30,0,7,10,3,1,14,4,38,31,7,38,38,4,34,19,4,7,3,4,4,6,6,6,5,5,3
2024,9,30,1,5,10,6,4,17,6,39,34,5,39,39,3,36,23,2,11,3,9,3,4,4,4,1,5,6
2024,9,30,2,8,12,3,1,22,6,37,29,8,37,37,5,32,25,2,11,6,6,5,2,2,2,1,6,3
2024,9,30,3,4,6,3,4,11,1,30,26,4,30,30,6,24,18,3,4,1,7,6,1,1,1,5,3,3
2024,9,30,4,9,2,6,4,21,6,43,34,9,43,43,6,37,31,6,12,3,10,6,1,1,1,4,1,6
2024,9,30,5,6,6,6,2,8,2,29,23,6,29,29,2,27,13,3,3,3,3,2,6,6,6,1,3,6
2024,9,30,6,5,10,2,1,8,2,24,19,5,24,24,2,22,13,4,5,1,4,2,2,2,2,2,5,2
2024,9,30,7,8,8,5,3,13,3,32,24,8,32,32,2,30,18,2,5,6,5,2,2,2,2,3,4,5
2024,9,30,8,7,8,2,5,15,6,40,33,7,40,40,3,37,25,5,10,2,9,3,3,3,3,6,4,2
2024,9,30,9,10,8,1,2,13,2,31,21,10,31,31,2,29,20,5,6,5,6,2,5,5,5,1,4,1
2024,9,30,10,7,4,4,2,13,4,32,25,7,32,32,3,29,18,3,6,4,4,3,4,4,4,4,2,4
2024,9,30,11,5,8,1,1,14,2,24,19,5,24,24,2,22,16,1,8,4,7,2,2,2,2,1,4,1
2024,10,1,0,9,4,4,4,17,1,40,31,9,40,40,4,36,24,3,7,6,10,4,4,4,4,6,2,4
2024,10,1,1,6,10,2,3,14,3,34,28,6,34,34,3,31,20,3,8,3,8,3,3,3,3,4,5,2
2024,10,1,2,8,10,6,3,9,1,31,23,8,31,31,1,30,14,2,2,6,4,1,4,4,4,2,5,6
2024,10,1,3,6,8,1,1,15,6,29,23,6,29,29,2,27,19,3,10,3,5,2,4,4,4,1,4,1
2024,10,1,4,8,2,2,5,11,4,33,25,8,33,33,3,30,21,5,5,3,6,3,5,5,5,4,1,2
2024,10,1,5,7,4,4,2,10,1,30,23,7,30,30,1,29,13,1,3,6,4,1,6,6,6,5,2,4
2024,10,1,6,12,4,6,3,19,6,48,36,12,48,48,2,46,28,6,11,6,8,2,6,6,6,6,2,6
2024,10,1,7,9,10,2,2,18,4,39,30,9,39,39,5,34,25,5,9,4,7,5,2,2,2,5,5,2
2024,10,1,8,3,12,2,4,15,3,35,32,3,35,35,4,31,20,1,9,2,10,4,4,4,4,3,6,2
2024,10,1,9,3,8,1,6,15,2,31,28,3,31,31,6,25,23,2,8,1,12,6,2,2,2,1,4,1
2024,10,1,10,10,12,4,1,16,2,36,26,10,36,36,2,34,21,4,8,6,7,2,2,2,2,3,6,4
2024,10,1,11,10,2,4,2,11,3,28,18,10,28,28,1,27,18,5,5,5,4,1,2,2,2,3,1,4
2024,10,2,0,11,6,1,1,18,4,33,22,11,33,33,5,28,25,6,8,5,5,5,3,3,3,1,3,1
2024,10,2,1,5,2,2,1,16,4,26,21,5,26,26,4,22,18,1,8,4,5,4,3,3,3,2,1,2
2024,10,2,2,10,4,1,3,21,4,38,28,10,38,38,5,33,28,4,10,6,9,5,3,3,3,4,2,1
2024,10,2,3,8,8,2,2,14,4,34,26,8,34,34,2,32,21,5,9,3,7,2,5,5,5,2,4,2
2024,10,2,4,2,2,4,2,9,1,19,17,2,19,19,5,14,12,1,3,1,4,5,1,1,1,1,1,4
2024,10,2,5,3,4,6,5,13,5,35,32,3,35,35,2,33,20,2,10,1,10,2,5,5,5,2,2,6
2024,10,2,6,7,4,2,2,14,1,26,19,7,26,26,4,22,17,1,4,6,5,4,2,2,2,3,2,2
2024,10,2,7,3,2,3,6,11,2,31,28,3,31,31,5,26,18,1,4,2,8,5,3,3,3,6,1,3
2024,10,2,8,5,12,2,4,18,5,43,38,5,43,43,5,38,25,3,11,2,10,5,4,4,4,6,6,2
2024,10,2,9,8,10,5,2,17,1,40,32,8,40,40,6,34,21,2,5,6,6,6,3,3,3,6,5,5
2024,10,2,10,7,8,1,2,16,3,34,27,7,34,34,3,31,21,3,9,4,8,3,5,5,5,3,4,1
2024,10,2,11,10,4,5,2,19,3,37,27,10,37,37,5,32,25,4,8,6,7,5,3,3,3,2,2,5
2024,10,3,0,9,8,6,1,15,4,41,32,9,41,41,1,40,21,5,10,4,7,1,4,4,4,6,4,6
2024,10,3,1,6,10,5,1,8,5,33,27,6,33,33,1,32,14,5,6,1,2,1,3,3,3,6,5,5
2024,10,3,2,10,8,6,4,10,2,36,26,10,36,36,2,34,20,6,4,4,6,2,3,3,3,3,4,6
2024,10,3,3,5,6,1,5,10,3,27,22,5,27,27,2,25,16,1,4,4,6,2,1,1,1,6,3,1
2024,10,3,4,6,12,2,3,13,6,35,29,6,35,35,4,31,20,4,7,2,4,4,1,1,1,6,6,2
2024,10,3,5,6,4,3,2,11,5,27,21,6,27,27,1,26,16,3,7,3,4,1,2,2,2,4,2,3
2024,10,3,6,8,8,6,5,18,5,46,38,8,46,46,6,40,29,6,10,2,10,6,1,1,1,6,4,6
2024,10,3,7,6,6,3,6,9,1,27,21,6,27,27,1,26,16,1,3,5,8,1,1,1,1,4,3,3
2024,10,3,8,7,12,1,1,16,2,36,29,7,36,36,5,31,20,3,7,4,6,5,3,3,3,6,6,1
2024,10,3,9,8,2,1,1,15,5,29,21,8,29,29,4,25,22,6,9,2,5,4,2,2,2,3,1,1
2024,10,3,10,8,8,4,1,14,3,33,25,8,33,33,2,31,17,2,6,6,4,2,2,2,2,6,4,4
2024,10,3,11,4,8,6,1,16,4,36,32,4,36,36,5,31,20,3,10,1,7,5,2,2,2,4,4,6
2024,10,4,0,4,8,4,4,16,6,36,32,4,36,36,6,30,22,2,8,2,6,6,5,5,5,1,4,4
2024,10,4,1,5,6,6,2,14,5,33,28,5,33,33,5,28,18,2,6,3,3,5,2,2,2,4,3,6
2024,10,4,2,11,12,5,4,12,1,44,33,11,44,44,3,41,22,6,4,5,7,3,6,6,6,5,6,5
2024,10,4,3,4,12,3,1,17,6,36,32,4,36,36,6,30,20,2,9,2,4,6,4,4,4,3,6,3
2024,10,4,4,8,8,2,4,16,2,34,26,8,34,34,4,30,22,2,6,6,8,4,5,5,5,1,4,2
2024,10,4,5,8,6,2,2,15,4,38,30,8,38,38,4,34,23,6,9,2,7,4,5,5,5,5,3,2
2024,10,4,6,9,6,3,4,18,6,36,27,9,36,36,6,30,26,4,7,5,5,6,1,1,1,3,3,3
2024,10,4,7,7,2,6,3,17,5,35,28,7,35,35,3,32,22,2,9,5,7,3,4,4,4,2,1,6
2024,10,4,8,3,8,2,3,13,2,29,26,3,29,29,5,24,17,1,6,2,7,5,4,4,4,2,4,2
2024,10,4,9,5,6,4,1,14,5,31,26,5,31,31,1,30,18,3,11,2,7,1,2,2,2,4,3,4
2024,10,4,10,7,6,2,4,15,5,35,28,7,35,35,6,29,23,4,6,3,5,6,3,3,3,4,3,2
2024,10,4,11,7,2,1,4,11,3,29,22,7,29,29,3,26,21,6,7,1,8,3,5,5,5,1,1,1
2024,10,5,0,10,10,4,4,16,5,41,31,10,41,41,4,37,24,4,6,6,5,4,2,2,2,6,5,4
2024,10,5,1,2,2,1,3,9,4,22,20,2,22,22,3,19,13,1,5,1,4,3,1,1,1,6,1,1
2024,10,5,2,5,10,5,2,11,3,31,26,5,31,31,3,28,14,1,4,4,3,3,1,1,1,6,5,5
2024,10,5,3,8,8,5,2,11,2,30,22,8,30,30,4,26,19,6,5,2,5,4,1,1,1,1,4,5
2024,10,5,4,2,10,1,5,8,1,31,29,2,31,31,4,27,14,1,3,1,7,4,5,5,5,6,5,1
2024,10,5,5,7,2,1,4,18,2,34,27,7,34,34,4,30,23,1,8,6,10,4,3,3,3,6,1,1
2024,10,5,6,7,2,6,4,13,2,35,28,7,35,35,5,30,20,3,4,4,6,5,2,2,2,6,1,6
2024,10,5,7,4,12,5,6,13,5,34,30,4,34,34,1,33,20,1,9,3,10,1,2,2,2,1,6,5
2024,10,5,8,6,8,1,4,11,1,27,21,6,27,27,3,24,17,2,4,4,7,3,1,1,1,4,4,1
2024,10,5,9,7,10,2,3,10,5,38,31,7,38,38,3,35,19,6,6,1,4,3,6,6,6,6,5,2
2024,10,5,10,10,8,3,5,17,1,43,33,10,43,43,4,39,26,4,7,6,11,4,6,6,6,4,4,3
2024,10,5,11,7,6,4,6,13,6,38,31,7,38,38,3,35,25,6,9,1,9,3,5,5,5,1,3,4
2024,10,6,0,12,8,5,6,16,4,48,36,12,48,48,1,47,28,6,9,6,11,1,6,6,6,5,4,5
2024,10,6,1,8,4,5,2,9,3,31,23,8,31,31,2,29,16,5,4,3,3,2,3,3,3,5,2,5
2024,10,6,2,4,2,3,6,10,6,26,22,4,26,26,1,25,19,3,8,1,8,1,1,1,1,2,1,3
2024,10,6,3,7,10,5,4,15,2,36,29,7,36,36,6,30,21,2,4,5,6,6,3,3,3,2,5,5
2024,10,6,4,6,6,6,5,10,4,34,28,6,34,34,3,31,20,5,6,1,7,3,4,4,4,1,3,6
2024,10,6,5,7,2,6,6,15,4,43,36,7,43,43,5,38,25,4,7,3,9,5,6,6,6,5,1,6
2024,10,6,6,4,6,4,3,18,5,33,29,4,33,33,5,28,23,2,11,2,9,5,2,2,2,1,3,4
2024,10,6,7,8,2,5,4,10,1,29,21,8,29,29,1,28,19,5,6,3,9,1,3,3,3,1,1,5
2024,10,6,8,8,8,4,5,9,2,33,25,8,33,33,1,32,19,5,5,3,8,1,1,1,1,5,4,4
2024,10,6,9,9,6,1,5,16,4,36,27,9,36,36,4,32,26,5,8,4,9,4,4,4,4,2,3,1
2024,10,6,10,2,12,6,1,13,5,35,33,2,35,35,3,32,15,1,9,1,5,3,5,5,5,3,6,6
2024,10,6,11,6,10,4,6,11,2,41,35,6,41,41,5,36,21,4,4,2,8,5,6,6,6,5,5,4
2024,10,7,0,11,2,5,5,16,4,39,28,11,39,39,2,37,27,6,9,5,10,2,2,2,2,4,1,5
2024,10,7,1,9,6,1,6,14,1,35,26,9,35,35,4,31,25,5,6,4,11,4,3,3,3,3,3,1
2024,10,7,2,3,10,5,3,17,4,38,35,3,38,38,5,33,21,1,10,2,9,5,5,5,5,2,5,5
2024,10,7,3,6,10,4,4,7,1,36,30,6,36,36,1,35,16,5,5,1,8,1,5,5,5,6,5,4
2024,10,7,4,8,6,2,6,8,3,29,21,8,29,29,1,28,20,6,5,2,8,1,1,1,1,3,3,2
2024,10,7,5,6,2,2,3,18,6,36,30,6,36,36,5,31,26,5,12,1,9,5,2,2,2,5,1,2
2024,10,7,6,11,4,2,1,15,2,31,20,11,31,31,6,25,21,5,3,6,2,6,4,4,4,2,2,2
2024,10,7,7,7,6,1,3,10,1,32,25,7,32,32,6,26,18,5,2,2,4,6,6,6,6,4,3,1
2024,10,7,8,8,12,4,6,16,6,45,37,8,45,45,3,42,24,2,7,6,7,3,5,5,5,6,6,4
2024,10,7,9,7,10,3,4,12,4,33,26,7,33,33,1,32,21,5,9,2,9,1,1,1,1,3,5,3
2024,10,7,10,9,8,4,1,11,1,33,24,9,33,33,3,30,16,4,3,5,3,3,4,4,4,5,4,4
2024,10,7,11,8,4,4,1,12,2,32,24,8,32,32,1,31,17,4,7,4,6,1,5,5,5,4,2,4
2024,10,8,0,9,4,5,6,14,6,36,27,9,36,36,2,34,24,4,7,5,7,2,1,1,1,4,2,5
2024,10,8,1,10,6,5,2,16,2,40,30,10,40,40,5,35,22,4,5,6,5,5,5,5,5,5,3,5
2024,10,8,2,10,4,1,1,13,3,32,22,10,32,32,1,31,20,6,8,4,6,1,6,6,6,3,2,1
2024,10,8,3,3,4,6,4,12,1,31,28,3,31,31,3,28,17,1,7,2,10,3,2,2,2,4,2,6
2024,10,8,4,7,8,3,6,11,5,34,27,7,34,34,3,31,22,5,6,2,7,3,1,1,1,4,4,3
2024,10,8,5,7,6,5,6,12,4,39,32,7,39,39,2,37,20,2,5,5,7,2,6,6,6,5,3,5
2024,10,8,6,6,2,3,4,15,4,33,27,6,33,33,4,29,22,3,8,3,8,4,4,4,4,3,1,3
2024,10,8,7,9,12,1,3,15,2,36,27,9,36,36,5,31,24,6,7,3,8,5,4,4,4,1,6,1
2024,10,8,8,10,8,2,2,16,2,36,26,10,36,36,5,31,22,4,5,6,5,5,5,5,5,3,4,2
2024,10,8,9,4,8,6,6,9,3,33,29,4,33,33,1,32,18,3,7,1,10,1,4,4,4,1,4,6
2024,10,8,10,5,4,6,5,11,2,35,30,5,35,35,1,34,17,1,6,4,9,1,5,5,5,5,2,6
2024,10,8,11,8,8,6,3,13,3,37,29,8,37,37,2,35,19,3,6,5,6,2,3,3,3,5,4,6
2024,10,9,0,8,12,4,1,13,3,35,27,8,35,35,2,33,20,6,9,2,7,2,1,1,1,4,6,4
2024,10,9,1,7,10,6,2,17,6,44,37,7,44,44,5,39,25,6,11,1,7,5,2,2,2,6,5,6
2024,10,9,2,5,10,1,3,15,2,35,30,5,35,35,6,29,20,2,6,3,7,6,4,4,4,5,5,1
2024,10,9,3,9,10,2,6,12,4,36,27,9,36,36,4,32,24,6,5,3,7,4,3,3,3,2,5,2
2024,10,9,4,9,12,5,1,14,2,40,31,9,40,40,5,35,19,4,4,5,3,5,4,4,4,6,6,5
2024,10,9,5,10,6,4,3,20,2,41,31,10,41,41,6,35,27,4,8,6,9,6,4,4,4,3,3,4
2024,10,9,6,7,2,4,1,12,1,28,21,7,28,28,4,24,15,2,3,5,3,4,2,2,2,6,1,4
2024,10,9,7,3,10,5,6,7,1,31,28,3,31,31,2,29,15,2,4,1,9,2,5,5,5,1,5,5
2024,10,9,8,10,12,6,4,8,1,38,28,10,38,38,1,37,17,5,2,5,5,1,4,4,4,5,6,6
2024,10,9,9,7,2,2,1,14,6,31,24,7,31,31,3,28,18,3,7,4,2,3,5,5,5,5,1,2
2024,10,9,10,12,4,2,1,17,6,37,25,12,37,37,3,34,24,6,8,6,3,3,3,3,3,6,2,2
2024,10,9,11,6,2,1,1,12,5,27,21,6,27,27,2,25,18,5,9,1,5,2,3,3,3,4,1,1
2024,10,10,0,7,2,6,5,18,4,42,35,7,42,42,3,39,25,2,10,5,11,3,4,4,4,6,1,6
2024,10,10,1,4,8,4,4,11,3,34,30,4,34,34,4,30,18,3,6,1,7,4,3,3,3,5,4,4
2024,10,10,2,8,6,5,6,20,6,42,34,8,42,42,2,40,28,2,12,6,12,2,4,4,4,2,3,5
2024,10,10,3,3,8,6,6,9,1,39,36,3,39,39,5,34,17,2,3,1,8,5,6,6,6,6,4,6
2024,10,10,4,7,10,6,6,18,6,44,37,7,44,44,4,40,26,2,9,5,9,4,4,4,4,3,5,6
2024,10,10,5,7,4,4,2,12,2,38,31,7,38,38,4,34,20,6,7,1,7,4,6,6,6,6,2,4
2024,10,10,6,7,4,6,4,16,3,34,27,7,34,34,1,33,21,1,9,6,10,1,1,1,1,4,2,6
2024,10,10,7,10,10,6,6,18,6,48,38,10,48,48,5,43,28,4,7,6,7,5,6,6,6,3,5,6
2024,10,10,8,5,8,4,1,9,1,25,20,5,25,25,1,24,13,3,6,2,6,1,2,2,2,2,4,4
2024,10,10,9,7,10,2,6,13,4,37,30,7,37,37,3,34,21,2,5,5,7,3,6,6,6,3,5,2
2024,10,10,10,4,12,4,6,11,5,37,33,4,37,37,1,36,20,3,9,1,10,1,4,4,4,3,6,4
2024,10,10,11,5,12,5,5,11,1,37,32,5,37,37,3,34,18,2,5,3,9,3,3,3,3,5,6,5
2024,10,11,0,6,12,6,6,17,5,41,35,6,41,41,1,40,24,1,11,5,12,1,1,1,1,4,6,6
2024,10,11,1,9,4,5,3,14,2,34,25,9,34,34,6,28,23,6,5,3,6,6,1,1,1,3,2,5
2024,10,11,2,9,10,3,2,12,4,32,23,9,32,32,2,30,18,4,5,5,3,2,4,4,4,2,5,3
2024,10,11,3,11,8,2,5,15,2,42,31,11,42,42,4,38,26,6,6,5,9,4,6,6,6,4,4,2
2024,10,11,4,11,10,4,5,16,5,41,30,11,41,41,4,37,27,6,7,5,7,4,3,3,3,2,5,4
2024,10,11,5,3,8,3,5,13,2,33,30,3,33,33,4,29,19,1,7,2,10,4,6,6,6,1,4,3
2024,10,11,6,4,4,6,5,13,3,33,29,4,33,33,1,32,19,1,9,3,11,1,1,1,1,5,2,6
2024,10,11,7,5,4,4,3,15,3,31,26,5,31,31,6,25,20,2,6,3,6,6,2,2,2,3,2,4
2024,10,11,8,6,8,2,1,8,1,31,25,6,31,31,5,26,14,5,2,1,2,5,6,6,6,5,4,2
2024,10,11,9,10,12,5,1,18,6,43,33,10,43,43,3,40,23,4,9,6,4,3,3,3,3,6,6,5
2024,10,11,10,10,4,6,3,19,4,42,32,10,42,42,5,37,26,4,8,6,7,5,3,3,3,5,2,6
2024,10,11,11,3,4,4,1,11,1,27,24,3,27,27,4,23,14,2,6,1,6,4,2,2,2,5,2,4
2024,10,12,0,10,12,1,3,20,5,40,30,10,40,40,4,36,27,4,10,6,8,4,1,1,1,5,6,1
2024,10,12,1,5,4,5,6,16,3,39,34,5,39,39,6,33,26,4,9,1,12,6,4,4,4,2,2,5
2024,10,12,2,12,2,2,1,16,3,33,21,12,33,33,4,29,23,6,6,6,4,4,4,4,4,3,1,2
2024,10,12,3,8,4,4,5,16,5,38,30,8,38,38,3,35,23,2,7,6,7,3,5,5,5,4,2,4
2024,10,12,4,7,6,3,2,15,2,31,24,7,31,31,3,28,20,3,8,4,8,3,1,1,1,4,3,3
2024,10,12,5,10,4,5,1,15,5,35,25,10,35,35,2,33,22,6,9,4,5,2,4,4,4,2,2,5
2024,10,12,6,6,12,2,4,11,4,38,32,6,38,38,2,36,18,3,6,3,6,2,6,6,6,6,6,2
2024,10,12,7,8,12,3,1,17,3,37,29,8,37,37,5,32,23,5,9,3,7,5,4,4,4,1,6,3
2024,10,12,8,9,4,1,5,11,1,32,23,9,32,32,3,29,22,6,5,3,9,3,5,5,5,2,2,1
2024,10,12,9,8,6,6,4,16,5,40,32,8,40,40,6,34,25,5,7,3,6,6,5,5,5,1,3,6
2024,10,12,10,5,8,6,1,11,1,30,25,5,30,30,4,26,14,2,4,3,4,4,4,4,4,2,4,6
2024,10,12,11,8,4,4,4,12,4,31,23,8,31,31,3,28,20,4,5,4,5,3,4,4,4,1,2,4
2024,10,13,0,8,2,3,2,17,6,31,23,8,31,31,4,27,21,2,7,6,3,4,5,5,5,1,1,3
2024,10,13,1,7,2,4,5,16,4,35,28,7,35,35,5,30,26,5,9,2,10,5,2,2,2,2,1,4
2024,10,13,2,6,2,6,3,13,2,29,23,6,29,29,2,27,17,1,6,5,7,2,3,3,3,2,1,6
2024,10,13,3,2,12,1,3,6,1,20,18,2,20,20,3,17,10,1,2,1,4,3,2,2,2,1,6,1
2024,10,13,4,5,12,4,4,16,4,37,32,5,37,37,5,32,21,1,7,4,7,5,3,3,3,3,6,4
2024,10,13,5,10,2,5,5,20,6,45,35,10,45,45,6,39,30,5,9,5,8,6,4,4,4,5,1,5
2024,10,13,6,5,6,5,6,16,5,42,37,5,42,42,2,40,24,2,11,3,12,2,6,6,6,4,3,5
2024,10,13,7,10,8,4,3,13,4,38,28,10,38,38,2,36,22,6,7,4,6,2,5,5,5,3,4,4
2024,10,13,8,10,8,6,5,16,1,44,34,10,44,44,6,38,25,4,4,6,8,6,4,4,4,5,4,6
2024,10,13,9,3,10,6,3,11,5,34,31,3,34,34,3,31,15,1,6,2,4,3,5,5,5,3,5,6
2024,10,13,10,7,4,3,4,15,3,33,26,7,33,33,2,31,21,2,8,5,9,2,1,1,1,6,2,3
2024,10,13,11,11,4,6,5,20,5,48,37,11,48,48,5,43,31,6,10,5,10,5,3,3,3,6,2,6
2024,10,14,0,6,8,4,4,7,2,27,21,6,27,27,1,26,15,4,4,2,6,1,2,2,2,2,4,4
2024,10,14,1,6,12,3,3,10,1,31,25,6,31,31,3,28,14,1,2,5,4,3,6,6,6,2,6,3
2024,10,14,2,8,4,3,3,11,2,34,26,8,34,34,5,29,19,5,3,3,4,5,4,4,4,6,2,3
2024,10,14,3,8,12,6,6,13,1,45,37,8,45,45,6,39,25,6,5,2,10,6,5,5,5,3,6,6
2024,10,14,4,11,12,3,2,17,1,40,29,11,40,40,6,34,24,5,5,6,6,6,6,6,6,1,6,3
2024,10,14,5,7,4,6,2,18,6,39,32,7,39,39,3,36,21,1,9,6,5,3,5,5,5,5,2,6
2024,10,14,6,8,10,5,3,12,1,33,25,8,33,33,2,31,17,2,4,6,6,2,2,2,2,4,5,5
2024,10,14,7,9,12,5,1,18,3,39,30,9,39,39,4,35,23,4,9,5,7,4,4,4,4,1,6,5
2024,10,14,8,6,2,4,1,17,6,35,29,6,35,35,3,32,22,4,12,2,7,3,4,4,4,4,1,4
2024,10,14,9,9,6,1,2,18,2,39,30,9,39,39,6,33,25,5,8,4,8,6,4,4,4,6,3,1
2024,10,14,10,8,4,6,5,10,5,38,30,8,38,38,1,37,20,5,6,3,6,1,6,6,6,4,2,6
2024,10,14,11,8,8,3,1,14,4,33,25,8,33,33,2,31,17,2,6,6,3,2,5,5,5,4,4,3
2024,10,15,0,10,6,6,3,17,4,37,27,10,37,37,4,33,24,4,7,6,6,4,2,2,2,2,3,6
2024,10,15,1,10,10,2,1,15,3,35,25,10,35,35,4,31,20,4,5,6,3,4,2,2,2,6,5,2
2024,10,15,2,6,10,2,3,10,2,29,23,6,29,29,1,28,15,2,5,4,6,1,3,3,3,4,5,2
2024,10,15,3,8,8,5,3,20,5,38,30,8,38,38,4,34,25,2,10,6,8,4,3,3,3,1,4,5
2024,10,15,4,8,4,4,5,20,6,42,34,8,42,42,4,38,27,2,10,6,9,4,4,4,4,5,2,4
2024,10,15,5,4,10,5,2,8,1,26,22,4,26,26,1,25,12,2,5,2,6,1,2,2,2,2,5,5
2024,10,15,6,12,12,6,2,17,6,44,32,12,44,44,4,40,25,6,7,6,3,4,6,6,6,1,6,6
2024,10,15,7,5,6,6,2,9,4,28,23,5,28,28,2,26,15,4,6,1,4,2,3,3,3,1,3,6
2024,10,15,8,6,6,3,4,12,1,35,29,6,35,35,6,29,21,5,5,1,8,6,2,2,2,6,3,3
2024,10,15,9,12,6,6,1,22,5,47,35,12,47,47,6,41,29,6,10,6,6,6,5,5,5,4,3,6
2024,10,15,10,3,4,4,5,13,1,31,28,3,31,31,6,25,20,2,6,1,10,6,4,4,4,1,2,4
2024,10,15,11,3,4,4,3,18,4,36,33,3,36,36,6,30,22,1,10,2,9,6,4,4,4,4,2,4
2024,10,16,0,5,2,2,1,17,3,26,21,5,26,26,5,21,20,2,9,3,7,5,2,2,2,1,1,2
2024,10,16,1,9,12,6,6,14,2,47,38,9,47,47,5,42,26,6,6,3,10,5,5,5,5,4,6,6
2024,10,16,2,2,10,5,1,12,2,34,32,2,34,34,3,31,14,1,8,1,7,3,5,5,5,5,5,5
2024,10,16,3,9,8,1,6,20,6,42,33,9,42,42,6,36,30,4,9,5,9,6,5,5,5,2,4,1
2024,10,16,4,2,6,6,4,13,5,34,32,2,34,34,3,31,18,1,9,1,8,3,3,3,3,4,3,6
2024,10,16,5,6,10,5,1,5,1,28,22,6,28,28,1,27,11,5,3,1,3,1,4,4,4,3,5,5
2024,10,16,6,6,4,1,6,15,3,38,32,6,38,38,4,34,25,4,9,2,12,4,4,4,4,6,2,1
2024,10,16,7,6,12,5,3,14,5,43,37,6,43,43,1,42,21,4,11,2,9,1,5,5,5,6,6,5
2024,10,16,8,12,10,1,1,20,6,38,26,12,38,38,3,35,27,6,11,6,6,3,2,2,2,3,5,1
2024,10,16,9,6,10,2,1,19,5,33,27,6,33,33,5,28,21,1,9,5,5,5,3,3,3,2,5,2
2024,10,16,10,7,10,2,2,20,6,40,33,7,40,40,5,35,23,1,9,6,5,5,5,5,5,5,5,2
2024,10,16,11,3,12,1,6,9,2,28,25,3,28,28,4,24,17,2,4,1,8,4,3,3,3,1,6,1
2024,10,17,0,9,6,5,5,15,4,34,25,9,34,34,1,33,24,4,9,5,10,1,1,1,1,1,3,5
2024,10,17,1,5,10,2,6,10,2,32,27,5,32,32,5,27,19,3,3,2,7,5,2,2,2,4,5,2
2024,10,17,2,11,8,3,2,17,5,40,29,11,40,40,5,35,24,5,6,6,3,5,3,3,3,6,4,3
2024,10,17,3,6,12,1,3,18,3,33,27,6,33,33,6,27,22,1,7,5,7,6,1,1,1,3,6,1
2024,10,17,4,9,10,4,1,17,2,36,27,9,36,36,6,30,22,4,6,5,5,6,3,3,3,2,5,4
2024,10,17,5,7,4,6,1,14,3,35,28,7,35,35,3,32,17,2,6,5,4,3,6,6,6,4,2,6
2024,10,17,6,9,4,5,4,16,1,40,31,9,40,40,5,35,24,4,6,5,9,5,4,4,4,5,2,5
2024,10,17,7,7,12,6,5,12,3,41,34,7,41,41,3,38,20,3,5,4,7,3,5,5,5,4,6,6
2024,10,17,8,3,12,6,5,14,2,42,39,3,42,42,4,38,20,1,8,2,11,4,5,5,5,5,6,6
2024,10,17,9,7,8,6,4,15,1,37,30,7,37,37,4,33,22,3,7,4,10,4,3,3,3,2,4,6
2024,10,17,10,9,2,1,3,17,2,31,22,9,31,31,6,25,24,4,6,5,7,6,4,4,4,1,1,1
2024,10,17,11,9,8,3,4,13,1,34,25,9,34,34,4,30,22,5,5,4,8,4,4,4,4,1,4,3
2024,10,18,0,9,10,1,2,17,2,38,29,9,38,38,6,32,24,5,7,4,7,6,4,4,4,4,5,1
2024,10,18,1,6,6,2,6,13,5,32,26,6,32,32,3,29,22,3,7,3,8,3,4,4,4,1,3,2
2024,10,18,2,8,10,3,3,12,3,37,29,8,37,37,2,35,21,6,8,2,8,2,2,2,2,6,5,3
2024,10,18,3,9,8,6,3,19,3,45,36,9,45,45,5,40,26,4,9,5,9,5,3,3,3,6,4,6
2024,10,18,4,11,12,4,4,9,1,39,28,11,39,39,1,38,19,6,3,5,6,1,4,4,4,6,6,4
2024,10,18,5,5,8,2,2,12,1,29,24,5,29,29,4,25,15,1,4,4,5,4,5,5,5,3,4,2
2024,10,18,6,3,2,4,2,10,4,26,23,3,26,26,1,25,14,2,8,1,6,1,1,1,1,6,1,4
2024,10,18,7,6,10,4,4,16,4,39,33,6,39,39,2,37,22,2,10,4,10,2,6,6,6,2,5,4
2024,10,18,8,8,8,1,4,9,2,28,20,8,28,28,3,25,18,5,3,3,5,3,4,4,4,1,4,1
2024,10,18,9,11,4,2,5,16,4,39,28,11,39,39,6,33,27,6,5,5,6,6,6,6,6,2,2,2
2024,10,18,10,9,6,6,4,12,1,41,32,9,41,41,5,36,22,6,4,3,7,5,4,4,4,6,3,6
2024,10,18,11,5,12,4,1,8,3,29,24,5,29,29,3,26,13,4,4,1,2,3,5,5,5,1,6,4
2024,10,19,0,11,4,2,4,14,2,37,26,11,37,37,6,31,24,6,3,5,5,6,3,3,3,6,2,2
2024,10,19,1,6,12,6,1,12,3,33,27,6,33,33,1,32,15,2,7,4,5,1,2,2,2,4,6,6
2024,10,19,2,9,4,5,2,14,5,35,26,9,35,35,2,33,19,3,6,6,3,2,3,3,3,6,2,5
2024,10,19,3,10,10,2,5,13,1,33,23,10,33,33,4,29,24,6,5,4,9,4,1,1,1,1,5,2
2024,10,19,4,4,4,2,5,9,4,31,27,4,31,31,1,30,17,3,7,1,8,1,5,5,5,5,2,2
2024,10,19,5,6,2,6,5,13,4,29,23,6,29,29,1,28,19,1,7,5,8,1,2,2,2,1,1,6
2024,10,19,6,5,10,5,4,15,3,39,34,5,39,39,6,33,23,4,8,1,9,6,5,5,5,1,5,5
2024,10,19,7,7,8,6,4,15,6,45,38,7,45,45,2,43,25,6,12,1,10,2,4,4,4,6,4,6
2024,10,19,8,6,2,2,6,17,6,33,27,6,33,33,3,30,27,4,12,2,12,3,2,2,2,1,1,2
2024,10,19,9,7,10,2,5,4,1,28,21,7,28,28,1,27,15,6,2,1,6,1,1,1,1,5,5,2
2024,10,19,10,6,6,5,6,13,1,37,31,6,37,37,2,35,20,1,6,5,11,2,6,6,6,3,3,5
2024,10,19,11,6,8,4,5,13,4,38,32,6,38,38,1,37,22,4,10,2,11,1,5,5,5,3,4,4
2024,10,20,0,11,2,2,3,15,6,29,18,11,29,29,2,27,23,5,7,6,4,2,1,1,1,2,1,2
2024,10,20,1,7,8,3,6,12,2,31,24,7,31,31,3,28,19,1,3,6,7,3,3,3,3,2,4,3
2024,10,20,2,7,6,6,1,8,3,31,24,7,31,31,1,30,15,6,6,1,4,1,6,6,6,1,3,6
2024,10,20,3,5,2,1,3,9,1,26,21,5,26,26,2,24,15,3,5,2,7,2,5,5,5,4,1,1
2024,10,20,4,5,10,2,4,19,5,39,34,5,39,39,4,35,24,1,11,4,10,4,4,4,4,4,5,2
2024,10,20,5,9,6,4,2,17,4,36,27,9,36,36,6,30,24,5,7,4,5,6,4,4,4,1,3,4
2024,10,20,6,8,6,6,1,19,5,38,30,8,38,38,5,33,22,2,8,6,4,5,6,6,6,1,3,6
2024,10,20,7,7,10,5,2,20,4,38,31,7,38,38,6,32,23,1,8,6,6,6,4,4,4,1,5,5
2024,10,20,8,9,8,3,6,12,1,34,25,9,34,34,2,32,22,4,5,5,10,2,4,4,4,1,4,3
2024,10,20,9,5,10,1,2,8,1,27,22,5,27,27,1,26,12,2,4,3,5,1,4,4,4,5,5,1
2024,10,20,10,2,12,3,1,15,3,33,31,2,33,33,5,28,17,1,9,1,7,5,2,2,2,5,6,3
2024,10,20,11,11,6,6,1,22,6,47,36,11,47,47,5,42,29,6,12,5,7,5,3,3,3,6,3,6
2024,10,21,0,5,4,5,1,17,2,36,31,5,36,36,6,30,19,1,7,4,6,6,4,4,4,6,2,5
2024,10,21,1,9,4,3,4,20,3,38,29,9,38,38,6,32,28,4,9,5,10,6,3,3,3,2,2,3
2024,10,21,2,7,4,6,3,8,1,30,23,7,30,30,1,29,14,3,3,4,5,1,5,5,5,3,2,6
2024,10,21,3,7,10,2,4,11,3,35,28,7,35,35,4,31,21,6,6,1,7,4,4,4,4,3,5,2
2024,10,21,4,3,10,1,4,11,3,33,30,3,33,33,6,27,17,2,4,1,5,6,5,5,5,5,5,1
2024,10,21,5,10,12,3,5,13,1,41,31,10,41,41,6,35,23,5,2,5,6,6,6,6,6,3,6,3
2024,10,21,6,5,8,5,3,21,6,45,40,5,45,45,6,39,25,1,11,4,8,6,5,5,5,6,4,5
2024,10,21,7,7,2,5,3,13,3,39,32,7,39,39,6,33,22,6,6,1,6,6,6,6,6,5,1,5
2024,10,21,8,8,12,6,5,14,3,39,31,8,39,39,1,38,21,2,7,6,9,1,2,2,2,4,6,6
2024,10,21,9,9,12,4,2,21,6,39,30,9,39,39,4,35,26,3,11,6,7,4,1,1,1,2,6,4
2024,10,21,10,7,8,2,1,13,3,29,22,7,29,29,4,25,18,4,6,3,4,4,2,2,2,3,4,2
2024,10,21,11,9,8,5,3,10,5,33,24,9,33,33,1,32,19,6,6,3,4,1,2,2,2,3,4,5
2024,10,22,0,8,2,5,6,22,6,43,35,8,43,43,6,37,30,2,10,6,10,6,1,1,1,6,1,5
2024,10,22,1,6,4,3,6,9,1,33,27,6,33,33,4,29,18,3,2,3,7,4,5,5,5,5,2,3
2024,10,22,2,7,12,2,5,15,5,34,27,7,34,34,4,30,24,4,8,3,8,4,1,1,1,1,6,2
2024,10,22,3,11,12,3,1,16,1,39,28,11,39,39,5,34,23,6,6,5,6,5,2,2,2,5,6,3
2024,10,22,4,10,6,1,1,10,1,26,16,10,26,26,3,23,17,6,3,4,3,3,1,1,1,4,3,1
2024,10,22,5,10,2,5,6,16,4,39,29,10,39,39,6,33,27,5,5,5,7,6,4,4,4,2,1,5
2024,10,22,6,2,6,3,3,12,4,33,31,2,33,33,1,32,16,1,10,1,9,1,5,5,5,6,3,3
2024,10,22,7,7,6,4,3,9,2,27,20,7,27,27,4,23,18,6,4,1,5,4,1,1,1,1,3,4
2024,10,22,8,7,6,1,3,17,3,30,23,7,30,30,5,25,22,2,7,5,7,5,3,3,3,1,3,1
2024,10,22,9,10,10,1,2,10,2,30,20,10,30,30,3,27,18,6,3,4,3,3,5,5,5,1,5,1
2024,10,22,10,8,2,2,6,17,6,37,29,8,37,37,2,35,25,2,9,6,9,2,4,4,4,5,1,2
2024,10,22,11,10,12,2,3,18,4,45,35,10,45,45,5,40,25,4,7,6,6,5,6,6,6,6,6,2
2024,10,23,0,10,6,3,4,10,1,34,24,10,34,34,1,33,20,6,5,4,8,1,6,6,6,2,3,3
2024,10,23,1,8,8,2,1,15,3,36,28,8,36,36,6,30,20,4,5,4,3,6,4,4,4,6,4,2
2024,10,23,2,6,4,4,1,12,4,32,26,6,32,32,3,29,16,3,6,3,3,3,5,5,5,5,2,4
2024,10,23,3,2,8,6,2,13,6,33,31,2,33,33,2,31,16,1,10,1,6,2,4,4,4,3,4,6
2024,10,23,4,9,12,1,2,15,5,32,23,9,32,32,3,29,20,3,6,6,3,3,1,1,1,4,6,1
2024,10,23,5,6,2,1,5,13,4,29,23,6,29,29,5,24,23,5,7,1,8,5,2,2,2,2,1,1
2024,10,23,6,8,12,2,5,16,1,43,35,8,43,43,6,37,23,2,4,6,8,6,6,6,6,6,6,2
2024,10,23,7,5,4,3,1,10,2,26,21,5,26,26,2,24,12,1,4,4,3,2,4,4,4,5,2,3
2024,10,23,8,9,2,6,3,12,1,29,20,9,29,29,1,28,18,3,5,6,7,1,1,1,1,3,1,6
2024,10,23,9,6,2,2,6,14,3,38,32,6,38,38,6,32,25,5,7,1,10,6,6,6,6,4,1,2
2024,10,23,10,12,2,3,6,13,4,36,24,12,36,36,2,34,25,6,5,6,7,2,2,2,2,5,1,3
2024,10,23,11,8,8,5,3,16,6,42,34,8,42,42,3,39,25,6,11,2,8,3,6,6,6,2,4,5
2024,10,24,0,10,2,1,2,13,4,30,20,10,30,30,2,28,20,5,6,5,4,2,5,5,5,3,1,1
2024,10,24,1,7,10,5,1,17,4,36,29,7,36,36,4,32,22,4,10,3,7,4,3,3,3,1,5,5
2024,10,24,2,8,6,5,5,14,5,37,29,8,37,37,1,36,25,6,11,2,11,1,3,3,3,1,3,5
2024,10,24,3,7,12,1,2,14,6,37,30,7,37,37,1,36,19,3,9,4,5,1,6,6,6,5,6,1
2024,10,24,4,5,2,5,2,9,6,25,20,5,25,25,1,24,15,4,7,1,3,1,1,1,1,3,1,5
2024,10,24,5,7,6,1,1,12,1,25,18,7,25,25,1,24,14,1,5,6,5,1,4,4,4,3,3,1
2024,10,24,6,6,2,6,2,11,1,31,25,6,31,31,5,26,16,3,3,3,4,5,2,2,2,6,1,6
2024,10,24,7,7,12,1,6,13,3,34,27,7,34,34,2,32,22,3,7,4,10,2,1,1,1,4,6,1
2024,10,24,8,11,8,5,2,15,3,39,28,11,39,39,4,35,22,5,5,6,4,4,2,2,2,6,4,5
2024,10,24,9,10,4,1,5,16,5,40,30,10,40,40,1,39,27,6,11,4,11,1,6,6,6,4,2,1
2024,10,24,10,5,2,3,6,16,3,34,29,5,34,34,3,31,23,1,9,4,12,3,1,1,1,6,1,3
2024,10,24,11,5,2,6,6,13,4,38,33,5,38,38,3,35,23,4,9,1,11,3,2,2,2,6,1,6
2024,10,25,0,12,2,3,5,17,6,38,26,12,38,38,2,36,28,6,9,6,8,2,3,3,3,3,1,3
2024,10,25,1,8,2,5,3,13,1,34,26,8,34,34,3,31,20,4,6,4,8,3,3,3,3,5,1,5
2024,10,25,2,10,2,2,2,20,6,35,25,10,35,35,4,31,28,6,12,4,8,4,2,2,2,2,1,2
2024,10,25,3,4,12,6,1,10,1,34,30,4,34,34,4,30,13,2,4,2,4,4,4,4,4,5,6,6
2024,10,25,4,8,12,1,1,12,2,32,24,8,32,32,2,30,18,5,7,3,6,2,4,4,4,3,6,1
2024,10,25,5,12,6,1,1,13,1,29,17,12,29,29,5,24,20,6,2,6,2,5,1,1,1,4,3,1
2024,10,25,6,6,10,3,2,16,6,32,26,6,32,32,4,28,19,1,7,5,3,4,2,2,2,3,5,3
2024,10,25,7,2,8,3,6,12,4,36,34,2,36,36,3,33,19,1,8,1,10,3,5,5,5,5,4,3
2024,10,25,8,10,4,1,4,18,6,36,26,10,36,36,1,35,26,4,11,6,9,1,3,3,3,4,2,1
2024,10,25,9,8,4,1,5,17,6,33,25,8,33,33,4,29,24,2,7,6,6,4,2,2,2,4,2,1
2024,10,25,10,9,2,4,3,15,5,40,31,9,40,40,1,39,23,5,10,4,8,1,6,6,6,6,1,4
2024,10,25,11,5,8,1,2,12,3,25,20,5,25,25,4,21,15,1,4,4,3,4,2,2,2,3,4,1
2024,10,26,0,7,6,5,3,14,6,34,27,7,34,34,2,32,19,2,7,5,4,2,3,3,3,4,3,5
2024,10,26,1,5,12,4,2,13,1,33,28,5,33,33,4,29,16,1,5,4,6,4,3,3,3,4,6,4
2024,10,26,2,9,4,5,2,16,5,42,33,9,42,42,2,40,23,5,10,4,7,2,6,6,6,6,2,5
2024,10,26,3,7,2,3,4,17,3,37,30,7,37,37,6,31,22,1,5,6,6,6,6,6,6,5,1,3
2024,10,26,4,7,6,1,5,15,4,37,30,7,37,37,1,36,23,3,10,4,11,1,6,6,6,4,3,1
2024,10,26,5,9,2,1,4,18,5,32,23,9,32,32,3,29,26,4,10,5,9,3,1,1,1,3,1,1
2024,10,26,6,12,2,1,6,10,2,31,19,12,31,31,1,30,22,6,3,6,7,1,1,1,1,6,1,1
2024,10,26,7,9,8,5,3,18,6,43,34,9,43,43,2,41,25,4,11,5,8,2,4,4,4,5,4,5
2024,10,26,8,9,6,5,2,18,6,43,34,9,43,43,5,38,24,4,8,5,4,5,6,6,6,5,3,5
2024,10,26,9,7,4,5,6,13,5,38,31,7,38,38,3,35,25,6,9,1,10,3,5,5,5,1,2,5
2024,10,26,10,9,6,2,1,19,5,37,28,9,37,37,2,35,23,3,11,6,7,2,6,6,6,3,3,2
2024,10,26,11,8,10,4,5,15,4,38,30,8,38,38,5,33,23,3,5,5,6,5,5,5,5,1,5,4
2024,10,27,0,6,10,3,1,7,1,31,25,6,31,31,2,29,13,5,4,1,4,2,5,5,5,5,5,3
2024,10,27,1,9,2,3,5,10,2,32,23,9,32,32,4,28,21,6,3,3,6,4,2,2,2,5,1,3
2024,10,27,2,7,6,2,1,10,2,29,22,7,29,29,4,25,15,4,3,3,2,4,3,3,3,6,3,2
2024,10,27,3,9,6,1,4,15,4,35,26,9,35,35,4,31,22,3,5,6,5,4,4,4,4,5,3,1
2024,10,27,4,8,8,3,3,18,5,38,30,8,38,38,5,33,24,3,8,5,6,5,4,4,4,3,4,3
2024,10,27,5,7,4,4,4,13,3,37,30,7,37,37,2,35,21,4,8,3,9,2,6,6,6,4,2,4
2024,10,27,6,9,12,5,3,14,3,35,26,9,35,35,2,33,20,3,6,6,6,2,2,2,2,2,6,5
2024,10,27,7,6,2,6,1,11,1,33,27,6,33,33,4,29,16,4,5,2,5,4,6,6,6,4,1,6
2024,10,27,8,7,4,4,5,9,4,37,30,7,37,37,2,35,20,6,6,1,7,2,5,5,5,6,2,4
2024,10,27,9,5,10,4,1,9,3,25,20,5,25,25,3,22,14,4,5,1,3,3,1,1,1,1,5,4
2024,10,27,10,10,2,4,4,20,5,44,34,10,44,44,6,38,28,4,8,6,7,6,5,5,5,6,1,4
2024,10,27,11,9,4,3,5,14,3,36,27,9,36,36,2,34,22,3,6,6,8,2,3,3,3,6,2,3
2024,10,28,0,6,12,5,4,18,4,41,35,6,41,41,5,36,25,3,10,3,10,5,2,2,2,3,6,5
2024,10,28,1,9,4,3,6,16,4,40,31,9,40,40,5,35,27,5,7,4,9,5,5,5,5,3,2,3
2024,10,28,2,8,10,5,6,16,4,41,33,8,41,41,3,38,27,5,10,3,12,3,2,2,2,2,5,5
2024,10,28,3,7,12,5,5,18,4,46,39,7,46,46,6,40,26,3,8,4,9,6,3,3,3,6,6,5
2024,10,28,4,11,10,6,6,14,3,45,34,11,45,45,1,44,26,6,8,5,11,1,5,5,5,3,5,6
2024,10,28,5,10,12,6,1,20,3,48,38,10,48,48,6,42,26,5,9,5,7,6,5,5,5,5,6,6
2024,10,28,6,8,8,2,5,15,4,40,32,8,40,40,5,35,25,5,7,3,8,5,5,5,5,4,4,2
2024,10,28,7,9,4,3,3,14,1,36,27,9,36,36,6,30,23,6,5,3,7,6,3,3,3,5,2,3
2024,10,28,8,4,10,6,4,14,6,34,30,4,34,34,1,33,19,1,10,3,8,1,3,3,3,1,5,6
2024,10,28,9,6,4,4,1,11,2,25,19,6,25,25,3,22,14,2,4,4,3,3,2,2,2,3,2,4
2024,10,28,10,9,8,1,4,15,5,35,26,9,35,35,6,29,25,6,6,3,5,6,1,1,1,4,4,1
2024,10,28,11,10,12,1,2,17,3,42,32,10,42,42,3,39,23,4,8,6,7,3,6,6,6,6,6,1
2024,10,29,0,9,10,6,6,12,4,45,36,9,45,45,1,44,23,5,7,4,9,1,6,6,6,5,5,6
2024,10,29,1,7,8,5,5,17,5,43,36,7,43,43,6,37,27,5,9,2,9,6,5,5,5,2,4,5
2024,10,29,2,7,4,1,2,19,6,36,29,7,36,36,6,30,26,5,11,2,7,6,6,6,6,1,2,1
2024,10,29,3,12,2,4,4,17,1,39,27,12,39,39,4,35,27,6,7,6,10,4,5,5,5,2,1,4
2024,10,29,4,4,12,1,6,11,1,32,28,4,32,32,2,30,19,2,7,2,12,2,2,2,2,4,6,1
2024,10,29,5,5,4,1,6,10,4,32,27,5,32,32,3,29,19,3,5,2,7,3,5,5,5,5,2,1
2024,10,29,6,7,4,3,2,13,3,28,21,7,28,28,3,25,19,4,7,3,6,3,1,1,1,3,2,3
2024,10,29,7,7,4,5,3,9,1,31,24,7,31,31,6,25,18,6,2,1,4,6,2,2,2,4,2,5
2024,10,29,8,9,8,5,3,14,6,37,28,9,37,37,4,33,23,6,7,3,4,4,4,4,4,1,4,5
2024,10,29,9,6,8,6,5,18,6,40,34,6,40,40,2,38,25,2,12,4,11,2,1,1,1,4,4,6
2024,10,29,10,3,10,3,3,8,2,33,30,3,33,33,3,30,13,2,4,1,5,3,6,6,6,6,5,3
2024,10,29,11,10,6,5,2,20,6,36,26,10,36,36,2,34,26,4,12,6,8,2,1,1,1,1,3,5
2024,10,30,0,5,8,4,5,12,4,36,31,5,36,36,5,31,20,3,5,2,6,5,4,4,4,4,4,4
2024,10,30,1,10,6,1,5,10,2,29,19,10,29,29,1,28,19,4,3,6,6,1,4,4,4,2,3,1
2024,10,30,2,8,4,3,6,12,4,36,28,8,36,36,1,35,22,4,7,4,9,1,4,4,4,5,2,3
2024,10,30,3,6,12,2,2,12,1,35,29,6,35,35,4,31,18,4,6,2,7,4,4,4,4,5,6,2
2024,10,30,4,7,4,2,2,15,3,32,25,7,32,32,6,26,21,4,6,3,5,6,3,3,3,4,2,2
2024,10,30,5,4,2,2,4,7,2,20,16,4,20,20,2,18,14,3,4,1,6,2,1,1,1,2,1,2
2024,10,30,6,4,10,6,2,9,6,30,26,4,30,30,1,29,14,3,7,1,3,1,3,3,3,2,5,6
2024,10,30,7,8,8,6,3,8,1,32,24,8,32,32,1,31,14,3,2,5,4,1,4,4,4,4,4,6
2024,10,30,8,8,10,6,3,14,2,45,37,8,45,45,3,42,22,5,8,3,9,3,6,6,6,6,5,6
2024,10,30,9,8,8,3,6,14,4,39,31,8,39,39,2,37,24,4,8,4,10,2,5,5,5,3,4,3
2024,10,30,10,9,10,1,4,23,5,42,33,9,42,42,6,36,30,3,11,6,10,6,1,1,1,5,5,1
2024,10,30,11,9,10,5,6,11,1,36,27,9,36,36,1,35,21,4,5,5,10,1,3,3,3,2,5,5
2024,10,31,0,6,10,6,4,13,6,42,36,6,42,42,5,37,22,5,7,1,5,5,6,6,6,3,5,6
2024,10,31,1,4,10,5,3,9,2,30,26,4,30,30,4,26,14,2,3,2,4,4,5,5,5,1,5,5
2024,10,31,2,12,6,2,2,14,3,34,22,12,34,34,1,33,22,6,7,6,6,1,2,2,2,5,3,2
2024,10,31,3,5,10,4,1,15,4,36,31,5,36,36,5,31,20,4,9,1,6,5,6,6,6,1,5,4
2024,10,31,4,6,2,3,2,14,2,32,26,6,32,32,4,28,20,4,8,2,8,4,4,4,4,4,1,3
2024,10,31,5,10,12,1,1,16,3,40,30,10,40,40,2,38,22,5,9,5,7,2,6,6,6,5,6,1
2024,10,31,6,4,10,2,1,8,2,28,24,4,28,28,2,26,10,1,3,3,2,2,5,5,5,6,5,2
2024,10,31,7,8,6,4,1,12,3,30,22,8,30,30,1,29,15,2,5,6,3,1,2,2,2,6,3,4
2024,10,31,8,4,2,3,1,12,4,28,24,4,28,28,3,25,15,2,7,2,4,3,4,4,4,5,1,3
2024,10,31,9,3,12,6,4,9,3,37,34,3,37,37,1,36,15,2,7,1,8,1,6,6,6,4,6,6
2024,10,31,10,8,2,5,2,15,3,36,28,8,36,36,4,32,23,6,9,2,8,4,4,4,4,3,1,5
2024,10,31,11,6,10,6,5,15,1,35,29,6,35,35,3,32,21,1,7,5,11,3,1,1,1,2,5,6
2024,11,1,0,6,2,2,1,15,4,30,24,6,30,30,1,29,18,2,10,4,7,1,6,6,6,3,1,2
2024,11,1,1,4,2,4,6,7,1,23,19,4,23,23,2,21,14,1,2,3,7,2,1,1,1,3,1,4
2024,11,1,2,7,12,2,5,12,2,37,30,7,37,37,6,31,22,5,4,2,7,6,1,1,1,6,6,2
2024,11,1,3,12,12,6,4,12,1,40,28,12,40,40,3,37,22,6,3,6,6,3,3,3,3,3,6,6
2024,11,1,4,8,12,3,2,16,5,37,29,8,37,37,4,33,21,3,7,5,4,4,4,4,4,3,6,3
2024,11,1,5,4,12,1,6,10,3,34,30,4,34,34,2,32,19,3,7,1,10,2,2,2,2,6,6,1
2024,11,1,6,2,2,2,5,8,1,22,20,2,22,22,4,18,14,1,3,1,7,4,4,4,4,1,1,2
2024,11,1,7,4,4,4,3,14,3,34,30,4,34,34,6,28,20,3,7,1,7,6,3,3,3,5,2,4
2024,11,1,8,4,8,4,6,13,5,36,32,4,36,36,1,35,21,2,10,2,11,1,6,6,6,1,4,4
2024,11,1,9,8,8,3,4,14,2,36,28,8,36,36,3,33,20,2,5,6,7,3,4,4,4,5,4,3
2024,11,1,10,11,8,6,2,17,1,43,32,11,43,43,5,38,24,5,6,6,7,5,3,3,3,6,4,6
2024,11,1,11,11,12,2,5,14,3,43,32,11,43,43,2,41,24,5,6,6,8,2,6,6,6,5,6,2
2024,11,2,0,3,8,2,5,12,3,27,24,3,27,27,1,26,18,1,9,2,11,1,1,1,1,2,4,2
2024,11,2,1,8,12,3,2,13,1,32,24,8,32,32,2,30,18,3,6,5,7,2,1,1,1,4,6,3
2024,11,2,2,3,8,5,4,8,2,27,24,3,27,27,4,23,14,2,3,1,5,4,1,1,1,3,4,5
2024,11,2,3,12,10,6,6,12,4,42,30,12,42,42,1,41,24,6,5,6,7,1,5,5,5,2,5,6
2024,11,2,4,9,2,3,5,11,3,33,24,9,33,33,1,32,20,4,5,5,7,1,6,6,6,3,1,3
2024,11,2,5,9,2,4,6,16,4,35,26,9,35,35,6,29,27,5,6,4,8,6,2,2,2,1,1,4
2024,11,2,6,11,10,6,4,10,1,36,25,11,36,36,2,34,20,6,3,5,6,2,3,3,3,2,5,6
2024,11,2,7,8,2,5,4,16,6,34,26,8,34,34,1,33,22,2,9,6,7,1,2,2,2,4,1,5
2024,11,2,8,4,2,4,2,9,2,21,17,4,21,21,1,20,13,2,6,2,6,1,2,2,2,1,1,4
2024,11,2,9,7,10,6,3,9,2,33,26,7,33,33,2,31,17,5,5,2,6,2,2,2,2,3,5,6
2024,11,2,10,8,2,3,6,11,1,34,26,8,34,34,3,31,21,4,4,4,9,3,4,4,4,5,1,3
2024,11,2,11,9,4,1,5,18,6,42,33,9,42,42,3,39,29,6,12,3,11,3,6,6,6,4,2,1
2024,11,3,0,3,2,3,1,16,6,28,25,3,28,28,5,23,18,1,9,2,4,5,5,5,5,1,1,3
2024,11,3,1,11,8,6,4,13,3,43,32,11,43,43,1,42,22,5,6,6,7,1,5,5,5,6,4,6
2024,11,3,2,11,12,4,1,13,2,36,25,11,36,36,2,34,19,5,5,6,4,2,6,6,6,1,6,4
2024,11,3,3,8,4,6,6,14,5,39,31,8,39,39,4,35,24,4,6,4,7,4,5,5,5,2,2,6
2024,11,3,4,9,12,5,5,17,5,40,31,9,40,40,1,39,26,4,11,5,11,1,2,2,2,1,6,5
2024,11,3,5,11,12,2,6,22,6,49,38,11,49,49,5,44,33,5,11,6,11,5,2,2,2,6,6,2
2024,11,3,6,9,6,5,4,16,3,39,30,9,39,39,6,33,25,5,6,4,7,6,2,2,2,4,3,5
2024,11,3,7,8,2,2,2,16,6,31,23,8,31,31,3,28,22,4,9,4,5,3,4,4,4,2,1,2
2024,11,3,8,9,10,5,2,14,4,39,30,9,39,39,1,38,22,6,10,3,8,1,4,4,4,3,5,5
2024,11,3,9,7,8,3,6,15,1,36,29,7,36,36,5,31,24,3,6,4,11,5,2,2,2,3,4,3
2024,11,3,10,8,4,4,1,8,2,26,18,8,26,26,1,25,15,6,5,2,4,1,3,3,3,2,2,4
2024,11,3,11,8,6,1,2,17,3,37,29,8,37,37,6,31,22,3,6,5,5,6,6,6,6,5,3,1
2024,11,4,0,10,10,4,5,14,2,40,30,10,40,40,3,37,25,6,7,4,10,3,2,2,2,4,5,4
2024,11,4,1,8,4,6,6,19,5,45,37,8,45,45,6,39,28,3,8,5,9,6,5,5,5,4,2,6
2024,11,4,2,5,2,6,6,14,4,37,32,5,37,37,5,32,22,2,6,3,8,5,3,3,3,5,1,6
2024,11,4,3,8,12,4,1,18,1,40,32,8,40,40,6,34,21,2,6,6,6,6,6,6,6,3,6,4
2024,11,4,4,3,4,3,3,12,2,29,26,3,29,29,3,26,17,2,8,1,9,3,3,3,3,4,2,3
2024,11,4,5,4,6,5,5,11,3,36,32,4,36,36,5,31,19,3,5,1,7,5,5,5,5,4,3,5
2024,11,4,6,4,4,5,3,15,5,37,33,4,37,37,5,32,19,1,7,3,5,5,5,5,5,6,2,5
2024,11,4,7,12,10,2,1,16,3,35,23,12,35,35,4,31,23,6,6,6,4,4,4,4,4,1,5,2
2024,11,4,8,5,10,5,3,11,2,33,28,5,33,33,5,28,16,2,3,3,4,5,2,2,2,5,5,5
2024,11,4,9,5,6,1,4,12,3,27,22,5,27,27,4,23,17,1,4,4,5,4,3,3,3,3,3,1
2024,11,4,10,7,6,1,5,12,1,33,26,7,33,33,3,30,22,5,7,2,11,3,5,5,5,2,3,1
2024,11,4,11,11,2,3,5,20,6,39,28,11,39,39,4,35,31,6,11,5,10,4,2,2,2,2,1,3
2024,11,5,0,6,6,4,6,10,1,37,31,6,37,37,2,35,19,3,5,3,10,2,6,6,6,5,3,4
2024,11,5,1,11,4,3,6,14,2,41,30,11,41,41,4,37,26,6,5,5,9,4,5,5,5,5,2,3
2024,11,5,2,12,2,1,1,11,2,29,17,12,29,29,1,28,18,6,4,6,3,1,3,3,3,6,1,1
2024,11,5,3,6,4,4,4,15,5,34,28,6,34,34,4,30,21,2,7,4,6,4,6,6,6,1,2,4
2024,11,5,4,6,10,1,3,13,5,33,27,6,33,33,2,31,21,5,10,1,8,2,1,1,1,5,5,1
2024,11,5,5,2,8,3,3,9,3,23,21,2,23,23,2,21,13,1,6,1,6,2,1,1,1,2,4,3
2024,11,5,6,10,10,3,4,12,1,36,26,10,36,36,6,30,22,6,2,4,5,6,4,4,4,2,5,3
2024,11,5,7,6,8,6,2,18,2,38,32,6,38,38,5,33,21,1,8,5,8,5,5,5,5,2,4,6
2024,11,5,8,7,6,4,4,13,4,38,31,7,38,38,4,34,20,3,5,4,5,4,5,5,5,6,3,4
2024,11,5,9,8,4,2,6,12,1,35,27,8,35,35,6,29,22,4,2,4,7,6,4,4,4,5,2,2
2024,11,5,10,8,4,3,1,10,5,26,18,8,26,26,1,25,16,5,6,3,2,1,2,2,2,3,2,3
2024,11,5,11,5,2,2,5,12,4,29,24,5,29,29,3,26,19,2,6,3,7,3,4,4,4,3,1,2
2024,11,6,0,7,12,2,1,11,5,38,31,7,38,38,2,36,18,6,8,1,4,2,6,6,6,6,6,2
2024,11,6,1,11,6,1,1,20,3,35,24,11,35,35,5,30,26,5,9,6,7,5,2,2,2,3,3,1
2024,11,6,2,8,2,5,2,11,2,29,21,8,29,29,1,28,17,4,6,4,6,1,2,2,2,4,1,5
2024,11,6,3,6,6,1,1,15,2,31,25,6,31,31,6,25,18,2,5,4,4,6,5,5,5,4,3,1
2024,11,6,4,11,6,2,1,13,3,33,22,11,33,33,2,31,20,6,6,5,4,2,2,2,2,6,3,2
2024,11,6,5,11,8,6,1,17,5,39,28,11,39,39,3,36,23,5,8,6,4,3,5,5,5,1,4,6
2024,11,6,6,11,2,1,2,17,6,36,25,11,36,36,4,32,24,5,7,6,3,4,5,5,5,5,1,1
2024,11,6,7,6,2,3,1,11,1,27,21,6,27,27,3,24,17,5,7,1,7,3,5,5,5,1,1,3
2024,11,6,8,12,8,6,5,14,1,47,35,12,47,47,1,46,25,6,7,6,11,1,6,6,6,6,4,6
2024,11,6,9,9,6,2,5,15,3,39,30,9,39,39,6,33,25,5,5,4,7,6,3,3,3,6,3,2
2024,11,6,10,8,2,1,4,13,3,30,22,8,30,30,4,26,21,4,5,4,6,4,1,1,1,6,1,1
2024,11,6,11,6,10,1,6,13,2,33,27,6,33,33,6,27,23,4,5,2,9,6,2,2,2,2,5,1
2024,11,7,0,4,12,3,1,11,1,30,26,4,30,30,3,27,14,2,6,2,6,3,4,4,4,3,6,3
2024,11,7,1,9,4,1,4,14,6,30,21,9,30,30,3,27,23,5,7,4,5,3,3,3,3,1,2,1
2024,11,7,2,8,6,3,1,18,5,38,30,8,38,38,6,32,23,4,8,4,4,6,6,6,6,3,3,3
2024,11,7,3,8,2,5,4,9,3,28,20,8,28,28,1,27,17,4,4,4,5,1,1,1,1,4,1,5
2024,11,7,4,10,8,5,6,15,2,43,33,10,43,43,4,39,25,4,5,6,9,4,5,5,5,4,4,5
2024,11,7,5,6,10,1,5,5,2,30,24,6,30,30,1,29,15,5,3,1,6,1,4,4,4,5,5,1
2024,11,7,6,7,6,2,1,14,4,29,22,7,29,29,2,27,17,2,7,5,4,2,5,5,5,2,3,2
2024,11,7,7,8,6,2,1,17,6,32,24,8,32,32,3,29,21,3,9,5,4,3,2,2,2,4,3,2
2024,11,7,8,6,8,1,3,11,3,26,20,6,26,26,1,25,15,1,5,5,5,1,4,4,4,2,4,1
2024,11,7,9,7,2,5,1,18,6,39,32,7,39,39,6,33,24,5,10,2,5,6,4,4,4,5,1,5
2024,11,7,10,5,10,6,3,15,6,41,36,5,41,41,2,39,22,4,12,1,9,2,2,2,2,6,5,6
2024,11,7,11,8,8,6,1,15,3,41,33,8,41,41,4,37,20,4,7,4,5,4,6,6,6,5,4,6
2024,11,8,0,3,6,4,1,14,6,32,29,3,32,32,2,30,16,1,10,2,5,2,6,6,6,3,3,4
2024,11,8,1,5,6,4,2,14,3,37,32,5,37,37,6,31,20,4,7,1,6,6,4,4,4,6,3,4
2024,11,8,2,6,2,1,1,12,2,27,21,6,27,27,5,22,18,5,6,1,5,5,1,1,1,6,1,1
2024,11,8,3,10,6,2,3,9,1,28,18,10,28,28,1,27,16,4,2,6,4,1,1,1,1,6,3,2
2024,11,8,4,7,12,4,1,10,3,34,27,7,34,34,3,31,16,5,5,2,3,3,5,5,5,3,6,4
2024,11,8,5,2,2,4,6,17,5,33,31,2,33,33,5,28,24,1,11,1,12,5,1,1,1,3,1,4
2024,11,8,6,8,8,6,4,18,4,44,36,8,44,44,4,40,26,4,10,4,10,4,4,4,4,4,4,6
2024,11,8,7,6,2,6,1,15,4,31,25,6,31,31,2,29,17,1,8,5,5,2,5,5,5,2,1,6
2024,11,8,8,6,10,1,4,15,3,40,34,6,40,40,6,34,23,4,7,2,8,6,6,6,6,5,5,1
2024,11,8,9,5,4,3,6,17,5,38,33,5,38,38,3,35,25,2,11,3,12,3,3,3,3,5,2,3
2024,11,8,10,8,8,4,4,13,4,40,32,8,40,40,5,35,23,6,6,2,6,5,3,3,3,6,4,4
2024,11,8,11,7,4,5,6,12,4,31,24,7,31,31,2,29,22,4,7,3,9,2,1,1,1,1,2,5
2024,11,9,0,3,4,6,3,13,1,33,30,3,33,33,5,28,17,1,6,2,8,5,6,6,6,2,2,6
2024,11,9,1,6,6,4,2,10,1,30,24,6,30,30,6,24,16,4,2,2,3,6,5,5,5,2,3,4
2024,11,9,2,5,12,5,2,13,3,37,32,5,37,37,4,33,17,2,6,3,5,4,5,5,5,4,6,5
2024,11,9,3,9,12,6,1,16,5,39,30,9,39,39,1,38,21,4,10,5,6,1,1,1,1,5,6,6
2024,11,9,4,7,8,1,4,18,3,40,33,7,40,40,6,34,25,3,8,4,9,6,5,5,5,5,4,1
2024,11,9,5,3,4,2,5,15,4,37,34,3,37,37,6,31,22,2,8,1,9,6,6,6,6,5,2,2
2024,11,9,6,4,4,2,6,7,1,23,19,4,23,23,2,21,16,3,4,1,9,2,1,1,1,2,2,2
2024,11,9,7,7,12,2,2,12,5,33,26,7,33,33,1,32,19,5,9,2,6,1,5,5,5,1,6,2
2024,11,9,8,8,6,4,1,20,6,40,32,8,40,40,3,37,23,2,11,6,6,3,6,6,6,4,3,4
2024,11,9,9,9,6,5,2,14,2,33,24,9,33,33,1,32,19,3,7,6,7,1,5,5,5,1,3,5
2024,11,9,10,10,10,1,6,18,4,37,27,10,37,37,4,33,28,4,8,6,10,4,1,1,1,2,5,1
2024,11,9,11,8,10,1,6,12,1,35,27,8,35,35,4,31,24,6,6,2,11,4,2,2,2,3,5,1
2024,11,10,0,5,12,5,3,9,1,36,31,5,36,36,4,32,14,2,2,3,4,4,6,6,6,5,6,5
2024,11,10,1,3,2,6,1,6,2,27,24,3,27,27,2,25,9,2,3,1,2,2,6,6,6,5,1,6
2024,11,10,2,7,2,2,1,13,1,27,20,7,27,27,1,26,16,2,7,5,7,1,2,2,2,6,1,2
2024,11,10,3,7,2,3,5,14,6,38,31,7,38,38,3,35,25,6,10,1,9,3,3,3,3,6,1,3
2024,11,10,4,7,2,5,2,15,3,33,26,7,33,33,1,32,19,2,9,5,8,1,2,2,2,6,1,5
2024,11,10,5,9,10,6,1,12,5,34,25,9,34,34,1,33,17,4,6,5,2,1,3,3,3,3,5,6
2024,11,10,6,5,6,1,2,13,2,28,23,5,28,28,6,22,16,1,3,4,3,6,3,3,3,5,3,1
2024,11,10,7,7,8,1,5,19,5,36,29,7,36,36,4,32,25,1,9,6,9,4,3,3,3,3,4,1
2024,11,10,8,7,2,3,3,10,1,30,23,7,30,30,1,29,14,1,3,6,5,1,6,6,6,6,1,3
2024,11,10,9,6,8,2,5,11,3,35,29,6,35,35,3,32,21,5,7,1,9,3,3,3,3,5,4,2
2024,11,10,10,7,10,6,5,13,5,35,28,7,35,35,1,34,19,1,6,6,6,1,2,2,2,3,5,6
2024,11,10,11,6,6,5,4,14,2,38,32,6,38,38,6,32,22,4,6,2,8,6,6,6,6,2,3,5
2024,11,11,0,9,12,3,4,18,2,43,34,9,43,43,5,38,26,4,8,5,10,5,4,4,4,4,6,3
2024,11,11,1,7,8,1,3,21,4,34,27,7,34,34,6,28,25,1,9,6,8,6,3,3,3,1,4,1
2024,11,11,2,5,8,1,4,13,2,30,25,5,30,30,5,25,18,1,4,4,6,5,1,1,1,6,4,1
2024,11,11,3,9,10,1,4,18,3,39,30,9,39,39,4,35,25,3,8,6,9,4,5,5,5,3,5,1
2024,11,11,4,8,8,4,3,12,3,34,26,8,34,34,5,29,21,6,5,2,5,5,1,1,1,4,4,4
2024,11,11,5,9,4,3,4,20,5,36,27,9,36,36,4,32,27,3,10,6,9,4,1,1,1,3,2,3
2024,11,11,6,7,4,1,4,19,6,35,28,7,35,35,2,33,24,1,11,6,9,2,4,4,4,4,2,1
2024,11,11,7,6,2,2,4,16,4,34,28,6,34,34,5,29,21,1,6,5,6,5,6,6,6,4,1,2
2024,11,11,8,7,2,3,2,12,3,32,25,7,32,32,2,30,17,3,6,4,5,2,6,6,6,5,1,3
2024,11,11,9,10,10,6,3,22,4,43,33,10,43,43,6,37,29,4,10,6,9,6,1,1,1,2,5,6
2024,11,11,10,7,10,2,2,21,6,42,35,7,42,42,6,36,25,2,10,5,6,6,5,5,5,5,5,2
2024,11,11,11,8,12,2,4,12,4,32,24,8,32,32,1,31,20,4,7,4,7,1,1,1,1,3,6,2
2024,11,12,0,5,12,6,1,13,4,36,31,5,36,36,1,35,17,3,10,2,7,1,5,5,5,2,6,6
2024,11,12,1,8,8,6,2,13,3,36,28,8,36,36,1,35,19,4,8,4,7,1,2,2,2,5,4,6
2024,11,12,2,7,6,4,5,13,6,37,30,7,37,37,3,34,23,5,8,2,7,3,3,3,3,4,3,4
2024,11,12,3,6,2,5,4,9,3,35,29,6,35,35,3,32,18,5,5,1,6,3,6,6,6,5,1,5
2024,11,12,4,11,6,4,3,15,1,35,24,11,35,35,4,31,23,5,5,6,7,4,3,3,3,2,3,4
2024,11,12,5,8,8,3,1,13,2,30,22,8,30,30,6,24,18,4,3,4,2,6,1,1,1,4,4,3
2024,11,12,6,9,8,2,6,16,6,39,30,9,39,39,1,38,27,5,11,4,11,1,4,4,4,2,4,2
2024,11,12,7,7,2,3,2,19,4,32,25,7,32,32,6,26,24,3,9,4,7,6,1,1,1,3,1,3
2024,11,12,8,11,6,4,2,12,4,37,26,11,37,37,1,36,20,6,6,5,4,1,5,5,5,5,3,4
2024,11,12,9,9,6,4,1,11,2,34,25,9,34,34,2,32,18,6,6,3,5,2,4,4,4,5,3,4
2024,11,12,10,9,10,4,5,10,1,39,30,9,39,39,3,36,20,5,3,4,7,3,5,5,5,5,5,4
2024,11,12,11,7,4,4,6,7,1,27,20,7,27,27,1,26,16,3,2,4,7,1,1,1,1,4,2,4
2024,11,13,0,10,8,6,2,18,5,43,33,10,43,43,4,39,24,4,8,6,5,4,5,5,5,4,4,6
2024,11,13,1,8,12,6,3,17,3,41,33,8,41,41,5,36,24,4,8,4,8,5,1,1,1,4,6,6
2024,11,13,2,8,8,3,4,11,1,30,22,8,30,30,6,24,21,6,3,2,6,6,1,1,1,1,4,3
2024,11,13,3,11,10,6,5,15,2,42,31,11,42,42,4,38,25,5,5,6,8,4,4,4,4,2,5,6
2024,11,13,4,10,4,1,1,15,5,28,18,10,28,28,1,27,20,4,8,6,4,1,3,3,3,2,2,1
2024,11,13,5,9,2,5,1,18,4,37,28,9,37,37,6,31,25,6,9,3,6,6,2,2,2,4,1,5
2024,11,13,6,5,2,2,1,10,4,27,22,5,27,27,2,25,15,4,7,1,4,2,5,5,5,4,1,2
2024,11,13,7,4,12,2,2,13,5,31,27,4,31,31,4,27,17,2,7,2,4,4,3,3,3,3,6,2
2024,11,13,8,9,8,3,1,15,5,36,27,9,36,36,2,34,22,6,10,3,6,2,1,1,1,6,4,3
2024,11,13,9,8,4,6,1,10,4,33,25,8,33,33,1,32,16,5,6,3,3,1,3,3,3,6,2,6
2024,11,13,10,7,2,4,4,17,4,40,33,7,40,40,4,36,24,3,9,4,9,4,5,5,5,6,1,4
2024,11,13,11,10,4,3,5,14,4,34,24,10,34,34,1,33,23,4,7,6,8,1,3,3,3,3,2,3
2024,11,14,0,4,4,3,2,17,4,35,31,4,35,35,5,30,21,2,10,2,8,5,3,3,3,6,2,3
2024,11,14,1,7,6,4,1,18,6,35,28,7,35,35,6,29,22,3,8,4,3,6,3,3,3,3,3,4
2024,11,14,2,4,10,4,3,10,5,28,24,4,28,28,1,27,15,2,7,2,5,1,3,3,3,1,5,4
2024,11,14,3,4,12,4,1,8,5,29,25,4,29,29,1,28,12,3,6,1,2,1,5,5,5,2,6,4
2024,11,14,4,10,12,4,2,15,6,41,31,10,41,41,2,39,23,6,9,4,5,2,5,5,5,3,6,4
2024,11,14,5,5,10,5,1,13,6,34,29,5,34,34,2,32,16,2,8,3,3,2,3,3,3,5,5,5
2024,11,14,6,7,2,6,4,17,5,37,30,7,37,37,2,35,23,2,10,5,9,2,2,2,2,5,1,6
2024,11,14,7,2,2,3,4,6,2,23,21,2,23,23,1,22,11,1,4,1,6,1,5,5,5,3,1,3
2024,11,14,8,11,8,3,2,14,2,37,26,11,37,37,1,36,21,5,7,6,7,1,5,5,5,4,4,3
2024,11,14,9,3,2,3,1,13,6,28,25,3,28,28,3,25,15,1,8,2,3,3,5,5,5,4,1,3
2024,11,14,10,9,8,4,1,17,2,34,25,9,34,34,5,29,21,3,6,6,5,5,1,1,1,4,4,4
2024,11,14,11,8,8,4,4,9,2,34,26,8,34,34,3,31,18,5,3,3,5,3,4,4,4,4,4,4
2024,11,15,0,11,8,3,3,20,6,41,30,11,41,41,6,35,29,6,9,5,6,6,4,4,4,1,4,3
2024,11,15,1,8,2,4,5,13,6,38,30,8,38,38,2,36,23,5,8,3,7,2,6,6,6,4,1,4
2024,11,15,2,6,12,5,5,13,6,35,29,6,35,35,1,34,21,3,9,3,8,1,1,1,1,2,6,5
2024,11,15,3,6,8,4,5,9,1,27,21,6,27,27,2,25,16,2,3,4,7,2,2,2,2,1,4,4
2024,11,15,4,10,6,6,5,11,1,40,30,10,40,40,3,37,21,5,3,5,7,3,5,5,5,5,3,6
2024,11,15,5,2,12,5,2,15,5,36,34,2,36,36,5,31,18,1,9,1,6,5,5,5,5,2,6,5
2024,11,15,6,8,8,3,3,17,3,36,28,8,36,36,5,31,23,3,7,5,7,5,1,1,1,5,4,3
2024,11,15,7,4,6,1,2,12,3,23,19,4,23,23,1,22,16,2,9,2,8,1,2,2,2,1,3,1
2024,11,15,8,12,2,1,1,18,6,34,22,12,34,34,5,29,25,6,7,6,2,5,6,6,6,1,1,1
2024,11,15,9,10,2,5,3,23,5,44,34,10,44,44,6,38,30,4,11,6,9,6,6,6,6,2,1,5
2024,11,15,10,4,4,5,4,6,2,29,25,4,29,29,1,28,12,2,3,2,5,1,6,6,6,4,2,5
2024,11,15,11,8,8,4,6,11,1,35,27,8,35,35,2,33,22,5,6,3,11,2,3,3,3,2,4,4
2024,11,16,0,9,2,2,6,15,5,34,25,9,34,34,1,33,25,4,9,5,10,1,4,4,4,2,1,2
2024,11,16,1,4,12,4,3,14,5,39,35,4,39,39,3,36,19,2,9,2,7,3,4,4,4,6,6,4
2024,11,16,2,2,6,1,4,9,4,27,25,2,27,27,2,25,14,1,6,1,6,2,3,3,3,6,3,1
2024,11,16,3,7,8,1,4,14,6,32,25,7,32,32,3,29,22,4,8,3,6,3,2,2,2,3,4,1
2024,11,16,4,7,10,6,3,15,4,40,33,7,40,40,4,36,24,6,10,1,9,4,1,1,1,4,5,6
2024,11,16,5,6,8,2,3,15,3,36,30,6,36,36,5,31,22,4,8,2,8,5,3,3,3,5,4,2
2024,11,16,6,7,4,6,2,14,5,34,27,7,34,34,1,33,21,5,11,2,8,1,2,2,2,3,2,6
2024,11,16,7,10,12,3,5,15,2,40,30,10,40,40,2,38,25,5,8,5,11,2,3,3,3,3,6,3
2024,11,16,8,3,8,4,1,12,3,25,22,3,25,25,3,22,15,2,8,1,6,3,1,1,1,1,4,4
2024,11,16,9,7,4,3,4,9,1,32,25,7,32,32,2,30,18,5,5,2,8,2,6,6,6,3,2,3
2024,11,16,10,8,2,1,4,9,2,32,24,8,32,32,2,30,18,5,4,3,6,2,6,6,6,6,1,1
2024,11,16,11,2,2,1,4,9,6,23,21,2,23,23,1,22,14,1,7,1,5,1,1,1,1,6,1,1
2024,11,17,0,7,6,2,5,12,2,32,25,7,32,32,3,29,20,3,5,4,8,3,1,1,1,6,3,2
2024,11,17,1,6,4,4,2,13,1,37,31,6,37,37,6,31,20,5,6,1,7,6,5,5,5,6,2,4
2024,11,17,2,8,4,1,4,16,1,32,24,8,32,32,6,26,23,3,5,5,8,6,4,4,4,2,2,1
2024,11,17,3,5,8,5,2,11,1,31,26,5,31,31,1,30,14,1,6,4,7,1,2,2,2,6,4,5
2024,11,17,4,8,6,6,5,16,6,42,34,8,42,42,2,40,25,4,10,4,9,2,5,5,5,3,3,6
2024,11,17,5,12,10,2,6,19,3,46,34,12,46,46,5,41,31,6,8,6,11,5,2,2,2,6,5,2
2024,11,17,6,8,8,3,4,17,5,39,31,8,39,39,6,33,25,4,7,4,6,6,3,3,3,4,4,3
2024,11,17,7,9,8,3,3,18,2,40,31,9,40,40,6,34,25,4,7,5,8,6,2,2,2,6,4,3
2024,11,17,8,7,10,2,5,11,2,34,27,7,34,34,3,31,18,2,3,5,6,3,3,3,3,6,5,2
2024,11,17,9,8,12,6,5,9,1,38,30,8,38,38,3,35,18,4,2,4,6,3,4,4,4,4,6,6
2024,11,17,10,2,8,6,1,8,5,25,23,2,25,25,1,24,10,1,6,1,2,1,3,3,3,2,4,6
2024,11,17,11,11,8,1,1,21,6,40,29,11,40,40,5,35,28,6,11,5,6,5,6,6,6,1,4,1
2024,11,18,0,7,2,5,4,15,4,33,26,7,33,33,4,29,21,2,6,5,6,4,2,2,2,4,1,5
2024,11,18,1,7,8,1,4,15,6,36,29,7,36,36,6,30,24,5,7,2,5,6,2,2,2,5,4,1
2024,11,18,2,12,6,1,6,9,1,32,20,12,32,32,1,31,21,6,2,6,7,1,5,5,5,2,3,1
2024,11,18,3,7,2,6,3,12,3,34,27,7,34,34,2,32,20,5,8,2,8,2,6,6,6,1,1,6
2024,11,18,4,4,12,4,6,14,5,38,34,4,38,38,5,33,21,1,6,3,7,5,4,4,4,3,6,4
2024,11,18,5,8,10,3,5,11,4,33,25,8,33,33,3,30,22,6,6,2,7,3,2,2,2,1,5,3
2024,11,18,6,6,4,4,6,9,3,29,23,6,29,29,2,27,19,4,5,2,8,2,1,1,1,3,2,4
2024,11,18,7,10,6,3,5,14,1,36,26,10,36,36,6,30,25,6,4,4,8,6,2,2,2,3,3,3
2024,11,18,8,6,12,1,2,10,1,26,20,6,26,26,4,22,14,2,2,4,3,4,3,3,3,2,6,1
2024,11,18,9,8,10,3,1,18,3,40,32,8,40,40,6,34,24,5,9,3,7,6,4,4,4,4,5,3
2024,11,18,10,10,6,3,5,16,2,39,29,10,39,39,5,34,26,5,6,5,9,5,3,3,3,4,3,3
2024,11,18,11,3,2,5,5,14,4,30,27,3,30,30,6,24,21,2,7,1,8,6,2,2,2,1,1,5
2024,11,19,0,7,4,5,2,11,2,31,24,7,31,31,5,26,19,6,5,1,5,5,1,1,1,4,2,5
2024,11,19,1,6,6,2,3,19,4,37,31,6,37,37,6,31,25,3,10,3,9,6,2,2,2,5,3,2
2024,11,19,2,3,8,4,4,11,3,31,28,3,31,31,3,28,16,1,6,2,7,3,6,6,6,1,4,4
2024,11,19,3,6,4,2,5,12,5,24,18,6,24,24,1,23,18,1,6,5,6,1,1,1,1,1,2,2
2024,11,19,4,5,10,4,3,8,3,29,24,5,29,29,1,28,15,4,6,1,6,1,4,4,4,1,5,4
2024,11,19,5,8,2,5,3,14,5,36,28,8,36,36,1,35,19,2,7,6,5,1,6,6,6,5,1,5
2024,11,19,6,4,6,6,3,18,6,37,33,4,37,37,6,31,23,2,10,2,7,6,2,2,2,3,3,6
2024,11,19,7,8,2,2,3,16,4,26,18,8,26,26,4,22,21,2,6,6,5,4,1,1,1,1,1,2
2024,11,19,8,2,8,6,5,9,4,31,29,2,31,31,2,29,15,1,6,1,7,2,2,2,2,4,4,6
2024,11,19,9,7,8,4,4,8,1,35,28,7,35,35,2,33,15,3,2,4,5,2,6,6,6,6,4,4
2024,11,19,10,6,6,4,1,12,5,29,23,6,29,29,3,26,17,4,7,2,3,3,1,1,1,4,3,4
2024,11,19,11,8,12,6,1,17,3,39,31,8,39,39,2,37,20,2,9,6,7,2,1,1,1,6,6,6
2024,11,20,0,10,10,2,4,7,1,33,23,10,33,33,1,32,17,6,2,4,5,1,4,4,4,5,5,2
2024,11,20,1,8,6,5,6,20,5,43,35,8,43,43,5,38,28,2,9,6,10,5,2,2,2,5,3,5
2024,11,20,2,8,10,5,2,19,6,42,34,8,42,42,4,38,25,4,11,4,7,4,2,2,2,5,5,5
2024,11,20,3,7,12,4,6,8,1,36,29,7,36,36,1,35,20,6,6,1,11,1,1,1,1,5,6,4
2024,11,20,4,10,8,2,5,10,2,38,28,10,38,38,2,36,21,6,4,4,7,2,5,5,5,6,4,2
2024,11,20,5,10,12,4,1,13,5,36,26,10,36,36,2,34,19,5,6,5,2,2,6,6,6,1,6,4
2024,11,20,6,11,8,5,3,17,5,43,32,11,43,43,3,40,26,6,9,5,7,3,2,2,2,6,4,5
2024,11,20,7,8,12,5,4,14,3,45,37,8,45,45,6,39,22,4,4,4,5,6,6,6,6,6,6,5
2024,11,20,8,5,2,2,5,11,3,29,24,5,29,29,6,23,20,4,4,1,6,6,1,1,1,5,1,2
2024,11,20,9,8,6,1,1,19,5,36,28,8,36,36,4,32,24,4,11,4,7,4,2,2,2,6,3,1
2024,11,20,10,5,6,2,2,8,2,29,24,5,29,29,1,28,12,2,4,3,4,1,6,6,6,6,3,2
2024,11,20,11,10,8,4,1,9,1,29,19,10,29,29,2,27,16,6,3,4,3,2,3,3,3,2,4,4
2024,11,21,0,10,6,4,2,13,4,33,23,10,33,33,2,31,19,4,5,6,3,2,1,1,1,6,3,4
2024,11,21,1,5,4,4,5,15,3,31,26,5,31,31,6,25,21,1,5,4,7,6,3,3,3,1,2,4
2024,11,21,2,6,10,6,4,16,6,45,39,6,45,45,2,43,24,4,12,2,10,2,5,5,5,5,5,6
2024,11,21,3,2,12,3,5,8,1,27,25,2,27,27,3,24,14,1,4,1,8,3,3,3,3,1,6,3
2024,11,21,4,5,8,5,2,13,3,33,28,5,33,33,4,29,17,2,6,3,5,4,4,4,4,3,4,5
2024,11,21,5,8,6,4,4,15,5,32,24,8,32,32,3,29,22,3,7,5,6,3,2,2,2,1,3,4
2024,11,21,6,12,6,6,4,16,5,40,28,12,40,40,4,36,26,6,6,6,5,4,3,3,3,2,3,6
2024,11,21,7,7,12,2,2,14,4,37,30,7,37,37,5,32,22,6,8,1,6,5,1,1,1,6,6,2
2024,11,21,8,7,8,1,2,11,4,28,21,7,28,28,1,27,17,4,7,3,5,1,1,1,1,5,4,1
2024,11,21,9,9,12,3,6,13,1,38,29,9,38,38,3,35,22,3,4,6,9,3,6,6,6,1,6,3
2024,11,21,10,5,6,2,5,10,4,32,27,5,32,32,1,31,19,4,8,1,9,1,5,5,5,3,3,2
2024,11,21,11,6,4,4,3,11,1,29,23,6,29,29,1,28,16,2,6,4,8,1,1,1,1,6,2,4
2024,11,22,0,7,2,3,1,13,2,31,24,7,31,31,5,26,20,6,7,1,6,5,6,6,6,1,1,3
2024,11,22,1,6,6,3,5,18,6,37,31,6,37,37,5,32,24,1,8,5,7,5,1,1,1,6,3,3
2024,11,22,2,6,12,1,6,10,3,31,25,6,31,31,2,29,21,5,7,1,10,2,2,2,2,1,6,1
2024,11,22,3,5,12,3,5,13,5,36,31,5,36,36,2,34,19,1,7,4,7,2,2,2,2,6,6,3
2024,11,22,4,8,2,6,1,17,6,39,31,8,39,39,4,35,22,4,9,4,4,4,6,6,6,4,1,6
2024,11,22,5,5,8,2,2,11,2,26,21,5,26,26,3,23,15,2,5,3,5,3,4,4,4,1,4,2
2024,11,22,6,5,4,3,3,10,3,23,18,5,23,23,2,21,15,2,5,3,5,2,1,1,1,2,2,3
2024,11,22,7,8,12,1,1,10,1,26,18,8,26,26,1,25,15,4,5,4,5,1,3,3,3,1,6,1
2024,11,22,8,10,4,5,3,14,1,36,26,10,36,36,4,32,22,5,5,5,7,4,4,4,4,3,2,5
2024,11,22,9,6,8,6,4,10,1,30,24,6,30,30,2,28,17,3,5,3,8,2,1,1,1,2,4,6
2024,11,22,10,10,2,2,3,13,6,34,24,10,34,34,1,33,21,5,7,5,4,1,5,5,5,5,1,2
2024,11,22,11,5,6,5,3,6,1,24,19,5,24,24,3,21,13,4,2,1,4,3,2,2,2,1,3,5
2024,11,23,0,12,4,3,1,16,3,33,21,12,33,33,5,28,23,6,5,6,3,5,1,1,1,4,2,3
2024,11,23,1,5,12,6,5,15,3,42,37,5,42,42,2,40,21,1,9,4,11,2,3,3,3,6,6,6
2024,11,23,2,6,4,1,1,13,2,28,22,6,28,28,2,26,16,2,7,4,6,2,3,3,3,6,2,1
2024,11,23,3,3,2,3,1,12,5,24,21,3,24,24,2,22,14,1,8,2,4,2,2,2,2,4,1,3
2024,11,23,4,7,4,3,3,15,4,34,27,7,34,34,5,29,20,2,5,5,4,5,3,3,3,6,2,3
2024,11,23,5,9,2,1,3,13,4,31,22,9,31,31,2,29,22,6,8,3,7,2,3,3,3,4,1,1
2024,11,23,6,8,12,4,2,15,6,41,33,8,41,41,6,35,23,6,7,2,3,6,2,2,2,6,6,4
2024,11,23,7,7,10,3,6,14,2,40,33,7,40,40,4,36,23,3,6,4,10,4,6,6,6,3,5,3
2024,11,23,8,6,8,5,5,17,1,38,32,6,38,38,6,32,24,2,7,4,11,6,1,1,1,4,4,5
2024,11,23,9,4,4,6,6,13,2,36,32,4,36,36,4,32,20,1,6,3,10,4,6,6,6,2,2,6
2024,11,23,10,7,6,1,4,10,2,31,24,7,31,31,2,29,19,5,6,2,8,2,3,3,3,5,3,1
2024,11,23,11,9,10,3,3,21,5,41,32,9,41,41,6,35,28,4,10,5,8,6,2,2,2,3,5,3
2024,11,24,0,6,4,5,5,13,3,38,32,6,38,38,2,36,22,4,9,2,11,2,5,5,5,4,2,5
2024,11,24,1,6,10,3,1,13,2,30,24,6,30,30,4,26,16,2,5,4,4,4,3,3,3,3,5,3
2024,11,24,2,10,10,1,5,7,1,29,19,10,29,29,1,28,18,6,2,4,6,1,3,3,3,2,5,1
2024,11,24,3,9,6,2,2,13,4,28,19,9,28,28,2,26,18,3,5,6,3,2,4,4,4,1,3,2
2024,11,24,4,2,6,5,3,9,3,25,23,2,25,25,1,24,13,1,7,1,7,1,1,1,1,3,3,5
2024,11,24,5,4,12,3,5,11,1,34,30,4,34,34,5,29,17,1,3,3,7,5,4,4,4,4,6,3
2024,11,24,6,7,12,2,5,18,5,40,33,7,40,40,5,35,26,3,9,4,9,5,4,4,4,2,6,2
2024,11,24,7,4,6,6,5,14,2,36,32,4,36,36,5,31,22,3,8,1,11,5,3,3,3,2,3,6
2024,11,24,8,8,2,5,6,14,3,40,32,8,40,40,3,37,26,6,9,2,12,3,6,6,6,2,1,5
2024,11,24,9,7,10,5,1,18,6,43,36,7,43,43,6,37,21,2,7,5,2,6,6,6,6,6,5,5
2024,11,24,10,6,12,6,5,9,1,32,26,6,32,32,3,29,16,2,2,4,6,3,2,2,2,2,6,6
2024,11,24,11,6,4,6,5,13,3,37,31,6,37,37,3,34,21,3,7,3,9,3,5,5,5,3,2,6
2024,11,25,0,8,12,6,5,13,1,40,32,8,40,40,1,39,21,3,7,5,11,1,1,1,1,6,6,6
2024,11,25,1,6,10,3,3,15,4,38,32,6,38,38,4,34,22,4,9,2,8,4,4,4,4,4,5,3
2024,11,25,2,7,8,2,4,12,1,28,21,7,28,28,2,26,17,1,4,6,7,2,1,1,1,4,4,2
2024,11,25,3,7,8,1,2,12,2,27,20,7,27,27,2,25,15,1,4,6,4,2,5,5,5,2,4,1
2024,11,25,4,2,12,2,1,6,1,24,22,2,24,24,1,23,8,1,4,1,4,1,5,5,5,3,6,2
2024,11,25,5,9,10,6,4,10,2,42,33,9,42,42,1,41,19,5,5,4,7,1,6,6,6,6,5,6
2024,11,25,6,5,2,6,6,18,6,40,35,5,40,40,4,36,27,3,12,2,12,4,4,4,4,2,1,6
2024,11,25,7,9,6,2,6,16,2,37,28,9,37,37,3,34,26,4,8,5,12,3,1,1,1,5,3,2
2024,11,25,8,9,8,5,5,13,1,39,30,9,39,39,4,35,24,6,6,3,10,4,1,1,1,5,4,5
2024,11,25,9,8,4,6,5,17,3,38,30,8,38,38,6,32,25,3,6,5,8,6,4,4,4,1,2,6
2024,11,25,10,6,10,6,4,18,5,41,35,6,41,41,3,38,23,1,10,5,9,3,6,6,6,1,5,6
2024,11,25,11,7,12,3,5,21,6,40,33,7,40,40,6,34,28,2,10,5,9,6,1,1,1,2,6,3
2024,11,26,0,7,4,2,1,19,5,33,26,7,33,33,5,28,22,2,9,5,5,5,1,1,1,6,2,2
2024,11,26,1,3,8,1,4,9,3,31,28,3,31,31,1,30,15,2,7,1,8,1,5,5,5,6,4,1
2024,11,26,2,6,10,5,4,7,1,28,22,6,28,28,1,27,14,3,3,3,6,1,3,3,3,1,5,5
2024,11,26,3,8,12,6,4,13,3,39,31,8,39,39,5,34,21,4,4,4,5,5,3,3,3,3,6,6
2024,11,26,4,7,8,4,6,17,3,41,34,7,41,41,6,35,25,2,6,5,9,6,5,5,5,3,4,4
2024,11,26,5,5,4,6,6,19,3,39,34,5,39,39,6,33,26,1,9,4,12,6,4,4,4,1,2,6
2024,11,26,6,7,2,5,4,10,1,31,24,7,31,31,4,27,18,4,3,3,6,4,4,4,4,3,1,5
2024,11,26,7,7,6,5,1,13,6,30,23,7,30,30,4,26,19,5,7,2,2,4,1,1,1,2,3,5
2024,11,26,8,5,4,3,6,14,6,38,33,5,38,38,2,36,21,1,8,4,8,2,6,6,6,6,2,3
2024,11,26,9,8,8,1,2,18,4,35,27,8,35,35,4,31,23,3,9,5,7,4,6,6,6,1,4,1
2024,11,26,10,10,8,3,3,9,2,33,23,10,33,33,2,31,18,6,3,4,4,2,6,6,6,2,4,3
2024,11,26,11,5,12,4,1,14,3,31,26,5,31,31,2,29,16,1,8,4,6,2,2,2,2,3,6,4
2024,11,27,0,10,8,4,4,8,1,32,22,10,32,32,1,31,17,5,2,5,5,1,2,2,2,5,4,4
2024,11,27,1,10,6,1,1,17,2,32,22,10,32,32,5,27,23,5,7,5,6,5,1,1,1,4,3,1
2024,11,27,2,6,4,3,1,14,3,29,23,6,29,29,2,27,17,2,8,4,6,2,4,4,4,3,2,3
2024,11,27,3,10,12,3,4,15,1,42,32,10,42,42,4,38,23,4,5,6,8,4,6,6,6,4,6,3
2024,11,27,4,5,6,3,3,16,4,37,32,5,37,37,4,33,20,1,8,4,7,4,6,6,6,5,3,3
2024,11,27,5,8,8,1,2,15,5,27,19,8,27,27,4,23,20,3,6,5,3,4,1,1,1,1,4,1
2024,11,27,6,11,2,2,5,17,3,40,29,11,40,40,4,36,28,6,8,5,10,4,4,4,4,5,1,2
2024,11,27,7,11,12,1,4,16,4,41,30,11,41,41,4,37,25,5,6,6,6,4,4,4,4,5,6,1
2024,11,27,8,3,6,1,4,12,3,31,28,3,31,31,4,27,18,2,7,1,8,4,4,4,4,5,3,1
2024,11,27,9,7,12,4,6,10,1,37,30,7,37,37,2,35,22,6,7,1,12,2,4,4,4,1,6,4
2024,11,27,10,7,4,1,4,17,2,35,28,7,35,35,6,29,22,1,5,6,7,6,4,4,4,6,2,1
2024,11,27,11,7,4,1,5,16,3,29,22,7,29,29,5,24,22,1,5,6,7,5,2,2,2,2,2,1
2024,11,28,0,9,2,4,5,16,1,37,28,9,37,37,4,33,24,3,6,6,10,4,5,5,5,3,1,4
2024,11,28,1,12,8,1,2,18,3,41,29,12,41,41,3,38,26,6,9,6,8,3,4,4,4,6,4,1
2024,11,28,2,5,10,6,2,11,5,33,28,5,33,33,2,31,15,2,6,3,3,2,2,2,2,5,5,6
2024,11,28,3,7,6,6,3,17,4,37,30,7,37,37,4,33,21,1,7,6,6,4,1,1,1,6,3,6
2024,11,28,4,9,2,3,4,17,4,39,30,9,39,39,6,33,25,4,6,5,6,6,4,4,4,6,1,3
2024,11,28,5,6,4,1,3,14,3,31,25,6,31,31,4,27,22,5,9,1,9,4,5,5,5,1,2,1
2024,11,28,6,6,10,3,1,15,2,30,24,6,30,30,6,24,17,1,4,5,3,6,4,4,4,1,5,3
2024,11,28,7,12,4,5,5,13,5,38,26,12,38,38,1,37,24,6,6,6,6,1,4,4,4,3,2,5
2024,11,28,8,9,12,5,6,9,1,38,29,9,38,38,2,36,21,6,4,3,9,2,4,4,4,2,6,5
2024,11,28,9,5,6,4,3,7,2,28,23,5,28,28,1,27,14,4,5,1,6,1,1,1,1,6,3,4
2024,11,28,10,5,10,1,6,12,3,36,31,5,36,36,5,31,20,2,4,3,7,5,6,6,6,4,5,1
2024,11,28,11,6,4,4,5,15,6,40,34,6,40,40,5,35,25,5,9,1,8,5,6,6,6,3,2,4
2024,11,29,0,8,4,3,3,12,4,36,28,8,36,36,1,35,20,5,8,3,7,1,5,5,5,6,2,3
2024,11,29,1,12,6,1,2,20,6,37,25,12,37,37,6,31,28,6,8,6,4,6,1,1,1,4,3,1
2024,11,29,2,5,8,3,4,18,6,35,30,5,35,35,3,32,24,2,12,3,10,3,2,2,2,2,4,3
2024,11,29,3,2,12,1,3,14,5,29,27,2,29,29,3,26,18,1,10,1,8,3,1,1,1,3,6,1
2024,11,29,4,11,12,4,3,13,1,37,26,11,37,37,5,32,21,5,2,6,4,5,4,4,4,2,6,4
2024,11,29,5,8,8,4,6,17,5,43,35,8,43,43,6,37,28,5,8,3,9,6,1,1,1,6,4,4
2024,11,29,6,10,8,4,1,17,3,34,24,10,34,34,5,29,23,5,7,5,5,5,2,2,2,1,4,4
2024,11,29,7,6,12,6,4,11,1,42,36,6,42,42,4,38,18,3,4,3,7,4,6,6,6,6,6,6
2024,11,29,8,6,8,1,5,13,1,32,26,6,32,32,5,27,20,2,4,4,8,5,4,4,4,3,4,1
2024,11,29,9,9,10,3,3,6,1,30,21,9,30,30,1,29,15,6,2,3,4,1,1,1,1,6,5,3
2024,11,29,10,4,8,3,3,11,2,34,30,4,34,34,6,28,17,3,4,1,5,6,4,4,4,6,4,3
2024,11,29,11,9,4,4,3,9,4,31,22,9,31,31,1,30,18,6,5,3,4,1,2,2,2,5,2,4
2024,11,30,0,9,6,3,4,21,6,39,30,9,39,39,5,34,28,3,10,6,8,5,3,3,3,2,3,3
2024,11,30,1,4,6,6,4,15,5,40,36,4,40,40,1,39,20,1,11,3,10,1,6,6,6,5,3,6
2024,11,30,2,7,12,4,1,14,2,36,29,7,36,36,4,32,20,5,8,2,7,4,5,5,5,1,6,4
2024,11,30,3,8,6,2,4,18,3,39,31,8,39,39,6,33,27,5,9,3,10,6,1,1,1,6,3,2
2024,11,30,4,5,8,1,1,20,6,32,27,5,32,32,6,26,22,1,10,4,5,6,2,2,2,3,4,1
2024,11,30,5,7,10,6,3,15,4,38,31,7,38,38,4,34,20,2,6,5,5,4,3,3,3,4,5,6
2024,11,30,6,8,4,4,1,14,3,35,27,8,35,35,4,31,21,6,8,2,6,4,4,4,4,4,2,4
2024,11,30,7,7,4,3,4,11,2,31,24,7,31,31,2,29,21,6,8,1,10,2,2,2,2,3,2,3
2024,11,30,8,10,2,4,6,13,2,36,26,10,36,36,2,34,24,5,6,5,10,2,5,5,5,2,1,4
2024,11,30,9,3,12,3,6,14,6,36,33,3,36,36,3,33,22,2,10,1,10,3,1,1,1,4,6,3
2024,11,30,10,8,6,1,3,15,4,32,24,8,32,32,5,27,22,4,6,4,5,5,5,5,5,1,3,1
2024,11,30,11,9,10,5,6,10,2,36,27,9,36,36,4,32,22,6,3,3,7,4,3,3,3,1,5,5
2024,12,1,0,12,6,6,5,16,1,45,33,12,45,45,4,41,27,6,6,6,10,4,3,3,3,6,3,6
2024,12,1,1,6,12,5,1,16,4,37,31,6,37,37,1,36,18,1,10,5,7,1,2,2,2,6,6,5
2024,12,1,2,3,2,3,2,16,6,31,28,3,31,31,5,26,20,2,10,1,6,5,4,4,4,3,1,3
2024,12,1,3,6,6,2,5,15,6,39,33,6,39,39,6,33,24,4,7,2,6,6,4,4,4,6,3,2
2024,12,1,4,10,12,3,6,15,6,40,30,10,40,40,3,37,26,5,7,5,7,3,4,4,4,1,6,3
2024,12,1,5,11,8,5,6,22,4,51,40,11,51,51,6,45,33,5,10,6,12,6,5,5,5,4,4,5
2024,12,1,6,9,2,5,5,12,1,33,24,9,33,33,5,28,22,5,3,4,7,5,1,1,1,4,1,5
2024,12,1,7,9,2,6,1,17,6,35,26,9,35,35,5,30,23,5,8,4,3,5,4,4,4,1,1,6
2024,12,1,8,6,8,4,4,17,4,41,35,6,41,41,5,36,25,4,10,2,10,5,4,4,4,4,4,4
2024,12,1,9,5,8,5,3,16,5,41,36,5,41,41,4,37,23,4,11,1,9,4,6,6,6,3,4,5
2024,12,1,10,8,4,3,3,12,1,30,22,8,30,30,6,24,19,4,2,4,4,6,2,2,2,4,2,3
2024,12,1,11,9,10,4,3,10,3,36,27,9,36,36,1,35,17,4,4,5,4,1,4,4,4,6,5,4
2024,12,2,0,10,12,4,5,16,2,43,33,10,43,43,6,37,26,5,5,5,8,6,1,1,1,6,6,4
2024,12,2,1,4,2,4,1,13,1,29,25,4,29,29,6,23,15,1,4,3,4,6,3,3,3,6,1,4
2024,12,2,2,6,4,2,2,11,3,27,21,6,27,27,1,26,14,1,5,5,4,1,4,4,4,5,2,2
2024,12,2,3,2,10,6,1,9,2,26,24,2,26,26,4,22,11,1,4,1,3,4,2,2,2,2,5,6
2024,12,2,4,7,8,4,6,19,5,42,35,7,42,42,6,36,29,4,10,3,11,6,1,1,1,4,4,4
2024,12,2,5,7,8,6,2,8,1,30,23,7,30,30,5,25,16,6,2,1,3,5,1,1,1,3,4,6
2024,12,2,6,5,8,1,2,11,1,25,20,5,25,25,5,20,17,4,5,1,6,5,2,2,2,1,4,1
2024,12,2,7,8,8,1,5,12,4,36,28,8,36,36,4,32,22,5,5,3,6,4,4,4,4,5,4,1
2024,12,2,8,5,10,6,4,13,2,35,30,5,35,35,4,31,21,4,8,1,10,4,2,2,2,1,5,6
2024,12,2,9,5,12,5,5,15,2,38,33,5,38,38,3,35,21,1,8,4,11,3,1,1,1,5,6,5
2024,12,2,10,8,4,2,5,16,5,39,31,8,39,39,2,37,26,5,11,3,11,2,5,5,5,4,2,2
2024,12,2,11,8,4,1,1,17,5,29,21,8,29,29,1,28,21,3,11,5,7,1,1,1,1,4,2,1
2024,12,3,0,2,2,5,5,12,6,30,28,2,30,30,2,28,18,1,9,1,8,2,3,3,3,3,1,5
2024,12,3,1,7,6,2,2,15,3,34,27,7,34,34,6,28,20,3,5,4,4,6,3,3,3,6,3,2
2024,12,3,2,6,2,2,3,14,5,30,24,6,30,30,2,28,20,3,9,3,7,2,4,4,4,3,1,2
2024,12,3,3,3,4,2,5,12,4,30,27,3,30,30,3,27,18,1,7,2,8,3,4,4,4,4,2,2
2024,12,3,4,12,4,2,3,15,2,36,24,12,36,36,1,35,24,6,8,6,9,1,3,3,3,5,2,2
2024,12,3,5,7,2,6,2,15,2,31,24,7,31,31,6,25,18,1,3,6,3,6,1,1,1,5,1,6
2024,12,3,6,7,8,2,6,12,1,36,29,7,36,36,6,30,24,6,5,1,10,6,4,4,4,2,4,2
2024,12,3,7,9,12,3,3,12,2,38,29,9,38,38,3,35,21,6,6,3,7,3,5,5,5,3,6,3
2024,12,3,8,6,8,6,6,20,6,44,38,6,44,44,5,39,29,3,12,3,12,5,1,1,1,4,4,6
2024,12,3,9,4,10,4,3,10,2,27,23,4,27,27,2,25,15,2,6,2,7,2,2,2,2,1,5,4
2024,12,3,10,8,4,3,4,19,6,39,31,8,39,39,3,36,25,2,10,6,8,3,5,5,5,4,2,3
2024,12,3,11,9,10,5,1,12,3,33,24,9,33,33,1,32,17,4,6,5,4,1,2,2,2,4,5,5
2024,12,4,0,3,8,6,4,14,4,36,33,3,36,36,5,31,19,1,7,2,7,5,1,1,1,6,4,6
2024,12,4,1,10,2,6,1,17,2,39,29,10,39,39,5,34,23,5,7,5,6,5,3,3,3,6,1,6
2024,12,4,2,8,4,6,6,18,3,45,37,8,45,45,6,39,26,2,6,6,9,6,6,6,6,5,2,6
2024,12,4,3,7,6,3,5,11,4,32,25,7,32,32,3,29,20,4,5,3,6,3,2,2,2,4,3,3
2024,12,4,4,11,12,6,5,23,6,51,40,11,51,51,6,45,34,6,12,5,11,6,1,1,1,4,6,6
2024,12,4,5,10,2,3,4,16,3,36,26,10,36,36,5,31,25,5,6,5,7,5,4,4,4,3,1,3
2024,12,4,6,10,4,3,6,16,4,43,33,10,43,43,3,40,28,6,9,4,11,3,5,5,5,5,2,3
2024,12,4,7,10,6,3,2,16,4,38,28,10,38,38,4,34,24,6,8,4,6,4,4,4,4,4,3,3
2024,12,4,8,7,12,5,3,18,4,41,34,7,41,41,4,37,24,3,10,4,9,4,5,5,5,1,6,5
2024,12,4,9,7,4,2,2,15,4,38,31,7,38,38,4,34,23,6,10,1,8,4,6,6,6,5,2,2
2024,12,4,10,9,4,5,1,13,3,35,26,9,35,35,1,34,19,5,8,4,6,1,6,6,6,3,2,5
2024,12,4,11,4,12,5,6,12,2,35,31,4,35,35,6,29,20,2,4,2,8,6,1,1,1,3,6,5
2024,12,5,0,10,4,3,3,15,4,35,25,10,35,35,5,30,24,6,6,4,5,5,4,4,4,2,2,3
2024,12,5,1,8,10,4,1,11,2,35,27,8,35,35,4,31,18,6,5,2,4,4,6,6,6,2,5,4
2024,12,5,2,3,12,1,2,15,2,32,29,3,32,32,5,27,18,1,8,2,8,5,1,1,1,6,6,1
2024,12,5,3,7,2,2,4,12,1,29,22,7,29,29,6,23,20,4,3,3,6,6,1,1,1,5,1,2
2024,12,5,4,8,2,4,3,15,2,35,27,8,35,35,2,33,20,2,7,6,8,2,5,5,5,5,1,4
2024,12,5,5,4,10,3,4,14,4,37,33,4,37,37,4,33,20,2,8,2,8,4,4,4,4,5,5,3
2024,12,5,6,8,12,1,2,16,6,41,33,8,41,41,1,40,22,4,11,4,7,1,6,6,6,6,6,1
2024,12,5,7,9,4,3,5,11,2,35,26,9,35,35,1,34,20,4,5,5,8,1,5,5,5,5,2,3
2024,12,5,8,9,8,5,5,20,6,44,35,9,44,44,6,38,30,5,10,4,9,6,3,3,3,2,4,5
2024,12,5,9,4,6,2,6,14,4,37,33,4,37,37,1,36,21,1,10,3,12,1,6,6,6,5,3,2
2024,12,5,10,6,10,4,1,12,4,32,26,6,32,32,5,27,17,4,5,2,2,5,3,3,3,3,5,4
2024,12,5,11,7,8,1,2,14,1,31,24,7,31,31,3,28,19,3,7,4,8,3,5,5,5,2,4,1
2024,12,6,0,2,6,4,6,13,4,32,30,2,32,32,6,26,20,1,6,1,8,6,2,2,2,3,3,4
2024,12,6,1,8,12,3,4,19,5,39,31,8,39,39,5,34,25,2,8,6,7,5,2,2,2,3,6,3
2024,12,6,2,11,6,3,5,17,5,39,28,11,39,39,5,34,27,5,6,6,6,5,3,3,3,3,3,3
2024,12,6,3,8,10,1,5,16,6,39,31,8,39,39,3,36,26,5,10,3,9,3,2,2,2,5,5,1
2024,12,6,4,7,2,4,1,7,3,28,21,7,28,28,1,27,14,6,5,1,3,1,6,6,6,3,1,4
2024,12,6,5,9,2,3,4,19,5,37,28,9,37,37,3,34,26,3,10,6,9,3,3,3,3,4,1,3
2024,12,6,6,5,10,5,4,15,3,42,37,5,42,42,3,39,20,1,8,4,9,3,6,6,6,6,5,5
2024,12,6,7,8,12,4,4,14,3,38,30,8,38,38,4,34,22,4,6,4,7,4,5,5,5,1,6,4
2024,12,6,8,3,10,1,4,15,2,33,30,3,33,33,6,27,21,2,8,1,10,6,1,1,1,5,5,1
2024,12,6,9,7,4,6,6,18,4,41,34,7,41,41,5,36,25,1,7,6,9,5,2,2,2,6,2,6
2024,12,6,10,4,6,6,4,13,4,35,31,4,35,35,2,33,20,3,10,1,10,2,3,3,3,3,3,6
2024,12,6,11,9,4,1,1,15,2,26,17,9,26,26,5,21,19,3,4,6,3,5,2,2,2,2,2,1
2024,12,7,0,9,6,1,1,10,2,26,17,9,26,26,4,22,17,6,3,3,2,4,2,2,2,3,3,1
2024,12,7,1,9,12,6,2,17,6,48,39,9,48,48,5,43,25,6,9,3,5,5,6,6,6,5,6,6
2024,12,7,2,6,6,4,6,18,6,46,40,6,46,46,6,40,28,4,10,2,10,6,5,5,5,6,3,4
2024,12,7,3,7,12,6,1,14,2,40,33,7,40,40,4,36,18,3,6,4,5,4,5,5,5,5,6,6
2024,12,7,4,9,2,2,1,12,4,29,20,9,29,29,1,28,19,6,8,3,5,1,6,6,6,1,1,2
2024,12,7,5,8,8,4,4,14,5,35,27,8,35,35,2,33,20,2,6,6,5,2,5,5,5,2,4,4
2024,12,7,6,8,10,6,2,13,4,34,26,8,34,34,1,33,20,5,9,3,7,1,2,2,2,1,5,6
2024,12,7,7,9,8,4,5,12,5,36,27,9,36,36,2,34,22,5,6,4,6,2,1,1,1,5,4,4
2024,12,7,8,9,6,2,5,17,6,41,32,9,41,41,1,40,27,5,12,4,11,1,4,4,4,5,3,2
2024,12,7,9,6,12,2,1,16,6,36,30,6,36,36,6,30,21,4,8,2,3,6,4,4,4,3,6,2
2024,12,7,10,4,10,4,4,11,3,35,31,4,35,35,5,30,18,3,5,1,6,5,4,4,4,4,5,4
2024,12,7,11,6,12,1,2,14,4,32,26,6,32,32,4,28,17,1,5,5,3,4,5,5,5,3,6,1
2024,12,8,0,4,12,1,4,11,5,32,28,4,32,32,3,29,17,2,6,2,5,3,5,5,5,3,6,1
2024,12,8,1,5,10,1,1,10,3,26,21,5,26,26,1,25,12,1,5,4,3,1,4,4,4,4,5,1
2024,12,8,2,6,12,5,2,15,2,37,31,6,37,37,6,31,19,2,5,4,5,6,2,2,2,5,6,5
2024,12,8,3,3,12,3,3,16,3,34,31,3,34,34,5,29,20,1,9,2,9,5,4,4,4,1,6,3
2024,12,8,4,6,10,5,2,10,3,34,28,6,34,34,1,33,16,4,7,2,6,1,3,3,3,5,5,5
2024,12,8,5,3,2,6,5,12,3,31,28,3,31,31,4,27,18,1,6,2,8,4,1,1,1,5,1,6
2024,12,8,6,9,12,1,4,11,4,36,27,9,36,36,2,34,21,6,6,3,6,2,4,4,4,4,6,1
2024,12,8,7,9,10,3,5,15,5,44,35,9,44,44,4,40,24,4,6,5,6,4,6,6,6,6,5,3
2024,12,8,8,7,4,3,4,17,4,38,31,7,38,38,6,32,27,6,10,1,10,6,4,4,4,2,2,3
2024,12,8,9,6,2,4,2,16,2,35,29,6,35,35,4,31,20,2,8,4,8,4,6,6,6,4,1,4
2024,12,8,10,6,2,6,3,8,3,29,23,6,29,29,2,27,15,4,4,2,4,2,1,1,1,6,1,6
2024,12,8,11,9,12,3,6,13,1,45,36,9,45,45,5,40,25,6,5,3,10,5,6,6,6,5,6,3
2024,12,9,0,6,6,3,3,7,2,28,22,6,28,28,2,26,15,5,4,1,5,2,4,4,4,3,3,3
2024,12,9,1,5,12,5,6,16,4,43,38,5,43,43,6,37,26,4,9,1,11,6,2,2,2,4,6,5
2024,12,9,2,8,2,5,1,14,3,36,28,8,36,36,3,33,18,3,6,5,4,3,6,6,6,6,1,5
2024,12,9,3,5,6,5,2,12,5,36,31,5,36,36,2,34,17,3,8,2,5,2,5,5,5,6,3,5
2024,12,9,4,4,12,2,5,14,3,38,34,4,38,38,3,35,20,1,8,3,10,3,4,4,4,6,6,2
2024,12,9,5,10,8,2,5,19,5,44,34,10,44,44,6,38,30,6,9,4,9,6,5,5,5,3,4,2
2024,12,9,6,8,4,3,4,18,3,41,33,8,41,41,4,37,24,2,8,6,9,4,6,6,6,6,2,3
2024,12,9,7,5,10,6,4,16,4,35,30,5,35,35,4,31,22,2,9,3,9,4,1,1,1,1,5,6
2024,12,9,8,7,6,5,5,13,4,33,26,7,33,33,1,32,19,1,6,6,7,1,3,3,3,3,3,5
2024,12,9,9,5,8,2,4,12,2,33,28,5,33,33,3,30,19,3,7,2,9,3,6,6,6,2,4,2
2024,12,9,10,3,4,5,4,12,4,31,28,3,31,31,2,29,18,2,9,1,9,2,2,2,2,4,2,5
2024,12,9,11,9,6,4,2,17,3,32,23,9,32,32,6,26,23,4,6,5,5,6,1,1,1,1,3,4
2024,12,10,0,9,8,2,4,15,2,39,30,9,39,39,6,33,23,4,4,5,6,6,5,5,5,5,4,2
2024,12,10,1,11,10,4,2,24,6,46,35,11,46,46,6,40,31,5,12,6,8,6,1,1,1,5,5,4
2024,12,10,2,5,2,2,3,14,3,31,26,5,31,31,6,25,21,4,7,1,7,6,5,5,5,2,1,2
2024,12,10,3,8,10,4,6,13,5,39,31,8,39,39,3,36,23,4,6,4,7,3,4,4,4,3,5,4
2024,12,10,4,9,6,3,1,20,6,37,28,9,37,37,4,33,26,5,12,4,7,4,2,2,2,3,3,3
2024,12,10,5,5,4,1,1,14,6,28,23,5,28,28,2,26,19,4,11,1,6,2,5,5,5,1,2,1
2024,12,10,6,8,2,1,2,9,3,24,16,8,24,24,1,23,15,4,4,4,3,1,5,5,5,2,1,1
2024,12,10,7,6,4,2,6,14,5,34,28,6,34,34,3,31,22,2,7,4,8,3,6,6,6,2,2,2
2024,12,10,8,8,6,2,2,18,4,35,27,8,35,35,6,29,23,3,7,5,5,6,4,4,4,3,3,2
2024,12,10,9,5,10,6,5,10,3,36,31,5,36,36,3,33,18,3,5,2,7,3,3,3,3,4,5,6
2024,12,10,10,3,4,5,6,13,5,31,28,3,31,31,5,26,21,2,7,1,8,5,2,2,2,1,2,5
2024,12,10,11,10,2,4,1,17,4,35,25,10,35,35,3,32,24,6,10,4,7,3,5,5,5,1,1,4
2024,12,11,0,8,8,2,2,20,5,36,28,8,36,36,4,32,24,2,10,6,7,4,3,3,3,3,4,2
2024,12,11,1,8,8,4,4,9,3,36,28,8,36,36,3,33,19,6,4,2,5,3,4,4,4,5,4,4
2024,12,11,2,5,4,4,6,14,5,39,34,5,39,39,5,34,22,2,6,3,7,5,6,6,6,5,2,4
2024,12,11,3,7,12,3,5,17,2,42,35,7,42,42,4,38,23,1,7,6,10,4,5,5,5,5,6,3
2024,12,11,4,3,6,1,1,13,1,23,20,3,23,23,5,18,15,1,6,2,6,5,3,3,3,1,3,1
2024,12,11,5,5,8,1,6,9,3,30,25,5,30,30,2,28,18,3,5,2,8,2,6,6,6,1,4,1
2024,12,11,6,8,8,4,4,15,3,40,32,8,40,40,3,37,24,5,9,3,10,3,6,6,6,2,4,4
2024,12,11,7,5,4,1,3,13,1,30,25,5,30,30,4,26,17,1,5,4,7,4,5,5,5,5,2,1
2024,12,11,8,9,10,5,2,18,5,42,33,9,42,42,4,38,25,5,10,4,7,4,2,2,2,5,5,5
2024,12,11,9,4,8,4,2,15,6,33,29,4,33,33,4,29,19,2,9,2,5,4,2,2,2,4,4,4
2024,12,11,10,12,12,3,3,16,5,43,31,12,43,43,4,39,25,6,6,6,4,4,4,4,4,5,6,3
2024,12,11,11,6,6,1,2,12,1,26,20,6,26,26,5,21,16,2,3,4,4,5,3,3,3,3,3,1
2024,12,12,0,2,8,4,1,13,2,33,31,2,33,33,4,29,15,1,8,1,7,4,6,6,6,4,4,4
2024,12,12,1,2,8,5,4,15,6,37,35,2,37,37,2,35,20,1,12,1,10,2,6,6,6,2,4,5
2024,12,12,2,8,6,1,1,9,2,30,22,8,30,30,4,26,16,6,3,2,2,4,5,5,5,5,3,1
2024,12,12,3,8,6,5,2,13,3,32,24,8,32,32,5,27,21,6,6,2,5,5,1,1,1,2,3,5
2024,12,12,4,7,6,2,1,12,3,30,23,7,30,30,1,29,18,5,9,2,7,1,6,6,6,1,3,2
2024,12,12,5,7,2,3,3,10,1,29,22,7,29,29,2,27,16,3,4,4,6,2,4,4,4,5,1,3
2024,12,12,6,4,12,6,2,9,3,28,24,4,28,28,1,27,12,1,5,3,4,1,2,2,2,2,6,6
2024,12,12,7,9,6,6,5,16,1,43,34,9,43,43,4,39,25,4,7,5,11,4,6,6,6,3,3,6
2024,12,12,8,7,12,6,3,14,6,37,30,7,37,37,2,35,19,2,7,5,4,2,5,5,5,1,6,6
2024,12,12,9,7,2,4,1,11,3,24,17,7,24,24,1,23,16,4,7,3,5,1,1,1,1,2,1,4
2024,12,12,10,7,2,1,1,11,2,25,18,7,25,25,5,20,18,6,5,1,4,5,1,1,1,4,1,1
2024,12,12,11,2,2,1,1,8,4,21,19,2,21,21,1,20,10,1,6,1,3,1,5,5,5,4,1,1
2024,12,13,0,11,4,6,6,14,1,44,33,11,44,44,5,39,26,6,4,5,9,5,6,6,6,4,2,6
2024,12,13,1,5,4,6,4,11,2,32,27,5,32,32,2,30,17,2,6,3,8,2,4,4,4,3,2,6
2024,12,13,2,3,4,2,5,11,1,27,24,3,27,27,6,21,17,1,3,2,7,6,4,4,4,2,2,2
2024,12,13,3,8,6,4,5,9,4,39,31,8,39,39,1,38,20,6,6,2,7,1,6,6,6,6,3,4
2024,12,13,4,5,8,4,6,17,5,42,37,5,42,42,6,36,24,1,7,4,8,6,5,5,5,5,4,4
2024,12,13,5,11,8,1,5,20,6,37,26,11,37,37,6,31,30,5,8,6,7,6,1,1,1,1,4,1
2024,12,13,6,6,12,5,6,13,2,40,34,6,40,40,5,35,23,4,6,2,10,5,2,2,2,4,6,5
2024,12,13,7,9,12,4,1,16,6,34,25,9,34,34,2,32,20,3,8,6,3,2,1,1,1,3,6,4
2024,12,13,8,5,4,4,5,16,2,38,33,5,38,38,6,32,23,2,7,3,10,6,4,4,4,5,2,4
2024,12,13,9,3,4,5,1,10,2,23,20,3,23,23,3,20,13,2,6,1,5,3,1,1,1,2,2,5
2024,12,13,10,12,4,3,1,21,6,40,28,12,40,40,6,34,28,6,9,6,4,6,1,1,1,6,2,3
2024,12,13,11,9,8,1,1,18,6,37,28,9,37,37,3,34,25,6,12,3,7,3,5,5,5,2,4,1
2024,12,14,0,2,12,1,2,17,6,38,36,2,38,38,4,34,20,1,12,1,8,4,6,6,6,5,6,1
2024,12,14,1,9,8,4,6,8,2,33,24,9,33,33,2,31,20,6,3,3,7,2,3,3,3,2,4,4
2024,12,14,2,12,12,3,6,15,6,44,32,12,44,44,1,43,27,6,8,6,8,1,6,6,6,2,6,3
2024,12,14,3,9,2,4,6,11,2,34,25,9,34,34,1,33,22,5,6,4,10,1,6,6,6,1,1,4
2024,12,14,4,9,10,1,2,13,1,36,27,9,36,36,4,32,21,6,6,3,7,4,4,4,4,5,5,1
2024,12,14,5,7,6,5,4,18,6,40,33,7,40,40,3,37,25,3,11,4,9,3,3,3,3,4,3,5
2024,12,14,6,10,12,4,5,13,3,41,31,10,41,41,2,39,24,6,7,4,9,2,3,3,3,4,6,4
2024,12,14,7,9,10,1,3,17,6,38,29,9,38,38,5,33,26,6,9,3,6,5,1,1,1,5,5,1
2024,12,14,8,12,4,3,3,15,1,32,20,12,32,32,6,26,24,6,3,6,5,6,2,2,2,1,2,3
2024,12,14,9,3,6,4,1,12,4,32,29,3,32,32,2,30,15,2,9,1,6,2,4,4,4,6,3,4
2024,12,14,10,8,6,4,2,15,1,36,28,8,36,36,6,30,22,5,6,3,7,6,4,4,4,3,3,4
2024,12,14,11,8,2,1,5,13,2,27,19,8,27,27,6,21,23,5,4,3,7,6,1,1,1,1,1,1
2024,12,15,0,10,2,4,6,16,5,37,27,10,37,37,2,35,26,4,8,6,9,2,1,1,1,5,1,4
2024,12,15,1,2,8,2,4,11,4,27,25,2,27,27,5,22,16,1,5,1,5,5,1,1,1,4,4,2
2024,12,15,2,11,4,5,6,12,2,34,23,11,34,34,3,31,23,5,3,6,7,3,1,1,1,3,2,5
2024,12,15,3,5,6,1,6,10,5,32,27,5,32,32,3,29,20,4,6,1,7,3,2,2,2,6,3,1
2024,12,15,4,11,8,2,4,12,2,34,23,11,34,34,3,31,22,6,4,5,6,3,3,3,3,3,4,2
2024,12,15,5,9,4,6,4,16,6,39,30,9,39,39,4,35,25,5,8,4,6,4,4,4,4,2,2,6
2024,12,15,6,12,2,4,1,13,4,30,18,12,30,30,1,29,20,6,6,6,3,1,3,3,3,2,1,4
2024,12,15,7,8,8,4,1,10,2,28,20,8,28,28,2,26,14,3,3,5,2,2,1,1,1,5,4,4
2024,12,15,8,7,2,1,4,12,2,29,22,7,29,29,3,26,18,2,4,5,6,3,6,6,6,3,1,1
2024,12,15,9,9,12,2,4,18,6,38,29,9,38,38,5,33,25,3,7,6,5,5,3,3,3,2,6,2
2024,12,15,10,2,6,1,5,13,4,28,26,2,28,28,3,25,19,1,9,1,10,3,4,4,4,1,3,1
2024,12,15,11,8,8,3,2,17,1,38,30,8,38,38,4,34,21,2,7,6,8,4,6,6,6,4,4,3
2024,12,16,0,4,12,5,3,16,2,40,36,4,40,40,6,34,21,2,8,2,9,6,3,3,3,5,6,5
2024,12,16,1,6,2,6,3,14,4,35,29,6,35,35,6,29,20,3,5,3,4,6,3,3,3,5,1,6
2024,12,16,2,9,10,5,2,17,3,40,31,9,40,40,5,35,23,4,7,5,6,5,6,6,6,1,5,5
2024,12,16,3,5,12,2,2,16,4,36,31,5,36,36,6,30,20,2,7,3,5,6,3,3,3,5,6,2
2024,12,16,4,8,4,4,2,20,3,35,27,8,35,35,6,29,25,3,9,5,8,6,2,2,2,2,2,4
2024,12,16,5,6,4,3,3,9,1,29,23,6,29,29,4,25,15,3,2,3,4,4,5,5,5,4,2,3
2024,12,16,6,10,4,4,2,18,6,39,29,10,39,39,3,36,25,5,10,5,6,3,4,4,4,4,2,4
2024,12,16,7,6,10,1,6,12,2,34,28,6,34,34,3,31,22,4,7,2,11,3,3,3,3,3,5,1
2024,12,16,8,7,2,2,3,13,3,27,20,7,27,27,3,24,21,5,8,2,8,3,2,2,2,1,1,2
2024,12,16,9,5,12,3,5,13,6,36,31,5,36,36,2,34,21,3,9,2,8,2,3,3,3,3,6,3
2024,12,16,10,9,10,4,3,15,5,37,28,9,37,37,2,35,21,3,7,6,5,2,5,5,5,2,5,4
2024,12,16,11,8,2,6,3,14,2,40,32,8,40,40,4,36,21,4,6,4,7,4,6,6,6,6,1,6
2024,12,17,0,10,4,1,6,16,5,35,25,10,35,35,1,34,28,6,11,4,12,1,1,1,1,3,2,1
2024,12,17,1,5,2,5,6,14,3,36,31,5,36,36,6,30,23,3,6,2,9,6,5,5,5,2,1,5
2024,12,17,2,7,10,3,2,12,2,34,27,7,34,34,6,28,20,6,5,1,5,6,5,5,5,1,5,3
2024,12,17,3,6,10,1,5,15,6,39,33,6,39,39,1,38,23,3,11,3,10,1,6,6,6,4,5,1
2024,12,17,4,8,12,2,1,15,4,28,20,8,28,28,3,25,18,2,6,6,3,3,1,1,1,1,6,2
2024,12,17,5,7,12,2,4,8,3,34,27,7,34,34,1,33,16,4,4,3,5,1,4,4,4,6,6,2
2024,12,17,6,7,6,3,5,16,2,32,25,7,32,32,6,26,23,2,5,5,8,6,1,1,1,2,3,3
2024,12,17,7,3,4,1,4,12,5,25,22,3,25,25,2,23,18,2,9,1,8,2,2,2,2,2,2,1
2024,12,17,8,6,12,2,3,15,4,33,27,6,33,33,6,27,21,3,6,3,5,6,2,2,2,2,6,2
2024,12,17,9,10,2,6,2,16,5,37,27,10,37,37,4,33,22,4,6,6,3,4,3,3,3,5,1,6
2024,12,17,10,2,6,2,2,14,5,33,31,2,33,33,2,31,17,1,11,1,8,2,5,5,5,6,3,2
2024,12,17,11,8,4,5,1,10,3,27,19,8,27,27,2,25,15,4,4,4,2,2,4,4,4,1,2,5
2024,12,18,0,6,12,4,2,6,1,24,18,6,24,24,1,23,11,3,2,3,3,1,2,2,2,1,6,4
2024,12,18,1,2,6,5,6,9,1,29,27,2,29,29,1,28,16,1,7,1,12,1,1,1,1,4,3,5
2024,12,18,2,6,2,6,4,14,2,34,28,6,34,34,4,30,21,3,7,3,9,4,3,3,3,3,1,6
2024,12,18,3,3,12,5,4,13,2,35,32,3,35,35,4,31,19,2,8,1,10,4,1,1,1,4,6,5
2024,12,18,4,3,10,5,3,12,4,37,34,3,37,37,2,35,17,2,9,1,8,2,4,4,4,6,5,5
2024,12,18,5,11,12,6,4,19,5,47,36,11,47,47,2,45,28,5,11,6,10,2,1,1,1,6,6,6
2024,12,18,6,7,4,4,3,10,1,31,24,7,31,31,4,27,17,4,3,3,5,4,2,2,2,6,2,4
2024,12,18,7,5,12,3,1,17,6,41,36,5,41,41,5,36,21,3,10,2,5,5,5,5,5,6,6,3
2024,12,18,8,7,6,5,5,15,4,37,30,7,37,37,4,33,21,1,5,6,6,4,5,5,5,3,3,5
2024,12,18,9,5,4,4,3,11,5,25,20,5,25,25,1,24,16,2,7,3,5,1,1,1,1,2,2,4
2024,12,18,10,5,12,4,6,12,5,42,37,5,42,42,4,38,21,3,6,2,7,4,6,6,6,5,6,4
2024,12,18,11,6,12,4,1,12,5,30,24,6,30,30,3,27,18,5,8,1,4,3,1,1,1,1,6,4
2024,12,19,0,5,8,4,1,8,4,26,21,5,26,26,1,25,13,4,6,1,3,1,4,4,4,1,4,4
2024,12,19,1,11,10,1,3,15,1,39,28,11,39,39,5,34,23,5,4,6,6,5,4,4,4,6,5,1
2024,12,19,2,7,2,3,4,11,2,24,17,7,24,24,3,21,17,2,3,5,5,3,2,2,2,1,1,3
2024,12,19,3,11,8,1,1,17,4,33,22,11,33,33,4,29,23,5,7,6,4,4,1,1,1,4,4,1
2024,12,19,4,5,2,4,3,18,6,34,29,5,34,34,6,28,24,3,10,2,7,6,1,1,1,4,1,4
2024,12,19,5,7,4,2,1,19,6,35,28,7,35,35,4,31,23,3,11,4,6,4,6,6,6,2,2,2
2024,12,19,6,4,10,3,1,12,2,27,23,4,27,27,1,26,14,1,8,3,7,1,1,1,1,4,5,3
2024,12,19,7,6,4,2,3,12,1,24,18,6,24,24,2,22,16,1,5,5,7,2,3,3,3,1,2,2
2024,12,19,8,10,6,3,2,20,6,40,30,10,40,40,4,36,26,4,10,6,6,4,5,5,5,3,3,3
2024,12,19,9,11,12,2,4,19,4,40,29,11,40,40,4,36,28,5,9,6,9,4,3,3,3,1,6,2
2024,12,19,10,7,8,5,5,18,4,43,36,7,43,43,5,38,24,1,7,6,8,5,5,5,5,5,4,5
2024,12,19,11,9,12,3,1,16,3,37,28,9,37,37,6,31,23,6,7,3,5,6,2,2,2,3,6,3
2024,12,20,0,7,6,6,5,15,2,38,31,7,38,38,6,32,25,5,7,2,10,6,2,2,2,2,3,6
2024,12,20,1,7,6,1,6,13,5,37,30,7,37,37,3,34,25,6,9,1,10,3,3,3,3,5,3,1
2024,12,20,2,10,6,2,1,19,4,40,30,10,40,40,4,36,25,5,10,5,7,4,4,4,4,6,3,2
2024,12,20,3,2,6,6,2,15,4,37,35,2,37,37,6,31,18,1,8,1,6,6,5,5,5,5,3,6
2024,12,20,4,3,2,2,4,12,6,23,20,3,23,23,2,21,18,2,9,1,7,2,1,1,1,1,1,2
2024,12,20,5,3,6,6,3,13,1,32,29,3,32,32,6,26,17,1,5,2,7,6,2,2,2,4,3,6
2024,12,20,6,6,2,3,2,17,5,32,26,6,32,32,1,31,20,1,11,5,8,1,5,5,5,3,1,3
2024,12,20,7,6,6,6,4,15,3,38,32,6,38,38,3,35,22,3,9,3,10,3,4,4,4,3,3,6
2024,12,20,8,7,12,2,4,11,5,38,31,7,38,38,1,37,20,5,8,2,7,1,5,5,5,5,6,2
2024,12,20,9,9,10,6,6,14,3,43,34,9,43,43,5,38,26,6,6,3,9,5,4,4,4,2,5,6
2024,12,20,10,7,6,4,2,13,6,34,27,7,34,34,1,33,21,6,11,1,7,1,5,5,5,1,3,4
2024,12,20,11,9,4,3,5,16,5,37,28,9,37,37,4,33,27,6,9,3,9,4,2,2,2,3,2,3
2024,12,21,0,9,4,3,3,19,4,42,33,9,42,42,6,36,28,6,10,3,9,6,5,5,5,4,2,3
2024,12,21,1,9,6,4,1,16,3,33,24,9,33,33,6,27,20,3,4,6,2,6,1,1,1,5,3,4
2024,12,21,2,9,10,3,4,18,6,45,36,9,45,45,2,43,26,4,11,5,9,2,5,5,5,6,5,3
2024,12,21,3,10,4,6,1,16,4,39,29,10,39,39,3,36,23,6,9,4,6,3,2,2,2,6,2,6
2024,12,21,4,6,12,2,2,13,1,29,23,6,29,29,4,25,19,4,7,2,8,4,1,1,1,1,6,2
2024,12,21,5,11,8,2,3,12,3,32,21,11,32,32,2,30,20,5,4,6,4,2,2,2,2,4,4,2
2024,12,21,6,9,10,4,1,14,3,35,26,9,35,35,3,32,18,3,5,6,3,3,6,6,6,2,5,4
2024,12,21,7,7,2,3,6,13,1,35,28,7,35,35,6,29,23,4,4,3,9,6,4,4,4,4,1,3
2024,12,21,8,6,6,2,1,12,3,35,29,6,35,35,6,29,18,5,5,1,3,6,6,6,6,6,3,2
2024,12,21,9,7,10,1,1,17,3,32,25,7,32,32,4,28,19,1,7,6,5,4,6,6,6,1,5,1
2024,12,21,10,3,6,6,4,9,3,29,26,3,29,29,3,26,14,1,4,2,5,3,2,2,2,4,3,6
2024,12,21,11,8,6,6,6,13,2,38,30,8,38,38,1,37,21,2,6,6,10,1,6,6,6,2,3,6
2024,12,22,0,6,6,2,3,14,4,37,31,6,37,37,6,31,22,5,7,1,6,6,5,5,5,5,3,2
2024,12,22,1,7,8,5,6,14,6,42,35,7,42,42,1,41,25,5,11,2,11,1,4,4,4,4,4,5
2024,12,22,2,4,6,3,5,15,1,37,33,4,37,37,5,32,21,1,7,3,11,5,4,4,4,6,3,3
2024,12,22,3,10,12,2,3,12,3,32,22,10,32,32,1,31,21,6,7,4,7,1,2,2,2,1,6,2
2024,12,22,4,8,10,6,6,12,1,33,25,8,33,33,3,30,20,2,3,6,8,3,1,1,1,1,5,6
2024,12,22,5,7,2,1,5,14,5,35,28,7,35,35,6,29,25,6,7,1,7,6,4,4,4,4,1,1
2024,12,22,6,6,4,1,6,15,5,33,27,6,33,33,4,29,23,2,7,4,8,4,5,5,5,2,2,1
2024,12,22,7,7,10,3,5,9,1,37,30,7,37,37,5,32,19,5,2,2,6,5,5,5,5,5,5,3
2024,12,22,8,2,2,5,6,16,4,39,37,2,39,39,6,33,23,1,9,1,11,6,6,6,6,4,1,5
2024,12,22,9,5,8,6,6,15,5,38,33,5,38,38,6,32,23,2,6,3,7,6,1,1,1,4,4,6
2024,12,22,10,7,12,1,6,16,2,34,27,7,34,34,5,29,25,3,7,4,11,5,1,1,1,1,6,1
2024,12,22,11,6,6,5,1,15,2,33,27,6,33,33,2,31,17,1,8,5,7,2,5,5,5,3,3,5
2024,12,23,0,3,10,3,6,13,5,33,30,3,33,33,5,28,20,1,6,2,7,5,2,2,2,3,5,3
2024,12,23,1,9,2,2,6,15,2,33,24,9,33,33,6,27,25,4,4,5,8,6,3,3,3,2,1,2
2024,12,23,2,3,4,4,2,10,6,26,23,3,26,26,1,25,13,1,7,2,3,1,4,4,4,3,2,4
2024,12,23,3,8,10,2,2,13,1,34,26,8,34,34,6,28,18,3,2,5,3,6,4,4,4,5,5,2
2024,12,23,4,9,12,5,3,14,2,40,31,9,40,40,1,39,20,3,7,6,8,1,4,4,4,5,6,5
2024,12,23,5,4,8,3,2,16,5,33,29,4,33,33,6,27,19,1,7,3,4,6,2,2,2,5,4,3
2024,12,23,6,9,6,2,2,15,3,32,23,9,32,32,4,28,20,3,5,6,4,4,4,4,4,3,3,2
2024,12,23,7,9,10,1,2,20,6,37,28,9,37,37,5,32,27,5,11,4,7,5,1,1,1,3,5,1
2024,12,23,8,5,12,5,6,19,6,44,39,5,44,44,6,38,26,1,9,4,9,6,6,6,6,1,6,5
2024,12,23,9,5,8,2,2,11,1,32,27,5,32,32,5,27,16,3,4,2,5,5,5,5,5,5,4,2
2024,12,23,10,9,10,1,3,15,3,36,27,9,36,36,2,34,22,4,8,5,8,2,3,3,3,5,5,1
2024,12,23,11,9,12,1,4,16,2,36,27,9,36,36,3,33,23,3,7,6,9,3,2,2,2,4,6,1
2024,12,24,0,10,4,3,5,10,1,29,19,10,29,29,1,28,21,6,5,4,9,1,2,2,2,1,2,3
2024,12,24,1,8,6,6,3,19,6,38,30,8,38,38,2,36,24,2,11,6,8,2,1,1,1,4,3,6
2024,12,24,2,8,8,3,5,16,5,39,31,8,39,39,3,36,23,2,7,6,7,3,4,4,4,5,4,3
2024,12,24,3,9,8,1,6,11,2,32,23,9,32,32,3,29,21,4,3,5,7,3,5,5,5,1,4,1
2024,12,24,4,8,10,5,4,15,3,38,30,8,38,38,2,36,21,2,7,6,8,2,1,1,1,6,5,5
2024,12,24,5,8,10,4,2,16,5,40,32,8,40,40,6,34,23,5,7,3,4,6,2,2,2,6,5,4
2024,12,24,6,6,8,4,4,10,1,38,32,6,38,38,6,32,19,5,3,1,6,6,6,6,6,5,4,4
2024,12,24,7,9,4,4,4,17,1,36,27,9,36,36,5,31,25,4,7,5,10,5,2,2,2,3,2,4
2024,12,24,8,10,6,3,5,14,5,40,30,10,40,40,1,39,23,4,7,6,7,1,6,6,6,5,3,3
2024,12,24,9,6,12,3,4,20,4,41,35,6,41,41,5,36,25,1,10,5,10,5,1,1,1,6,6,3
2024,12,24,10,11,8,1,1,12,2,29,18,11,29,29,4,25,19,6,3,5,2,4,4,4,4,1,4,1
2024,12,24,11,8,12,4,1,17,3,41,33,8,41,41,5,36,22,4,8,4,6,5,6,6,6,3,6,4
2024,12,25,0,9,10,1,2,13,4,27,18,9,27,27,2,25,18,3,5,6,3,2,2,2,2,1,5,1
2024,12,25,1,6,6,3,4,21,6,41,35,6,41,41,6,35,27,2,11,4,9,6,5,5,5,3,3,3
2024,12,25,2,10,10,5,1,11,1,35,25,10,35,35,2,33,16,4,3,6,3,2,4,4,4,5,5,5
2024,12,25,3,9,2,6,6,16,5,44,35,9,44,44,1,43,27,5,11,4,12,1,6,6,6,4,1,6
2024,12,25,4,8,4,2,1,21,4,32,24,8,32,32,6,26,25,3,10,5,7,6,1,1,1,2,2,2
2024,12,25,5,8,12,4,1,12,1,37,29,8,37,37,5,32,19,6,5,2,5,5,2,2,2,6,6,4
2024,12,25,6,8,12,1,5,14,5,42,34,8,42,42,3,39,25,6,9,2,9,3,4,4,4,6,6,1
2024,12,25,7,10,4,3,6,14,6,35,25,10,35,35,2,33,26,6,8,4,8,2,1,1,1,3,2,3
2024,12,25,8,7,10,2,6,21,6,40,33,7,40,40,4,36,28,1,11,6,11,4,1,1,1,4,5,2
2024,12,25,9,4,12,1,3,13,4,33,29,4,33,33,4,29,19,3,8,1,7,4,3,3,3,4,6,1
2024,12,25,10,10,4,1,1,18,3,36,26,10,36,36,6,30,25,6,8,4,6,6,6,6,6,2,2,1
2024,12,25,11,6,10,3,1,7,2,30,24,6,30,30,1,29,13,5,5,1,4,1,3,3,3,6,5,3
2024,12,26,0,11,4,2,5,13,1,31,20,11,31,31,1,30,23,5,6,6,10,1,3,3,3,1,2,2
2024,12,26,1,8,8,5,1,10,3,32,24,8,32,32,4,28,17,6,4,2,2,4,5,5,5,1,4,5
2024,12,26,2,6,10,3,5,12,2,37,31,6,37,37,3,34,20,3,6,3,9,3,5,5,5,4,5,3
2024,12,26,3,4,4,3,1,17,2,29,25,4,29,29,6,23,19,1,8,3,7,6,2,2,2,3,2,3
2024,12,26,4,5,8,6,4,12,3,38,33,5,38,38,2,36,20,4,9,1,10,2,4,4,4,4,4,6
2024,12,26,5,10,8,4,6,12,5,38,28,10,38,38,2,36,24,6,6,4,7,2,4,4,4,2,4,4
2024,12,26,6,5,12,2,3,7,3,29,24,5,29,29,2,27,14,4,4,1,4,2,3,3,3,4,6,2
2024,12,26,7,5,4,3,2,13,5,35,30,5,35,35,3,32,19,4,9,1,6,3,6,6,6,5,2,3
2024,12,26,8,9,8,3,3,18,6,40,31,9,40,40,3,37,27,6,12,3,9,3,1,1,1,5,4,3
2024,12,26,9,7,10,2,5,13,2,33,26,7,33,33,1,32,19,1,6,6,9,1,2,2,2,5,5,2
2024,12,26,10,5,12,2,4,16,4,37,32,5,37,37,5,32,21,1,7,4,7,5,5,5,5,3,6,2
2024,12,26,11,7,2,6,5,17,4,41,34,7,41,41,5,36,26,4,9,3,10,5,2,2,2,6,1,6
2024,12,27,0,7,12,1,2,18,4,38,31,7,38,38,3,35,21,1,9,6,7,3,6,6,6,4,6,1
2024,12,27,1,10,6,1,6,15,6,36,26,10,36,36,2,34,25,4,7,6,7,2,4,4,4,3,3,1
2024,12,27,2,8,2,1,4,21,5,37,29,8,37,37,6,31,28,3,10,5,9,6,3,3,3,4,1,1
2024,12,27,3,11,4,6,2,18,5,43,32,11,43,43,5,38,26,6,8,5,5,5,3,3,3,6,2,6
2024,12,27,4,9,12,6,3,19,4,40,31,9,40,40,6,34,25,3,7,6,6,6,2,2,2,1,6,6
2024,12,27,5,5,6,1,1,17,4,33,28,5,33,33,6,27,21,3,9,2,6,6,6,6,6,2,3,1
2024,12,27,6,8,12,2,2,17,4,39,31,8,39,39,6,33,24,5,8,3,6,6,5,5,5,2,6,2
2024,12,27,7,6,12,5,1,14,3,35,29,6,35,35,4,31,17,2,6,4,4,4,1,1,1,6,6,5
2024,12,27,8,6,10,4,6,17,2,45,39,6,45,45,5,40,24,1,7,5,11,5,6,6,6,6,5,4
2024,12,27,9,11,10,4,6,15,2,46,35,11,46,46,6,40,27,6,4,5,8,6,5,5,5,5,5,4
2024,12,27,10,7,12,2,5,9,3,34,27,7,34,34,2,32,19,5,5,2,7,2,1,1,1,6,6,2
2024,12,27,11,5,6,4,6,12,5,38,33,5,38,38,3,35,22,4,8,1,9,3,3,3,3,6,3,4
2024,12,28,0,10,4,1,6,13,1,35,25,10,35,35,6,29,24,5,2,5,7,6,2,2,2,6,2,1
2024,12,28,1,6,12,1,2,15,2,33,27,6,33,33,5,28,20,3,7,3,7,5,4,4,4,2,6,1
2024,12,28,2,7,6,5,6,11,2,42,35,7,42,42,4,38,22,5,5,2,9,4,6,6,6,6,3,5
2024,12,28,3,10,12,5,1,12,3,35,25,10,35,35,3,32,18,5,4,5,2,3,5,5,5,1,6,5
2024,12,28,4,6,6,3,6,12,1,35,29,6,35,35,5,30,20,2,3,4,8,5,4,4,4,5,3,3
2024,12,28,5,8,8,4,5,13,2,43,35,8,43,43,2,41,23,5,8,3,11,2,6,6,6,6,4,4
2024,12,28,6,3,12,2,2,13,4,27,24,3,27,27,2,25,16,1,9,2,7,2,2,2,2,1,6,2
2024,12,28,7,8,4,6,6,16,3,39,31,8,39,39,2,37,24,2,8,6,11,2,5,5,5,2,2,6
2024,12,28,8,10,10,5,2,12,1,40,30,10,40,40,5,35,20,6,3,4,4,5,5,5,5,5,5,5
2024,12,28,9,5,12,2,2,16,6,39,34,5,39,39,5,34,22,4,10,1,6,5,6,6,6,3,6,2
2024,12,28,10,9,8,6,6,14,5,40,31,9,40,40,5,35,26,6,6,3,7,5,1,1,1,3,4,6
2024,12,28,11,6,12,1,1,12,2,32,26,6,32,32,3,29,17,4,7,2,6,3,3,3,3,5,6,1
2024,12,29,0,4,12,4,5,14,6,38,34,4,38,38,3,35,21,2,9,2,8,3,1,1,1,6,6,4
2024,12,29,1,3,8,5,5,14,2,36,33,3,36,36,6,30,21,2,7,1,10,6,4,4,4,2,4,5
2024,12,29,2,10,12,2,2,16,5,35,25,10,35,35,2,33,22,4,8,6,5,2,4,4,4,1,6,2
2024,12,29,3,4,10,5,5,10,5,39,35,4,39,39,2,37,18,3,7,1,7,2,6,6,6,5,5,5
2024,12,29,4,8,12,4,5,10,1,39,31,8,39,39,2,37,21,6,6,2,10,2,5,5,5,3,6,4
2024,12,29,5,7,12,5,2,11,6,38,31,7,38,38,1,37,18,5,8,2,4,1,4,4,4,5,6,5
2024,12,29,6,11,10,2,1,9,2,31,20,11,31,31,1,30,16,6,3,5,2,1,3,3,3,5,5,2
2024,12,29,7,6,12,3,1,17,6,33,27,6,33,33,2,31,19,1,10,5,5,2,2,2,2,3,6,3
2024,12,29,8,3,4,1,3,12,2,26,23,3,26,26,3,23,17,2,8,1,9,3,3,3,3,3,2,1
2024,12,29,9,3,10,5,1,8,2,27,24,3,27,27,1,26,10,1,5,2,4,1,1,1,1,6,5,5
2024,12,29,10,5,6,4,4,14,4,39,34,5,39,39,5,34,22,4,8,1,8,5,5,5,5,5,3,4
2024,12,29,11,7,12,3,5,17,2,39,32,7,39,39,6,33,25,3,7,4,10,6,3,3,3,2,6,3
2024,12,30,0,5,2,5,2,13,2,34,29,5,34,34,5,29,18,3,6,2,6,5,4,4,4,6,1,5
2024,12,30,1,8,2,2,3,21,5,36,28,8,36,36,6,30,26,2,9,6,7,6,5,5,5,2,1,2
2024,12,30,2,8,2,4,2,14,1,30,22,8,30,30,5,25,18,2,3,6,4,5,5,5,5,2,1,4
2024,12,30,3,3,2,4,1,10,5,24,21,3,24,24,1,23,12,1,7,2,3,1,1,1,1,6,1,4
2024,12,30,4,8,2,6,3,17,4,38,30,8,38,38,2,36,22,2,9,6,8,2,5,5,5,4,1,6
2024,12,30,5,7,12,3,3,12,3,37,30,7,37,37,2,35,21,6,9,1,9,2,4,4,4,3,6,3
2024,12,30,6,8,10,5,5,15,4,43,35,8,43,43,5,38,26,6,8,2,9,5,3,3,3,4,5,5
2024,12,30,7,5,8,4,4,13,5,30,25,5,30,30,1,29,18,1,8,4,7,1,1,1,1,3,4,4
2024,12,30,8,4,12,5,6,9,3,33,29,4,33,33,3,30,17,2,4,2,7,3,2,2,2,3,6,5
2024,12,30,9,10,6,5,3,19,1,44,34,10,44,44,6,38,26,4,7,6,9,6,6,6,6,4,3,5
2024,12,30,10,8,4,4,5,12,2,36,28,8,36,36,3,33,22,5,6,3,9,3,4,4,4,4,2,4
2024,12,30,11,12,6,6,1,20,5,48,36,12,48,48,5,43,27,6,9,6,5,5,6,6,6,6,3,6
2024,12,31,0,10,10,4,6,13,4,39,29,10,39,39,1,38,25,6,8,4,10,1,4,4,4,1,5,4
2024,12,31,1,8,4,2,6,21,4,40,32,8,40,40,5,35,29,2,10,6,12,5,1,1,1,6,2,2
2024,12,31,2,8,12,6,5,17,3,42,34,8,42,42,6,36,24,2,5,6,7,6,4,4,4,2,6,6
2024,12,31,3,6,10,6,3,14,5,39,33,6,39,39,3,36,22,5,10,1,8,3,4,4,4,2,5,6
2024,12,31,4,6,8,5,6,16,3,44,38,6,44,44,4,40,24,2,8,4,11,4,6,6,6,5,4,5
2024,12,31,5,6,8,3,4,12,4,33,27,6,33,33,2,31,20,4,8,2,8,2,3,3,3,3,4,3
2024,12,31,6,10,12,5,3,12,2,38,28,10,38,38,4,34,21,6,4,4,5,4,5,5,5,1,6,5
2024,12,31,7,10,8,2,5,12,2,38,28,10,38,38,1,37,22,5,6,5,9,1,4,4,4,6,4,2
2024,12,31,8,8,8,4,6,17,6,45,37,8,45,45,3,42,29,6,12,2,12,3,5,5,5,3,4,4
2024,12,31,9,11,10,5,4,12,1,39,28,11,39,39,2,37,21,5,4,6,7,2,2,2,2,6,5,5
2024,12,31,10,8,4,4,6,20,5,41,33,8,41,41,6,35,30,4,10,4,11,6,2,2,2,3,2,4
2024,12,31,11,7,8,5,3,15,3,40,33,7,40,40,6,34,24,6,8,1,8,6,3,3,3,4,4,5
2025,1,1,0,8,12,3,6,8,1,40,32,8,40,40,4,36,20,6,2,2,7,4,5,5,5,6,6,3
2025,1,1,1,6,12,5,5,12,3,38,32,6,38,38,4,34,20,3,5,3,7,4,5,5,5,2,6,5
2025,1,1,2,6,2,6,3,12,3,28,22,6,28,28,1,27,17,2,7,4,7,1,3,3,3,1,1,6
2025,1,1,3,9,10,1,1,13,3,30,21,9,30,30,4,26,19,5,5,4,3,4,2,2,2,3,5,1
2025,1,1,4,7,2,3,4,16,4,35,28,7,35,35,4,31,23,3,8,4,8,4,4,4,4,4,1,3
2025,1,1,5,6,8,5,4,14,3,33,27,6,33,33,2,31,19,1,7,5,8,2,1,1,1,4,4,5
2025,1,1,6,9,12,5,5,19,4,43,34,9,43,43,3,40,27,3,10,6,11,3,1,1,1,4,6,5
2025,1,1,7,7,8,1,3,11,1,33,26,7,33,33,3,30,20,6,7,1,9,3,5,5,5,3,4,1
2025,1,1,8,2,2,6,2,9,4,23,21,2,23,23,3,20,12,1,5,1,3,3,1,1,1,3,1,6
2025,1,1,9,10,4,3,6,18,6,42,32,10,42,42,5,37,28,4,7,6,7,5,6,6,6,3,2,3
2025,1,1,10,8,4,6,4,17,5,37,29,8,37,37,5,32,24,3,7,5,6,5,3,3,3,2,2,6
2025,1,1,11,6,4,6,2,14,3,37,31,6,37,37,3,34,18,2,7,4,6,3,6,6,6,5,2,6
2025,1,2,0,4,10,3,3,13,4,34,30,4,34,34,5,29,19,3,7,1,6,5,6,6,6,1,5,3
2025,1,2,1,7,6,3,5,18,6,42,35,7,42,42,3,39,27,4,12,3,11,3,4,4,4,5,3,3
2025,1,2,2,6,6,1,6,11,4,35,29,6,35,35,3,32,21,4,6,2,8,3,6,6,6,4,3,1
2025,1,2,3,7,12,2,4,14,6,39,32,7,39,39,4,35,24,6,9,1,7,4,2,2,2,5,6,2
2025,1,2,4,5,6,2,3,11,4,27,22,5,27,27,3,24,16,2,5,3,4,3,1,1,1,5,3,2
2025,1,2,5,5,12,1,5,10,3,35,30,5,35,35,3,32,18,3,5,2,7,3,4,4,4,6,6,1
2025,1,2,6,8,12,2,5,12,4,38,30,8,38,38,3,35,23,6,7,2,8,3,2,2,2,5,6,2
2025,1,2,7,8,6,1,5,13,3,40,32,8,40,40,5,35,24,6,6,2,8,5,6,6,6,6,3,1
2025,1,2,8,5,8,1,3,19,3,36,31,5,36,36,6,30,23,1,9,4,9,6,6,6,6,2,4,1
2025,1,2,9,2,6,1,2,11,2,24,22,2,24,24,4,20,14,1,6,1,6,4,5,5,5,1,3,1
2025,1,2,10,4,10,3,5,10,6,33,29,4,33,33,1,32,18,3,8,1,7,1,3,3,3,4,5,3
2025,1,2,11,8,8,5,5,13,6,39,31,8,39,39,1,38,23,5,9,3,8,1,5,5,5,2,4,5
2025,1,3,0,7,10,2,6,22,6,39,32,7,39,39,6,33,30,2,11,5,11,6,1,1,1,1,5,2
2025,1,3,1,8,12,4,1,17,5,43,35,8,43,43,3,40,22,4,10,4,6,3,5,5,5,6,6,4
2025,1,3,2,7,12,2,4,18,4,42,35,7,42,42,5,37,24,2,8,5,8,5,6,6,6,4,6,2
2025,1,3,3,6,6,2,1,17,5,37,31,6,37,37,4,33,21,3,10,3,6,4,5,5,5,6,3,2
2025,1,3,4,8,6,1,5,19,6,39,31,8,39,39,6,33,27,3,8,5,7,6,6,6,6,2,3,1
2025,1,3,5,2,2,6,3,17,5,37,35,2,37,37,6,31,21,1,10,1,8,6,4,4,4,5,1,6
2025,1,3,6,9,8,4,5,11,2,34,25,9,34,34,2,32,21,5,5,4,8,2,4,4,4,1,4,4
2025,1,3,7,8,10,3,3,15,4,42,34,8,42,42,5,37,24,6,8,2,7,5,5,5,5,5,5,3
2025,1,3,8,7,4,5,2,16,6,35,28,7,35,35,3,32,21,3,9,4,5,3,4,4,4,3,2,5
2025,1,3,9,10,4,2,5,16,5,36,26,10,36,36,5,31,27,6,7,4,7,5,3,3,3,2,2,2
2025,1,3,10,9,6,2,4,14,5,32,23,9,32,32,2,30,21,3,6,6,5,2,3,3,3,3,3,2
2025,1,3,11,7,10,4,1,9,1,25,18,7,25,25,3,22,13,3,2,4,2,3,1,1,1,2,5,4
2025,1,4,0,11,10,2,1,11,2,28,17,11,28,28,1,27,18,6,5,5,4,1,2,2,2,1,5,2
2025,1,4,1,3,6,3,4,16,4,35,32,3,35,35,4,31,21,1,10,2,10,4,2,2,2,6,3,3
2025,1,4,2,7,2,2,4,14,2,31,24,7,31,31,4,27,23,5,8,2,10,4,4,4,4,1,1,2
2025,1,4,3,5,6,5,3,12,5,34,29,5,34,34,3,31,19,4,8,1,6,3,5,5,5,2,3,5
2025,1,4,4,5,6,6,2,10,1,27,22,5,27,27,2,25,15,3,6,2,7,2,1,1,1,2,3,6
2025,1,4,5,7,12,5,4,17,5,42,35,7,42,42,5,37,26,5,10,2,9,5,4,4,4,1,6,5
2025,1,4,6,10,4,4,4,13,2,34,24,10,34,34,3,31,22,5,5,5,7,3,5,5,5,1,2,4
2025,1,4,7,8,2,6,3,14,3,33,25,8,33,33,6,27,22,5,5,3,5,6,1,1,1,3,1,6
2025,1,4,8,4,4,4,5,12,3,30,26,4,30,30,1,29,18,1,8,3,10,1,3,3,3,3,2,4
2025,1,4,9,10,2,5,4,12,4,32,22,10,32,32,1,31,20,4,5,6,5,1,4,4,4,2,1,5
2025,1,4,10,4,4,6,4,9,3,26,22,4,26,26,2,24,15,2,5,2,6,2,2,2,2,1,2,6
2025,1,4,11,7,8,2,5,9,4,32,25,7,32,32,1,31,19,5,6,2,7,1,5,5,5,2,4,2
2025,1,5,0,5,6,2,3,18,6,36,31,5,36,36,5,31,25,4,12,1,9,5,4,4,4,2,3,2
2025,1,5,1,10,4,3,4,12,1,31,21,10,31,31,6,25,22,6,2,4,5,6,1,1,1,3,2,3
2025,1,5,2,11,2,1,1,16,4,31,20,11,31,31,3,28,22,5,7,6,4,3,4,4,4,3,1,1
2025,1,5,3,11,4,2,6,11,2,28,17,11,28,28,2,26,22,5,3,6,7,2,1,1,1,1,2,2
2025,1,5,4,9,6,6,6,8,3,33,24,9,33,33,1,32,20,6,4,3,7,1,1,1,1,3,3,6
2025,1,5,5,6,10,2,1,15,2,35,29,6,35,35,6,29,21,5,8,1,7,6,6,6,6,1,5,2
2025,1,5,6,7,6,5,2,12,5,35,28,7,35,35,4,31,19,5,6,2,3,4,2,2,2,6,3,5
2025,1,5,7,6,8,2,2,13,3,26,20,6,26,26,1,25,17,2,8,4,7,1,2,2,2,1,4,2
2025,1,5,8,3,2,5,5,11,3,34,31,3,34,34,2,32,18,2,8,1,10,2,4,4,4,6,1,5
2025,1,5,9,5,6,2,5,16,4,32,27,5,32,32,4,28,22,1,8,4,9,4,4,4,4,1,3,2
2025,1,5,10,6,10,1,5,8,1,31,25,6,31,31,1,30,18,5,6,1,10,1,3,3,3,4,5,1
2025,1,5,11,5,6,5,3,15,5,32,27,5,32,32,5,27,19,1,6,4,4,5,1,1,1,4,3,5
2025,1,6,0,7,10,5,2,15,3,41,34,7,41,41,4,37,20,3,7,4,6,4,6,6,6,5,5,5
2025,1,6,1,7,8,5,5,13,4,42,35,7,42,42,1,41,23,5,10,2,11,1,4,4,4,6,4,5
2025,1,6,2,9,4,4,2,15,2,33,24,9,33,33,3,30,21,4,7,5,7,3,4,4,4,2,2,4
2025,1,6,3,9,4,6,6,14,1,38,29,9,38,38,4,34,26,6,7,3,12,4,2,2,2,2,2,6
2025,1,6,4,3,2,5,5,16,5,37,34,3,37,37,6,31,23,2,9,1,9,6,2,2,2,6,1,5
2025,1,6,5,7,8,2,4,13,4,27,20,7,27,27,3,24,19,2,5,5,5,3,1,1,1,1,4,2
2025,1,6,6,9,8,5,1,13,4,39,30,9,39,39,1,38,20,6,9,3,6,1,5,5,5,5,4,5
2025,1,6,7,10,12,3,5,21,6,47,37,10,47,47,4,43,31,5,12,5,11,4,6,6,6,1,6,3
2025,1,6,8,4,6,3,2,16,1,31,27,4,31,31,6,25,19,1,7,3,8,6,2,2,2,4,3,3
2025,1,6,9,8,4,4,5,20,4,43,35,8,43,43,6,37,29,4,10,4,11,6,2,2,2,6,2,4
2025,1,6,10,11,12,6,5,17,2,50,39,11,50,50,6,44,28,6,6,5,9,6,4,4,4,6,6,6
2025,1,6,11,11,2,5,5,16,1,43,32,11,43,43,4,39,27,6,7,5,11,4,4,4,4,6,1,5
2025,1,7,0,4,6,6,1,6,3,26,22,4,26,26,1,25,10,3,4,1,2,1,1,1,1,6,3,6
2025,1,7,1,11,2,2,5,16,3,40,29,11,40,40,4,36,27,6,7,5,9,4,5,5,5,5,1,2
2025,1,7,2,4,10,2,3,16,6,37,33,4,37,37,3,34,21,2,11,2,8,3,6,6,6,3,5,2
2025,1,7,3,10,10,2,3,14,4,34,24,10,34,34,1,33,21,4,7,6,6,1,1,1,1,5,5,2
2025,1,7,4,6,8,3,3,12,2,35,29,6,35,35,6,29,19,4,4,2,5,6,6,6,6,3,4,3
2025,1,7,5,5,2,1,6,9,2,28,23,5,28,28,1,27,18,3,6,2,10,1,3,3,3,5,1,1
2025,1,7,6,8,2,3,4,13,4,27,19,8,27,27,2,25,20,3,6,5,6,2,1,1,1,2,1,3
2025,1,7,7,7,6,2,3,12,3,34,27,7,34,34,1,33,20,5,9,2,9,1,4,4,4,5,3,2
2025,1,7,8,8,12,4,2,21,4,42,34,8,42,42,6,36,25,2,9,6,7,6,1,1,1,6,6,4
2025,1,7,9,6,10,5,1,13,4,37,31,6,37,37,1,36,17,3,9,3,6,1,6,6,6,4,5,5
2025,1,7,10,5,10,3,4,11,4,34,29,5,34,34,1,33,17,2,7,3,7,1,3,3,3,6,5,3
2025,1,7,11,12,10,1,3,17,4,36,24,12,36,36,1,35,26,6,10,6,9,1,3,3,3,1,5,1
2025,1,8,0,5,12,4,2,12,3,31,26,5,31,31,2,29,15,1,6,4,5,2,4,4,4,2,6,4
2025,1,8,1,8,6,6,1,14,3,34,26,8,34,34,6,28,21,6,6,2,4,6,3,3,3,1,3,6
2025,1,8,2,11,8,3,4,17,6,41,30,11,41,41,3,38,26,5,8,6,6,3,5,5,5,3,4,3
2025,1,8,3,3,8,2,2,10,2,24,21,3,24,24,3,21,14,2,6,1,6,3,2,2,2,2,4,2
2025,1,8,4,11,6,3,2,18,4,39,28,11,39,39,4,35,26,6,9,5,7,4,5,5,5,2,3,3
2025,1,8,5,3,6,4,4,17,4,35,32,3,35,35,6,29,22,1,9,2,9,6,5,5,5,1,3,4
2025,1,8,6,6,2,3,2,17,5,33,27,6,33,33,2,31,21,2,11,4,8,2,6,6,6,2,1,3
2025,1,8,7,4,12,6,4,13,5,37,33,4,37,37,4,33,18,1,6,3,5,4,2,2,2,5,6,6
2025,1,8,8,7,4,4,4,17,4,39,32,7,39,39,5,34,25,4,9,3,9,5,3,3,3,5,2,4
2025,1,8,9,9,12,1,4,17,6,43,34,9,43,43,1,42,25,4,11,5,9,1,6,6,6,5,6,1
2025,1,8,10,5,10,5,6,6,2,35,30,5,35,35,2,33,16,4,3,1,7,2,6,6,6,3,5,5
2025,1,8,11,9,10,5,4,15,2,39,30,9,39,39,5,34,25,6,7,3,9,5,1,1,1,3,5,5
2025,1,9,0,4,10,5,3,16,2,32,28,4,32,32,6,26,20,1,7,3,8,6,1,1,1,1,5,5
2025,1,9,1,9,2,4,5,15,4,34,25,9,34,34,4,30,25,5,7,4,8,4,3,3,3,1,1,4
2025,1,9,2,7,8,3,2,11,5,31,24,7,31,31,1,30,17,4,7,3,4,1,5,5,5,2,4,3
2025,1,9,3,9,6,2,3,18,5,32,23,9,32,32,5,27,24,3,7,6,5,5,1,1,1,2,3,2
2025,1,9,4,3,4,3,3,10,1,24,21,3,24,24,3,21,15,2,6,1,8,3,1,1,1,3,2,3
2025,1,9,5,4,6,1,6,13,1,34,30,4,34,34,6,28,21,2,5,2,10,6,3,3,3,6,3,1
2025,1,9,6,10,8,4,4,12,4,39,29,10,39,39,1,38,20,4,5,6,5,1,6,6,6,5,4,4
2025,1,9,7,3,2,2,6,14,4,29,26,3,29,29,5,24,21,1,7,2,9,5,2,2,2,3,1,2
2025,1,9,8,5,8,5,4,16,3,34,29,5,34,34,4,30,21,1,8,4,9,4,1,1,1,3,4,5
2025,1,9,9,5,10,2,5,14,5,38,33,5,38,38,3,35,23,4,10,1,10,3,6,6,6,2,5,2
2025,1,9,10,11,10,5,5,14,1,46,35,11,46,46,3,43,25,6,6,5,10,3,6,6,6,5,5,5
2025,1,9,11,8,2,1,4,9,1,27,19,8,27,27,1,26,17,4,4,4,7,1,6,6,6,2,1,1
2025,1,10,0,11,10,4,4,15,4,35,24,11,35,35,1,34,24,5,8,6,8,1,1,1,1,1,5,4
2025,1,10,1,7,2,3,2,14,6,33,26,7,33,33,1,32,20,4,10,3,6,1,5,5,5,4,1,3
2025,1,10,2,12,8,2,3,12,1,31,19,12,31,31,4,27,21,6,2,6,4,4,1,1,1,3,4,2
2025,1,10,3,10,8,6,6,24,6,47,37,10,47,47,6,41,34,4,12,6,12,6,1,1,1,2,4,6
2025,1,10,4,12,6,3,5,22,5,48,36,12,48,48,5,43,33,6,11,6,11,5,3,3,3,6,3,3
2025,1,10,5,8,6,3,6,20,6,40,32,8,40,40,4,36,30,4,12,4,12,4,1,1,1,3,3,3
2025,1,10,6,12,6,3,1,13,2,33,21,12,33,33,2,31,20,6,5,6,4,2,1,1,1,6,3,3
2025,1,10,7,8,10,4,6,13,4,40,32,8,40,40,2,38,21,2,5,6,7,2,4,4,4,6,5,4
2025,1,10,8,7,8,5,3,13,2,35,28,7,35,35,3,32,19,3,6,4,7,3,5,5,5,2,4,5
2025,1,10,9,3,8,2,2,11,3,27,24,3,27,27,4,23,15,2,6,1,5,4,4,4,4,2,4,2
2025,1,10,10,3,8,2,6,12,3,32,29,3,32,32,3,29,20,2,8,1,11,3,3,3,3,3,4,2
2025,1,10,11,9,10,5,2,14,3,39,30,9,39,39,2,37,22,6,9,3,8,2,5,5,5,2,5,5
2025,1,11,0,8,12,6,2,15,1,36,28,8,36,36,4,32,19,2,5,6,6,4,4,4,4,1,6,6
2025,1,11,1,2,8,6,3,10,4,30,28,2,30,30,4,26,14,1,5,1,4,4,4,4,4,2,4,6
2025,1,11,2,7,6,2,4,15,6,36,29,7,36,36,4,32,24,5,9,2,7,4,2,2,2,5,3,2
2025,1,11,3,5,2,6,5,10,4,29,24,5,29,29,1,28,17,2,6,3,7,1,1,1,1,4,1,6
2025,1,11,4,9,10,5,4,17,2,41,32,9,41,41,6,35,25,4,6,5,8,6,5,5,5,1,5,5
2025,1,11,5,8,12,2,2,13,3,35,27,8,35,35,6,29,20,5,4,3,3,6,2,2,2,5,6,2
2025,1,11,6,7,8,6,5,11,4,37,30,7,37,37,1,36,22,6,9,1,10,1,2,2,2,3,4,6
2025,1,11,7,6,12,3,5,12,5,39,33,6,39,39,1,38,22,5,10,1,10,1,2,2,2,6,6,3
2025,1,11,8,7,4,2,2,11,3,29,22,7,29,29,1,28,17,4,7,3,6,1,6,6,6,2,2,2
2025,1,11,9,6,10,2,2,10,2,31,25,6,31,31,2,29,13,1,3,5,3,2,6,6,6,5,5,2
2025,1,11,10,10,12,4,1,12,1,36,26,10,36,36,4,32,17,4,2,6,2,4,3,3,3,6,6,4
2025,1,11,11,8,8,4,3,18,5,41,33,8,41,41,4,37,24,3,9,5,7,4,6,6,6,3,4,4
2025,1,12,0,10,12,1,3,13,6,33,23,10,33,33,1,32,21,5,7,5,4,1,1,1,1,4,6,1
2025,1,12,1,10,8,6,3,9,3,35,25,10,35,35,1,34,18,6,4,4,4,1,2,2,2,5,4,6
2025,1,12,2,7,10,2,2,5,1,25,18,7,25,25,1,24,13,6,3,1,4,1,4,4,4,1,5,2
2025,1,12,3,7,4,1,3,21,5,39,32,7,39,39,6,33,27,3,11,4,9,6,3,3,3,6,2,1
2025,1,12,4,10,10,6,6,13,5,47,37,10,47,47,1,46,25,6,8,4,9,1,5,5,5,6,5,6
2025,1,12,5,6,12,3,3,16,3,38,32,6,38,38,6,32,24,5,9,1,9,6,3,3,3,2,6,3
2025,1,12,6,8,4,3,2,16,1,33,25,8,33,33,5,28,21,3,6,5,7,5,2,2,2,5,2,3
2025,1,12,7,8,12,2,2,9,1,34,26,8,34,34,4,30,17,6,3,2,4,4,6,6,6,3,6,2
2025,1,12,8,5,4,5,1,15,5,33,28,5,33,33,1,32,18,2,11,3,7,1,4,4,4,4,2,5
2025,1,12,9,5,8,1,3,8,1,25,20,5,25,25,2,23,14,3,4,2,6,2,5,5,5,1,4,1
2025,1,12,10,4,8,1,3,15,4,36,32,4,36,36,5,31,21,3,9,1,8,5,5,5,5,5,4,1
2025,1,12,11,6,2,5,6,20,5,41,35,6,41,41,6,35,28,2,10,4,11,6,2,2,2,5,1,5
2025,1,13,0,11,6,4,5,11,1,35,24,11,35,35,1,34,22,6,5,5,9,1,1,1,1,5,3,4
2025,1,13,1,4,8,4,6,11,1,34,30,4,34,34,6,28,20,3,4,1,9,6,2,2,2,4,4,4
2025,1,13,2,5,10,5,1,11,5,31,26,5,31,31,2,29,15,3,7,2,3,2,2,2,2,4,5,5
2025,1,13,3,11,12,5,5,9,2,37,26,11,37,37,1,36,20,6,3,5,6,1,4,4,4,2,6,5
2025,1,13,4,7,10,5,2,18,4,36,29,7,36,36,6,30,21,1,6,6,4,6,4,4,4,1,5,5
2025,1,13,5,5,6,2,5,12,2,33,28,5,33,33,3,30,18,1,5,4,8,3,6,6,6,4,3,2
2025,1,13,6,4,10,2,3,12,3,32,28,4,32,32,2,30,18,3,9,1,9,2,1,1,1,6,5,2
2025,1,13,7,6,8,3,5,14,2,38,32,6,38,38,3,35,20,1,6,5,9,3,5,5,5,6,4,3
2025,1,13,8,7,12,3,4,14,3,39,32,7,39,39,3,36,23,5,9,2,10,3,5,5,5,2,6,3
2025,1,13,9,2,6,1,4,14,6,29,27,2,29,29,5,24,19,1,8,1,6,5,4,4,4,2,3,1
2025,1,13,10,10,8,1,5,16,5,42,32,10,42,42,4,38,27,6,8,4,8,4,4,4,4,6,4,1
2025,1,13,11,12,2,4,6,17,6,40,28,12,40,40,2,38,29,6,9,6,9,2,1,1,1,5,1,4
2025,1,14,0,10,6,1,5,17,5,40,30,10,40,40,6,34,27,5,6,5,6,6,4,4,4,5,3,1
2025,1,14,1,8,12,4,3,15,2,39,31,8,39,39,6,33,23,5,6,3,7,6,4,4,4,2,6,4
2025,1,14,2,10,10,1,3,12,1,38,28,10,38,38,4,34,21,6,4,4,6,4,5,5,5,6,5,1
2025,1,14,3,3,2,3,3,5,1,20,17,3,20,20,1,19,10,2,3,1,5,1,1,1,1,5,1,3
2025,1,14,4,4,10,6,3,15,5,37,33,4,37,37,4,33,20,2,9,2,7,4,4,4,4,2,5,6
2025,1,14,5,10,2,5,2,16,5,35,25,10,35,35,1,34,24,6,11,4,8,1,4,4,4,1,1,5
2025,1,14,6,3,2,3,6,11,1,28,25,3,28,28,6,22,18,1,3,2,8,6,2,2,2,4,1,3
2025,1,14,7,8,12,5,5,16,5,42,34,8,42,42,4,38,27,6,10,2,10,4,3,3,3,1,6,5
2025,1,14,8,6,10,5,2,7,1,34,28,6,34,34,2,32,12,3,2,3,3,2,6,6,6,6,5,5
2025,1,14,9,6,4,4,1,14,5,31,25,6,31,31,1,30,16,1,8,5,4,1,5,5,5,4,2,4
2025,1,14,10,10,12,4,4,15,2,39,29,10,39,39,5,34,24,5,5,5,7,5,3,3,3,2,6,4
2025,1,14,11,2,12,4,1,12,4,29,27,2,29,29,6,23,14,1,5,1,2,6,3,3,3,2,6,4
2025,1,15,0,4,2,4,4,14,2,31,27,4,31,31,3,28,19,1,8,3,10,3,5,5,5,2,1,4
2025,1,15,1,5,12,3,3,21,6,41,36,5,41,41,6,35,25,1,11,4,8,6,3,3,3,4,6,3
2025,1,15,2,4,2,3,4,13,5,30,26,4,30,30,1,29,20,3,11,1,10,1,3,3,3,3,1,3
2025,1,15,3,4,12,1,1,16,6,31,27,4,31,31,2,29,19,2,12,2,7,2,1,1,1,4,6,1
2025,1,15,4,11,2,2,4,15,5,36,25,11,36,36,1,35,24,5,8,6,7,1,6,6,6,3,1,2
2025,1,15,5,11,10,6,3,17,1,47,36,11,47,47,5,42,25,5,6,6,8,5,5,5,5,6,5,6
2025,1,15,6,2,4,6,5,8,1,31,29,2,31,31,2,29,14,1,5,1,9,2,4,4,4,5,2,6
2025,1,15,7,10,2,3,4,22,6,40,30,10,40,40,6,34,30,4,10,6,8,6,3,3,3,3,1,3
2025,1,15,8,11,12,4,1,17,4,41,30,11,41,41,3,38,23,5,8,6,5,3,2,2,2,6,6,4
2025,1,15,9,10,8,3,6,11,1,38,28,10,38,38,5,33,23,6,2,4,7,5,3,3,3,5,4,3
2025,1,15,10,9,2,2,2,13,2,27,18,9,27,27,5,22,19,4,3,5,3,5,2,2,2,3,1,2
2025,1,15,11,4,6,2,6,10,4,32,28,4,32,32,3,29,18,2,5,2,7,3,3,3,3,6,3,2
2025,1,16,0,54,22,28,5,61,10,166,112,54,166,166,10,156,95,29,26,25,21,10,25,25,25,7,11,28
2025,1,16,1,36,10,8,8,93,12,170,134,36,170,170,24,146,110,9,42,27,38,24,21,21,21,26,5,8
2025,1,16,2,24,46,8,30,91,24,189,165,24,189,189,30,159,135,14,51,10,57,30,8,8,8,15,23,8
2025,1,16,3,38,48,19,21,87,23,199,161,38,199,199,26,173,135,27,50,11,48,26,6,6,6,15,24,19
2025,1,16,4,42,16,30,5,77,26,172,130,42,172,172,17,155,108,26,44,16,23,17,5,5,5,21,8,30
2025,1,16,5,44,46,9,28,83,6,193,149,44,193,193,29,164,131,20,30,24,52,29,11,11,11,19,23,9
2025,1,16,6,25,50,6,18,75,23,172,147,25,172,172,11,161,103,10,49,15,44,11,20,20,20,18,25,6
2025,1,16,7,21,26,17,25,66,23,151,130,21,151,151,6,145,98,7,46,14,48,6,10,10,10,13,13,17
2025,1,16,8,42,46,20,22,82,10,212,170,42,212,212,28,184,127,23,35,19,47,28,16,16,16,26,23,20
2025,1,16,9,38,50,30,28,69,14,220,182,38,220,220,16,204,126,29,44,9,58,16,17,17,17,22,25,30
2025,1,16,10,33,36,17,12,63,29,159,126,33,159,159,12,147,94,19,37,14,20,12,12,12,12,18,18,17
2025,1,16,11,45,54,5,19,88,27,205,160,45,205,205,18,187,137,30,55,15,47,18,30,30,30,6,27,5
2025,1,17,0,3,8,1,4,12,3,30,27,3,30,30,3,27,17,1,7,2,8,3,3,3,3,5,4,1
2025,1,17,1,3,12,2,4,14,1,35,32,3,35,35,5,30,19,1,7,2,10,5,2,2,2,6,6,2
2025,1,17,2,10,8,1,6,14,4,38,28,10,38,38,1,37,26,6,9,4,11,1,6,6,6,1,4,1
2025,1,17,3,9,4,5,4,16,2,39,30,9,39,39,3,36,24,4,8,5,10,3,4,4,4,4,2,5
2025,1,17,4,6,10,2,3,17,3,38,32,6,38,38,5,33,22,2,8,4,8,5,4,4,4,5,5,2
2025,1,17,5,10,2,5,2,16,6,36,26,10,36,36,4,32,24,6,8,4,4,4,2,2,2,4,1,5
2025,1,17,6,5,2,5,3,14,2,37,32,5,37,37,5,32,20,3,7,2,8,5,5,5,5,6,1,5
2025,1,17,7,6,4,6,3,14,6,34,28,6,34,34,1,33,18,1,8,5,5,1,2,2,2,6,2,6
2025,1,17,8,8,2,2,1,16,3,36,28,8,36,36,6,30,22,5,7,3,5,6,5,5,5,6,1,2
2025,1,17,9,8,8,1,6,14,4,34,26,8,34,34,2,32,22,2,6,6,8,2,5,5,5,2,4,1
2025,1,17,10,5,4,1,6,11,3,33,28,5,33,33,5,28,21,4,5,1,8,5,4,4,4,5,2,1
2025,1,17,11,9,12,4,6,13,1,42,33,9,42,42,5,37,24,5,4,4,9,5,2,2,2,6,6,4
2025,1,18,0,10,10,2,5,15,2,44,34,10,44,44,3,41,25,5,7,5,10,3,6,6,6,6,5,2
2025,1,18,1,7,6,5,6,19,5,40,33,7,40,40,5,35,27,2,9,5,10,5,4,4,4,1,3,5
2025,1,18,2,10,10,3,2,18,1,44,34,10,44,44,6,38,25,5,7,5,8,6,6,6,6,5,5,3
2025,1,18,3,12,10,2,1,16,5,36,24,12,36,36,4,32,23,6,6,6,2,4,4,4,4,2,5,2
2025,1,18,4,4,6,3,1,10,5,27,23,4,27,27,2,25,14,3,7,1,3,2,4,4,4,3,3,3
2025,1,18,5,9,10,5,5,12,3,36,27,9,36,36,2,34,20,3,4,6,6,2,4,4,4,2,5,5
2025,1,18,6,9,8,3,6,19,2,43,34,9,43,43,5,38,28,3,8,6,12,5,3,3,3,5,4,3
2025,1,18,7,11,8,2,6,16,4,45,34,11,45,45,5,40,28,6,6,5,8,5,6,6,6,5,4,2
2025,1,18,8,4,4,6,5,13,3,36,32,4,36,36,5,31,20,2,6,2,8,5,2,2,2,6,2,6
2025,1,18,9,7,10,1,1,7,2,30,23,7,30,30,2,28,13,5,3,2,2,2,5,5,5,6,5,1
2025,1,18,10,5,8,1,2,15,4,30,25,5,30,30,2,28,18,1,9,4,7,2,1,1,1,6,4,1
2025,1,18,11,6,12,5,2,15,6,39,33,6,39,39,4,35,20,3,8,3,4,4,2,2,2,6,6,5
2025,1,19,0,9,6,4,5,10,1,36,27,9,36,36,1,35,20,5,5,4,9,1,3,3,3,6,3,4
2025,1,19,1,6,2,2,4,14,4,27,21,6,27,27,6,21,22,4,6,2,6,6,1,1,1,1,1,2
2025,1,19,2,9,4,4,5,17,4,43,34,9,43,43,6,37,28,6,8,3,9,6,3,3,3,6,2,4
2025,1,19,3,3,2,6,4,15,2,30,27,3,30,30,6,24,20,1,7,2,9,6,2,2,2,1,1,6
2025,1,19,4,7,10,5,5,19,6,43,36,7,43,43,6,37,26,2,8,5,7,6,3,3,3,4,5,5
2025,1,19,5,11,6,5,1,20,5,40,29,11,40,40,5,35,27,6,10,5,6,5,4,4,4,1,3,5
2025,1,19,6,9,6,3,6,16,6,37,28,9,37,37,4,33,26,4,7,5,7,4,1,1,1,4,3,3
2025,1,19,7,7,2,6,5,15,3,41,34,7,41,41,5,36,26,6,9,1,11,5,2,2,2,6,1,6
2025,1,19,8,3,10,4,5,14,3,36,33,3,36,36,6,30,21,2,7,1,9,6,3,3,3,3,5,4
2025,1,19,9,11,8,6,5,10,1,37,26,11,37,37,1,36,21,6,4,5,8,1,1,1,1,5,4,6
2025,1,19,10,8,2,5,6,18,5,47,39,8,47,47,6,41,29,5,9,3,10,6,6,6,6,6,1,5
2025,1,19,11,6,6,4,1,16,6,36,30,6,36,36,4,32,22,5,11,1,6,4,3,3,3,4,3,4
2025,1,20,0,10,8,3,1,19,5,40,30,10,40,40,3,37,25,5,11,5,7,3,6,6,6,2,4,3
2025,1,20,1,9,4,3,6,9,1,26,17,9,26,26,1,25,18,3,2,6,7,1,2,2,2,1,2,3
2025,1,20,2,6,4,2,1,14,4,27,21,6,27,27,5,22,18,3,6,3,3,5,4,4,4,1,2,2
2025,1,20,3,9,2,1,5,14,4,35,26,9,35,35,3,32,24,5,7,4,8,3,5,5,5,4,1,1
2025,1,20,4,3,6,5,5,9,3,29,26,3,29,29,2,27,16,2,6,1,8,2,2,2,2,3,3,5
2025,1,20,5,5,8,5,6,15,6,36,31,5,36,36,2,34,22,1,9,4,9,2,2,2,2,3,4,5
2025,1,20,6,8,8,5,5,12,4,41,33,8,41,41,4,37,22,5,5,3,6,4,5,5,5,5,4,5
2025,1,20,7,8,2,6,5,14,1,37,29,8,37,37,5,32,23,4,5,4,9,5,4,4,4,3,1,6
2025,1,20,8,3,10,3,6,12,4,37,34,3,37,37,2,35,19,1,8,2,10,2,6,6,6,4,5,3
2025,1,20,9,11,10,4,6,19,5,48,37,11,48,48,5,43,31,6,9,5,10,5,3,3,3,5,5,4
2025,1,20,10,8,2,4,1,13,6,31,23,8,31,31,1,30,19,5,9,3,4,1,1,1,1,6,1,4
2025,1,20,11,12,6,6,1,12,2,38,26,12,38,38,2,36,19,6,4,6,3,2,6,6,6,4,3,6
2025,1,21,0,5,12,2,1,8,1,24,19,5,24,24,1,23,13,4,6,1,6,1,2,2,2,1,6,2
2025,1,21,1,7,10,5,4,15,1,38,31,7,38,38,6,32,22,3,5,4,8,6,1,1,1,5,5,5
2025,1,21,2,8,12,1,6,14,1,38,30,8,38,38,4,34,22,2,4,6,9,4,3,3,3,6,6,1
2025,1,21,3,4,12,2,3,16,6,34,30,4,34,34,2,32,20,1,11,3,8,2,1,1,1,5,6,2
2025,1,21,4,7,12,1,6,20,4,43,36,7,43,43,6,37,27,1,8,6,10,6,4,4,4,5,6,1
2025,1,21,5,5,12,5,3,9,1,36,31,5,36,36,4,32,15,3,3,2,5,4,5,5,5,5,6,5
2025,1,21,6,12,4,1,4,17,4,38,26,12,38,38,4,34,27,6,7,6,7,4,5,5,5,3,2,1
2025,1,21,7,7,12,5,5,14,3,38,31,7,38,38,3,35,20,1,5,6,7,3,4,4,4,3,6,5
2025,1,21,8,9,4,2,1,14,1,28,19,9,28,28,4,24,20,5,6,4,6,4,1,1,1,3,2,2
2025,1,21,9,6,8,3,3,13,3,31,25,6,31,31,4,27,17,1,4,5,4,4,4,4,4,3,4,3
2025,1,21,10,5,12,1,4,16,5,33,28,5,33,33,3,30,22,2,10,3,9,3,2,2,2,2,6,1
2025,1,21,11,6,10,5,6,17,3,43,37,6,43,43,5,38,25,2,8,4,11,5,4,4,4,4,5,5
2025,1,22,0,6,2,2,4,5,1,24,18,6,24,24,1,23,13,4,2,2,5,1,5,5,5,3,1,2
2025,1,22,1,5,4,2,4,16,3,32,27,5,32,32,6,26,23,3,8,2,9,6,3,3,3,2,2,2
2025,1,22,2,4,4,6,3,13,4,35,31,4,35,35,3,32,19,3,9,1,8,3,4,4,4,4,2,6
2025,1,22,3,10,4,5,5,13,2,37,27,10,37,37,4,33,22,4,3,6,6,4,5,5,5,3,2,5
2025,1,22,4,7,6,4,1,17,4,36,29,7,36,36,4,32,21,3,9,4,6,4,6,6,6,2,3,4
2025,1,22,5,12,6,5,6,15,4,39,27,12,39,39,4,35,27,6,5,6,7,4,2,2,2,2,3,5
2025,1,22,6,9,2,3,1,13,3,29,20,9,29,29,3,26,20,6,7,3,5,3,4,4,4,1,1,3
2025,1,22,7,2,2,6,6,10,3,27,25,2,27,27,5,22,17,1,4,1,7,5,2,2,2,1,1,6
2025,1,22,8,10,6,1,6,9,2,30,20,10,30,30,1,29,20,5,3,5,7,1,2,2,2,4,3,1
2025,1,22,9,6,2,5,2,13,4,32,26,6,32,32,2,30,16,1,6,5,4,2,5,5,5,5,1,5
2025,1,22,10,9,2,6,5,20,3,40,31,9,40,40,6,34,29,4,9,5,11,6,1,1,1,3,1,6
2025,1,22,11,4,4,6,5,9,2,28,24,4,28,28,3,25,15,1,3,3,6,3,3,3,3,2,2,6
2025,1,23,0,10,8,4,1,16,6,35,25,10,35,35,2,33,21,4,8,6,3,2,4,4,4,2,4,4
2025,1,23,1,3,8,3,2,14,6,32,29,3,32,32,4,28,17,1,8,2,4,4,2,2,2,6,4,3
2025,1,23,2,4,6,1,6,16,6,32,28,4,32,32,6,26,24,2,8,2,8,6,1,1,1,3,3,1
2025,1,23,3,6,6,1,2,15,2,33,27,6,33,33,4,29,18,1,6,5,6,4,6,6,6,5,3,1
2025,1,23,4,5,2,2,5,15,3,35,30,5,35,35,4,31,22,2,8,3,10,4,4,4,4,6,1,2
2025,1,23,5,7,12,2,3,17,5,38,31,7,38,38,6,32,24,4,8,3,6,6,2,2,2,4,6,2
2025,1,23,6,6,12,4,5,13,2,39,33,6,39,39,4,35,19,1,4,5,7,4,4,4,4,6,6,4
2025,1,23,7,7,4,1,2,16,2,30,23,7,30,30,4,26,20,2,7,5,7,4,1,1,1,6,2,1
2025,1,23,8,9,4,3,6,21,6,38,29,9,38,38,5,33,30,3,10,6,10,5,1,1,1,2,2,3
2025,1,23,9,7,12,4,5,11,3,38,31,7,38,38,1,37,22,6,9,1,11,1,2,2,2,4,6,4
2025,1,23,10,6,4,3,1,12,6,30,24,6,30,30,1,29,18,5,10,1,5,1,3,3,3,4,2,3
2025,1,23,11,9,6,4,1,16,6,38,29,9,38,38,1,37,21,4,10,5,5,1,4,4,4,6,3,4
2025,1,24,0,8,6,1,1,19,6,35,27,8,35,35,6,29,23,3,8,5,3,6,3,3,3,5,3,1
2025,1,24,1,6,12,6,2,5,1,32,26,6,32,32,1,31,12,5,3,1,4,1,6,6,6,2,6,6
2025,1,24,2,8,4,1,5,8,1,30,22,8,30,30,1,29,17,4,3,4,7,1,5,5,5,5,2,1
2025,1,24,3,3,10,2,6,11,6,31,28,3,31,31,1,30,19,2,9,1,9,1,3,3,3,2,5,2
2025,1,24,4,5,6,6,6,14,4,36,31,5,36,36,2,34,21,1,8,4,10,2,1,1,1,5,3,6
2025,1,24,5,7,4,6,2,14,5,36,29,7,36,36,4,32,20,4,7,3,4,4,5,5,5,3,2,6
2025,1,24,6,4,10,1,2,19,4,34,30,4,34,34,6,28,22,1,10,3,8,6,2,2,2,4,5,1
2025,1,24,7,3,6,3,4,9,2,28,25,3,28,28,3,25,15,2,5,1,7,3,5,5,5,2,3,3
2025,1,24,8,8,8,3,6,15,2,37,29,8,37,37,6,31,26,5,6,3,10,6,3,3,3,1,4,3
2025,1,24,9,8,12,5,6,13,4,42,34,8,42,42,4,38,24,5,6,3,8,4,5,5,5,2,6,5
2025,1,24,10,4,4,3,1,12,1,25,21,4,25,25,4,21,14,1,5,3,5,4,1,1,1,5,2,3
2025,1,24,11,6,12,2,3,6,2,28,22,6,28,28,1,27,13,4,3,2,4,1,1,1,1,6,6,2
2025,1,25,0,6,12,3,4,11,2,32,26,6,32,32,5,27,20,5,5,1,7,5,2,2,2,1,6,3
2025,1,25,1,5,10,3,3,12,6,32,27,5,32,32,1,31,18,3,9,2,6,1,3,3,3,3,5,3
2025,1,25,2,5,8,2,2,16,5,32,27,5,32,32,1,31,19,1,11,4,8,1,1,1,1,6,4,2
2025,1,25,3,9,6,2,5,17,4,34,25,9,34,34,5,29,25,3,6,6,7,5,2,2,2,2,3,2
2025,1,25,4,5,6,4,6,16,4,40,35,5,40,40,4,36,23,1,8,4,10,4,5,5,5,5,3,4
2025,1,25,5,9,2,3,3,11,3,30,21,9,30,30,2,28,19,5,5,4,5,2,4,4,4,3,1,3
2025,1,25,6,4,6,4,4,12,5,30,26,4,30,30,3,27,18,2,7,2,6,3,1,1,1,4,3,4
2025,1,25,7,8,12,3,4,13,6,42,34,8,42,42,4,38,23,6,7,2,5,4,4,4,4,6,6,3
2025,1,25,8,8,10,5,2,8,1,31,23,8,31,31,3,28,15,5,2,3,3,3,4,4,4,2,5,5
2025,1,25,9,11,4,6,4,16,1,41,30,11,41,41,3,38,25,5,7,6,10,3,5,5,5,3,2,6
2025,1,25,10,6,2,1,1,14,4,22,16,6,22,22,3,19,16,1,6,5,3,3,1,1,1,3,1,1
2025,1,25,11,9,10,2,1,11,1,30,21,9,30,30,3,27,17,5,4,4,4,3,5,5,5,1,5,2
2025,1,26,0,7,4,4,2,12,4,27,20,7,27,27,2,25,17,3,6,4,4,2,1,1,1,3,2,4
2025,1,26,1,3,6,3,2,7,3,23,20,3,23,23,1,22,10,1,4,2,3,1,3,3,3,4,3,3
2025,1,26,2,5,2,4,6,12,4,34,29,5,34,34,1,33,21,3,9,2,11,1,4,4,4,4,1,4
2025,1,26,3,4,10,4,5,10,2,34,30,4,34,34,5,29,17,2,3,2,6,5,2,2,2,6,5,4
2025,1,26,4,5,8,2,5,13,4,33,28,5,33,33,1,32,21,3,10,2,11,1,2,2,2,4,4,2
2025,1,26,5,6,2,5,2,16,6,30,24,6,30,30,3,27,20,2,9,4,5,3,3,3,3,1,1,5
2025,1,26,6,4,2,6,3,13,4,38,34,4,38,38,5,33,19,3,7,1,6,5,6,6,6,6,1,6
2025,1,26,7,3,4,5,4,18,6,41,38,3,41,41,5,36,24,2,12,1,10,5,4,4,4,6,2,5
2025,1,26,8,11,4,5,4,16,5,42,31,11,42,42,2,40,25,5,8,6,7,2,6,6,6,4,2,5
2025,1,26,9,5,10,1,2,7,1,24,19,5,24,24,2,22,11,2,2,3,3,2,4,4,4,3,5,1
2025,1,26,10,9,8,5,4,15,2,37,28,9,37,37,5,32,23,4,5,5,7,5,2,2,2,3,4,5
2025,1,26,11,8,6,3,4,12,4,30,22,8,30,30,3,27,21,5,6,3,6,3,1,1,1,2,3,3
2025,1,27,0,8,6,3,3,17,5,38,30,8,38,38,4,34,23,3,8,5,6,4,6,6,6,3,3,3
2025,1,27,1,5,4,4,5,13,2,36,31,5,36,36,4,32,22,4,8,1,11,4,5,5,5,3,2,4
2025,1,27,2,8,4,3,5,6,1,29,21,8,29,29,1,28,16,5,2,3,6,1,5,5,5,3,2,3
2025,1,27,3,5,6,6,1,9,2,30,25,5,30,30,2,28,14,4,6,1,5,2,5,5,5,2,3,6
2025,1,27,4,9,8,6,1,9,1,28,19,9,28,28,1,27,13,3,2,6,2,1,3,3,3,2,4,6
2025,1,27,5,7,6,1,6,8,3,29,22,7,29,29,1,28,18,4,4,3,7,1,2,2,2,5,3,1
2025,1,27,6,8,2,4,6,9,1,33,25,8,33,33,2,31,20,5,4,3,9,2,3,3,3,5,1,4
2025,1,27,7,7,2,6,4,16,4,34,27,7,34,34,5,29,22,2,6,5,6,5,1,1,1,4,1,6
2025,1,27,8,6,10,2,2,10,3,27,21,6,27,27,2,25,14,2,4,4,3,2,2,2,2,4,5,2
2025,1,27,9,7,2,6,6,11,4,36,29,7,36,36,4,32,22,5,5,2,7,4,3,3,3,4,1,6
2025,1,27,10,2,10,4,6,13,5,37,35,2,37,37,4,33,20,1,8,1,9,4,4,4,4,4,5,4
2025,1,27,11,8,6,5,5,16,6,39,31,8,39,39,1,38,23,2,9,6,8,1,5,5,5,3,3,5
2025,1,28,0,8,8,4,2,19,3,43,35,8,43,43,5,38,24,3,9,5,8,5,5,5,5,6,4,4
2025,1,28,1,9,8,2,5,21,6,42,33,9,42,42,6,36,29,3,9,6,8,6,3,3,3,4,4,2
2025,1,28,2,11,12,2,1,16,4,42,31,11,42,42,1,41,22,5,9,6,6,1,6,6,6,6,6,2
2025,1,28,3,3,8,3,6,12,3,34,31,3,34,34,4,30,19,1,6,2,9,4,4,4,4,4,4,3
2025,1,28,4,7,2,5,5,15,1,36,29,7,36,36,6,30,22,2,4,5,8,6,2,2,2,6,1,5
2025,1,28,5,5,2,4,4,17,5,33,28,5,33,33,5,28,24,3,10,2,9,5,1,1,1,3,1,4
2025,1,28,6,12,10,5,4,20,6,47,35,12,47,47,6,41,30,6,8,6,6,6,6,6,6,1,5,5
2025,1,28,7,10,10,5,2,13,1,39,29,10,39,39,5,34,20,5,3,5,4,5,3,3,3,6,5,5
2025,1,28,8,9,2,2,1,15,3,29,20,9,29,29,5,24,19,3,4,6,2,5,3,3,3,4,1,2
2025,1,28,9,2,4,4,6,12,3,34,32,2,34,34,6,28,19,1,5,1,8,6,6,6,6,3,2,4
2025,1,28,10,6,10,4,4,15,3,41,35,6,41,41,5,36,20,1,5,5,6,5,6,6,6,6,5,4
2025,1,28,11,7,2,2,5,15,3,33,26,7,33,33,5,28,24,4,7,3,9,5,4,4,4,2,1,2
2025,1,29,0,5,6,2,1,12,2,28,23,5,28,28,2,26,14,1,6,4,5,2,4,4,4,5,3,2
2025,1,29,1,2,4,3,1,15,5,25,23,2,25,25,3,22,17,1,11,1,7,3,2,2,2,1,2,3
2025,1,29,2,9,10,2,1,19,6,42,33,9,42,42,5,37,23,3,8,6,3,5,6,6,6,6,5,2
2025,1,29,3,8,8,2,5,17,2,39,31,8,39,39,3,36,24,2,8,6,11,3,3,3,3,6,4,2
2025,1,29,4,7,12,3,6,14,5,42,35,7,42,42,2,40,23,3,8,4,9,2,6,6,6,4,6,3
2025,1,29,5,7,12,5,2,16,6,39,32,7,39,39,4,35,21,3,8,4,4,4,3,3,3,4,6,5
2025,1,29,6,5,4,3,1,12,2,24,19,5,24,24,4,20,17,4,7,1,6,4,1,1,1,1,2,3
2025,1,29,7,10,6,2,5,12,5,37,27,10,37,37,2,35,23,6,6,4,6,2,4,4,4,5,3,2
2025,1,29,8,6,8,6,1,10,4,30,24,6,30,30,2,28,16,5,7,1,4,2,1,1,1,3,4,6
2025,1,29,9,9,2,4,5,20,6,45,36,9,45,45,4,41,30,5,12,4,11,4,4,4,4,6,1,4
2025,1,29,10,9,6,6,3,17,2,38,29,9,38,38,5,33,23,3,6,6,7,5,2,2,2,4,3,6
2025,1,29,11,12,12,4,1,20,6,48,36,12,48,48,4,44,27,6,10,6,5,4,5,5,5,6,6,4
2025,1,30,0,7,4,6,1,11,6,32,25,7,32,32,1,31,17,5,8,2,3,1,1,1,1,6,2,6
2025,1,30,1,12,8,6,2,13,1,36,24,12,36,36,1,35,21,6,6,6,7,1,3,3,3,2,4,6
2025,1,30,2,4,10,4,3,10,4,30,26,4,30,30,1,29,14,1,6,3,5,1,1,1,1,6,5,4
2025,1,30,3,9,6,1,1,17,4,38,29,9,38,38,6,32,24,6,8,3,5,6,5,5,5,5,3,1
2025,1,30,4,5,4,2,4,15,6,33,28,5,33,33,4,29,22,3,9,2,7,4,3,3,3,4,2,2
2025,1,30,5,11,2,6,5,17,6,38,27,11,38,38,3,35,27,5,8,6,7,3,1,1,1,3,1,6
2025,1,30,6,4,10,2,2,7,1,25,21,4,25,25,3,22,11,2,2,2,3,3,4,4,4,3,5,2
2025,1,30,7,3,12,3,6,11,1,38,35,3,38,38,5,33,19,2,5,1,10,5,4,4,4,6,6,3
2025,1,30,8,6,8,4,6,15,1,36,30,6,36,36,5,31,24,3,7,3,12,5,2,2,2,2,4,4
2025,1,30,9,4,2,1,6,9,6,27,23,4,27,27,1,26,18,3,7,1,7,1,1,1,1,6,1,1
2025,1,30,10,7,8,5,1,14,6,39,32,7,39,39,3,36,21,6,10,1,5,3,6,6,6,3,4,5
2025,1,30,11,9,8,6,6,12,2,38,29,9,38,38,1,37,21,3,5,6,9,1,1,1,1,6,4,6
2025,1,31,0,10,6,5,3,12,2,38,28,10,38,38,2,36,21,6,6,4,7,2,6,6,6,3,3,5
2025,1,31,1,7,2,4,3,15,2,26,19,7,26,26,5,21,19,1,4,6,5,5,1,1,1,1,1,4
2025,1,31,2,12,12,6,2,14,5,38,26,12,38,38,1,37,22,6,7,6,4,1,3,3,3,1,6,6
2025,1,31,3,9,6,2,3,14,6,30,21,9,30,30,2,28,22,5,8,4,5,2,2,2,2,1,3,2
2025,1,31,4,7,10,4,3,16,2,37,30,7,37,37,6,31,21,2,5,5,6,6,3,3,3,4,5,4
2025,1,31,5,6,6,5,6,15,6,42,36,6,42,42,4,38,24,3,8,3,8,4,4,4,4,6,3,5
2025,1,31,6,6,4,2,2,10,5,30,24,6,30,30,2,28,16,4,6,2,3,2,5,5,5,5,2,2
2025,1,31,7,6,10,4,1,12,2,29,23,6,29,29,4,25,15,2,4,4,3,4,1,1,1,4,5,4
2025,1,31,8,5,10,3,4,15,4,37,32,5,37,37,4,33,22,3,9,2,9,4,4,4,4,3,5,3
2025,1,31,9,9,6,6,1,13,5,33,24,9,33,33,2,31,18,4,6,5,2,2,1,1,1,5,3,6
2025,1,31,10,7,6,3,3,21,5,36,29,7,36,36,6,30,26,2,10,5,8,6,2,2,2,2,3,3
2025,1,31,11,9,2,2,5,16,2,36,27,9,36,36,6,30,26,5,6,4,9,6,6,6,6,1,1,2
2025,2,1,0,12,12,6,3,19,5,48,36,12,48,48,5,43,28,6,8,6,6,5,5,5,5,3,6,6
2025,2,1,1,6,12,1,5,8,1,31,25,6,31,31,2,29,15,2,2,4,6,2,4,4,4,5,6,1
2025,2,1,2,6,10,6,3,12,3,35,29,6,35,35,6,29,20,5,5,1,5,6,2,2,2,2,5,6
2025,2,1,3,5,8,3,2,12,1,27,22,5,27,27,1,26,15,1,7,4,8,1,4,4,4,1,4,3
2025,2,1,4,6,6,6,3,15,5,38,32,6,38,38,5,33,22,4,8,2,6,5,1,1,1,6,3,6
2025,2,1,5,5,10,2,4,8,4,28,23,5,28,28,2,26,16,4,5,1,5,2,3,3,3,2,5,2
2025,2,1,6,7,10,1,3,15,6,39,32,7,39,39,5,34,24,6,9,1,6,5,4,4,4,5,5,1
2025,2,1,7,9,10,1,6,13,3,34,25,9,34,34,1,33,22,3,6,6,9,1,1,1,1,5,5,1
2025,2,1,8,6,2,3,4,15,4,31,25,6,31,31,4,27,20,1,6,5,6,4,3,3,3,4,1,3
2025,2,1,9,4,10,5,6,8,1,33,29,4,33,33,3,30,17,3,4,1,9,3,3,3,3,3,5,5
2025,2,1,10,8,4,1,2,15,5,34,26,8,34,34,1,33,22,5,11,3,8,1,5,5,5,4,2,1
2025,2,1,11,10,8,2,5,17,2,39,29,10,39,39,3,36,26,4,8,6,11,3,5,5,5,2,4,2
2025,2,2,0,11,12,1,3,15,1,36,25,11,36,36,3,33,23,5,6,6,8,3,5,5,5,1,6,1
2025,2,2,1,5,2,4,2,16,4,34,29,5,34,34,2,32,19,1,10,4,8,2,5,5,5,5,1,4
2025,2,2,2,9,6,5,2,16,2,36,27,9,36,36,6,30,24,6,7,3,7,6,1,1,1,3,3,5
2025,2,2,3,11,12,5,3,17,5,45,34,11,45,45,4,41,25,5,7,6,5,4,3,3,3,6,6,5
2025,2,2,4,8,6,2,4,10,5,31,23,8,31,31,1,30,19,5,6,3,5,1,3,3,3,4,3,2
2025,2,2,5,8,10,5,6,18,1,44,36,8,44,44,5,39,26,2,7,6,12,5,5,5,5,3,5,5
2025,2,2,6,9,8,6,6,16,6,46,37,9,46,46,2,44,28,6,11,3,11,2,4,4,4,4,4,6
2025,2,2,7,5,6,6,4,16,6,41,36,5,41,41,6,35,23,3,8,2,6,6,3,3,3,6,3,6
2025,2,2,8,9,8,6,4,13,1,39,30,9,39,39,6,33,23,6,4,3,7,6,4,4,4,2,4,6
2025,2,2,9,3,8,5,5,9,4,30,27,3,30,30,2,28,15,1,5,2,6,2,5,5,5,1,4,5
2025,2,2,10,7,2,3,1,17,5,26,19,7,26,26,2,24,20,2,10,5,6,2,1,1,1,1,1,3
2025,2,2,11,3,4,2,2,11,5,24,21,3,24,24,1,23,14,1,8,2,5,1,3,3,3,3,2,2
2025,2,3,0,5,2,4,6,12,4,32,27,5,32,32,6,26,22,4,5,1,7,6,2,2,2,3,1,4
2025,2,3,1,2,2,4,5,19,6,37,35,2,37,37,6,31,25,1,12,1,11,6,4,4,4,3,1,4
2025,2,3,2,7,2,5,1,13,2,25,18,7,25,25,1,24,15,1,6,6,5,1,2,2,2,2,1,5
2025,2,3,3,6,4,1,6,11,3,27,21,6,27,27,2,25,19,2,5,4,8,2,3,3,3,2,2,1
2025,2,3,4,8,10,1,3,14,6,38,30,8,38,38,5,33,23,6,7,2,4,5,5,5,5,4,5,1
2025,2,3,5,2,8,1,1,10,1,27,25,2,27,27,5,22,12,1,4,1,4,5,6,6,6,4,4,1
2025,2,3,6,11,4,4,4,20,5,42,31,11,42,42,5,37,30,6,10,5,9,5,1,1,1,5,2,4
2025,2,3,7,3,4,6,5,13,3,37,34,3,37,37,2,35,19,1,9,2,11,2,5,5,5,5,2,6
2025,2,3,8,8,10,5,4,18,6,45,37,8,45,45,3,42,27,5,12,3,10,3,2,2,2,6,5,5
2025,2,3,9,4,4,4,4,11,2,29,25,4,29,29,6,23,17,2,3,2,5,6,3,3,3,3,2,4
2025,2,3,10,7,12,2,3,12,3,36,29,7,36,36,4,32,21,6,7,1,7,4,4,4,4,3,6,2
2025,2,3,11,9,10,3,2,17,4,37,28,9,37,37,5,32,25,6,9,3,7,5,2,2,2,2,5,3
2025,2,4,0,10,10,2,2,15,2,38,28,10,38,38,3,35,21,4,6,6,6,3,4,4,4,6,5,2
2025,2,4,1,2,6,2,6,11,5,29,27,2,29,29,4,25,18,1,6,1,7,4,2,2,2,4,3,2
2025,2,4,2,9,12,1,2,20,4,44,35,9,44,44,6,38,27,5,10,4,8,6,5,5,5,5,6,1
2025,2,4,3,7,10,5,6,11,1,38,31,7,38,38,1,37,19,2,5,5,10,1,3,3,3,6,5,5
2025,2,4,4,10,2,5,6,14,4,37,27,10,37,37,3,34,25,5,6,5,8,3,2,2,2,4,1,5
2025,2,4,5,5,8,1,6,12,5,33,28,5,33,33,2,31,20,2,7,3,8,2,5,5,5,3,4,1
2025,2,4,6,7,12,5,1,6,1,34,27,7,34,34,2,32,12,5,2,2,2,2,6,6,6,5,6,5
2025,2,4,7,8,10,3,3,10,1,36,28,8,36,36,3,33,18,5,4,3,6,3,4,4,4,6,5,3
2025,2,4,8,11,8,2,4,20,5,40,29,11,40,40,6,34,30,6,9,5,8,6,2,2,2,2,4,2
2025,2,4,9,8,10,3,6,15,2,41,33,8,41,41,2,39,24,3,8,5,12,2,6,6,6,3,5,3
2025,2,4,10,5,8,5,1,15,6,33,28,5,33,33,3,30,17,1,8,4,3,3,4,4,4,3,4,5
2025,2,4,11,7,6,4,2,9,1,29,22,7,29,29,3,26,14,3,2,4,3,3,3,3,3,5,3,4
2025,2,5,0,9,10,2,5,13,5,37,28,9,37,37,3,34,24,6,7,3,7,3,4,4,4,2,5,2
2025,2,5,1,11,2,2,5,10,2,35,24,11,35,35,2,33,21,6,3,5,6,2,6,6,6,5,1,2
2025,2,5,2,11,4,1,3,11,2,34,23,11,34,34,3,31,20,6,3,5,4,3,6,6,6,5,2,1
2025,2,5,3,7,10,2,1,10,1,30,23,7,30,30,3,27,17,6,6,1,6,3,5,5,5,1,5,2
2025,2,5,4,9,12,6,6,13,1,39,30,9,39,39,1,38,23,4,7,5,12,1,2,2,2,2,6,6
2025,2,5,5,7,6,6,5,11,3,36,29,7,36,36,1,35,19,3,6,4,8,1,4,4,4,4,3,6
2025,2,5,6,11,10,4,6,16,2,44,33,11,44,44,6,38,27,5,4,6,8,6,5,5,5,3,5,4
2025,2,5,7,8,12,6,3,10,1,33,25,8,33,33,2,31,15,2,2,6,4,2,2,2,2,4,6,6
2025,2,5,8,6,4,6,3,8,2,30,24,6,30,30,2,28,14,3,3,3,4,2,5,5,5,3,2,6
2025,2,5,9,5,4,3,1,12,4,27,22,5,27,27,1,26,14,1,7,4,4,1,5,5,5,3,2,3
2025,2,5,10,7,4,1,6,12,3,33,26,7,33,33,2,31,24,6,9,1,12,2,3,3,3,3,2,1
2025,2,5,11,3,8,5,2,7,3,28,25,3,28,28,2,26,11,2,4,1,3,2,6,6,6,2,4,5
2025,2,6,0,7,4,2,6,9,1,31,24,7,31,31,3,28,18,3,2,4,7,3,5,5,5,4,2,2
2025,2,6,1,6,10,5,2,15,6,40,34,6,40,40,4,36,21,4,9,2,5,4,4,4,4,5,5,5
2025,2,6,2,10,8,2,6,14,5,41,31,10,41,41,4,37,26,6,6,4,7,4,3,3,3,6,4,2
2025,2,6,3,8,8,6,1,14,2,41,33,8,41,41,2,39,19,4,8,4,7,2,6,6,6,6,4,6
2025,2,6,4,7,2,5,5,20,4,40,33,7,40,40,6,34,26,1,8,6,9,6,2,2,2,6,1,5
2025,2,6,5,3,6,5,6,9,4,31,28,3,31,31,1,30,16,1,6,2,8,1,5,5,5,2,3,5
2025,2,6,6,11,2,2,5,17,4,36,25,11,36,36,1,35,27,5,10,6,11,1,2,2,2,4,1,2
2025,2,6,7,9,12,1,6,14,1,41,32,9,41,41,5,36,24,4,4,5,9,5,5,5,5,5,6,1
2025,2,6,8,7,2,6,5,21,6,43,36,7,43,43,6,37,27,1,9,6,8,6,5,5,5,4,1,6
2025,2,6,9,12,6,4,6,16,1,40,28,12,40,40,6,34,28,6,4,6,9,6,1,1,1,4,3,4
2025,2,6,10,7,6,6,5,9,2,38,31,7,38,38,4,34,20,6,4,1,7,4,5,5,5,4,3,6
2025,2,6,11,4,6,3,6,12,1,36,32,4,36,36,5,31,20,2,5,2,10,5,4,4,4,6,3,3
2025,2,7,0,4,4,4,2,17,6,36,32,4,36,36,6,30,22,3,10,1,6,6,2,2,2,6,2,4
2025,2,7,1,11,10,6,3,16,3,43,32,11,43,43,3,40,25,6,8,5,8,3,6,6,6,1,5,6
2025,2,7,2,9,10,3,3,17,4,39,30,9,39,39,4,35,26,6,10,3,9,4,4,4,4,1,5,3
2025,2,7,3,7,12,4,3,15,4,35,28,7,35,35,4,31,21,3,7,4,6,4,3,3,3,1,6,4
2025,2,7,4,4,12,5,1,10,5,34,30,4,34,34,1,33,14,3,8,1,4,1,3,3,3,6,6,5
2025,2,7,5,4,10,3,1,11,2,29,25,4,29,29,1,28,14,2,8,2,7,1,6,6,6,1,5,3
2025,2,7,6,3,10,5,2,8,1,30,27,3,30,30,4,26,12,2,3,1,4,4,3,3,3,5,5,5
2025,2,7,7,7,2,6,1,16,3,35,28,7,35,35,3,32,20,3,9,4,7,3,5,5,5,3,1,6
2025,2,7,8,8,8,1,5,14,4,35,27,8,35,35,2,33,25,6,10,2,11,2,4,4,4,1,4,1
2025,2,7,9,12,6,5,6,16,4,42,30,12,42,42,2,40,28,6,8,6,10,2,2,2,2,4,3,5
2025,2,7,10,9,8,6,5,9,2,42,33,9,42,42,3,39,20,6,3,3,6,3,6,6,6,6,4,6
2025,2,7,11,4,4,3,3,8,4,26,22,4,26,26,2,24,14,3,5,1,4,2,3,3,3,4,2,3
2025,2,8,0,8,12,4,5,15,4,39,31,8,39,39,5,34,26,6,8,2,9,5,1,1,1,2,6,4
2025,2,8,1,10,6,2,3,20,5,34,24,10,34,34,4,30,27,4,10,6,8,4,1,1,1,1,3,2
2025,2,8,2,9,10,1,5,21,3,47,38,9,47,47,6,41,29,3,9,6,11,6,6,6,6,6,5,1
2025,2,8,3,9,12,4,5,13,3,39,30,9,39,39,3,36,24,6,7,3,9,3,3,3,3,2,6,4
2025,2,8,4,7,12,3,5,15,5,39,32,7,39,39,3,36,22,2,7,5,7,3,2,2,2,6,6,3
2025,2,8,5,11,2,3,3,20,5,38,27,11,38,38,5,33,28,5,9,6,7,5,3,3,3,3,1,3
2025,2,8,6,10,8,5,6,21,4,51,41,10,51,51,6,45,32,5,10,5,12,6,6,6,6,4,4,5
2025,2,8,7,4,12,2,3,13,5,34,30,4,34,34,4,30,17,1,6,3,4,4,3,3,3,6,6,2
2025,2,8,8,9,10,1,5,18,3,42,33,9,42,42,5,37,28,5,9,4,11,5,6,6,6,2,5,1
2025,2,8,9,5,2,4,4,13,3,35,30,5,35,35,6,29,21,4,6,1,7,6,6,6,6,3,1,4
2025,2,8,10,7,8,4,1,13,2,28,21,7,28,28,3,25,18,4,7,3,6,3,1,1,1,1,4,4
2025,2,8,11,3,12,1,6,16,6,36,33,3,36,36,5,31,23,1,9,2,9,5,4,4,4,2,6,1
2025,2,9,0,8,12,5,3,8,4,38,30,8,38,38,1,37,17,6,5,2,4,1,4,4,4,6,6,5
2025,2,9,1,7,10,2,1,15,2,29,22,7,29,29,2,27,17,1,7,6,6,2,1,1,1,4,5,2
2025,2,9,2,7,12,1,2,16,2,33,26,7,33,33,3,30,20,2,8,5,8,3,2,2,2,4,6,1
2025,2,9,3,7,12,3,1,13,1,33,26,7,33,33,3,30,17,3,6,4,6,3,1,1,1,6,6,3
2025,2,9,4,6,6,3,5,11,1,38,32,6,38,38,3,35,21,5,7,1,11,3,6,6,6,5,3,3
2025,2,9,5,6,2,1,3,15,6,27,21,6,27,27,1,26,19,1,9,5,6,1,2,2,2,4,1,1
2025,2,9,6,6,12,5,1,9,1,34,28,6,34,34,3,31,13,3,3,3,3,3,6,6,6,4,6,5
2025,2,9,7,7,4,3,6,16,2,42,35,7,42,42,5,37,26,4,8,3,12,5,6,6,6,5,2,3
2025,2,9,8,11,8,3,6,10,1,37,26,11,37,37,2,35,21,5,2,6,7,2,6,6,6,3,4,3
2025,2,9,9,5,8,2,6,12,4,33,28,5,33,33,1,32,20,2,8,3,10,1,3,3,3,4,4,2
2025,2,9,10,4,8,6,5,10,1,36,32,4,36,36,4,32,17,2,4,2,8,4,3,3,3,6,4,6
2025,2,9,11,11,2,5,4,14,4,35,24,11,35,35,1,34,23,5,7,6,7,1,2,2,2,4,1,5
2025,2,10,0,8,8,4,2,19,3,38,30,8,38,38,5,33,24,3,9,5,8,5,3,3,3,3,4,4
2025,2,10,1,10,12,2,6,21,5,48,38,10,48,48,5,43,32,5,11,5,12,5,3,3,3,5,6,2
2025,2,10,2,4,6,3,6,11,4,35,31,4,35,35,1,34,20,3,9,1,11,1,5,5,5,4,3,3
2025,2,10,3,4,2,5,2,14,4,30,26,4,30,30,4,26,19,3,9,1,7,4,1,1,1,4,1,5
2025,2,10,4,6,10,2,4,17,6,34,28,6,34,34,5,29,25,4,10,2,8,5,1,1,1,1,5,2
2025,2,10,5,10,12,4,2,12,4,35,25,10,35,35,3,32,20,6,5,4,3,3,2,2,2,3,6,4
2025,2,10,6,8,8,6,6,19,5,46,38,8,46,46,5,41,30,5,11,3,12,5,3,3,3,3,4,6
2025,2,10,7,10,8,2,2,11,5,29,19,10,29,29,1,28,19,6,6,4,3,1,1,1,1,3,4,2
2025,2,10,8,10,6,3,3,15,4,35,25,10,35,35,4,31,23,5,6,5,5,4,3,3,3,3,3,3
2025,2,10,9,6,12,1,4,6,1,26,20,6,26,26,1,25,14,4,3,2,6,1,1,1,1,4,6,1
2025,2,10,10,6,6,1,1,8,1,25,19,6,25,25,3,22,14,5,4,1,4,3,1,1,1,6,3,1
2025,2,10,11,10,10,2,6,12,1,39,29,10,39,39,2,37,23,5,5,5,10,2,3,3,3,6,5,2
2025,2,11,0,8,8,1,5,14,6,34,26,8,34,34,1,33,23,4,9,4,8,1,3,3,3,3,4,1
2025,2,11,1,10,8,1,2,20,5,40,30,10,40,40,6,34,27,5,9,5,6,6,3,3,3,5,4,1
2025,2,11,2,5,2,2,2,13,3,29,24,5,29,29,3,26,16,1,6,4,5,3,4,4,4,6,1,2
2025,2,11,3,7,10,6,2,19,6,41,34,7,41,41,5,36,25,4,11,3,7,5,1,1,1,4,5,6
2025,2,11,4,3,6,2,6,13,1,34,31,3,34,34,5,29,21,2,7,1,12,5,2,2,2,6,3,2
2025,2,11,5,4,12,5,2,9,2,31,27,4,31,31,1,30,13,2,6,2,6,1,6,6,6,1,6,5
2025,2,11,6,12,2,6,5,16,4,45,33,12,45,45,3,42,27,6,7,6,8,3,6,6,6,5,1,6
2025,2,11,7,8,10,1,4,13,1,31,23,8,31,31,1,30,20,3,7,5,10,1,3,3,3,2,5,1
2025,2,11,8,6,10,2,5,11,6,37,31,6,37,37,2,35,21,5,8,1,7,2,3,3,3,6,5,2
2025,2,11,9,8,12,3,6,14,4,41,33,8,41,41,4,37,24,4,6,4,8,4,5,5,5,3,6,3
2025,2,11,10,4,6,2,6,13,1,28,24,4,28,28,3,25,20,1,7,3,12,3,2,2,2,1,3,2
2025,2,11,11,7,4,4,6,16,3,39,32,7,39,39,3,36,23,1,7,6,10,3,6,6,6,4,2,4
2025,2,12,0,8,12,6,3,22,6,49,41,8,49,49,5,44,28,3,12,5,9,5,5,5,5,4,6,6
2025,2,12,1,9,8,3,1,14,3,30,21,9,30,30,4,26,20,5,6,4,4,4,2,2,2,1,4,3
2025,2,12,2,8,10,1,4,18,3,40,32,8,40,40,6,34,27,5,9,3,10,6,6,6,6,1,5,1
2025,2,12,3,6,2,1,4,9,3,27,21,6,27,27,3,24,18,5,5,1,6,3,6,6,6,1,1,1
2025,2,12,4,2,2,6,2,11,4,29,27,2,29,29,3,26,14,1,7,1,5,3,4,4,4,4,1,6
2025,2,12,5,6,8,5,2,12,6,40,34,6,40,40,1,39,19,5,10,1,6,1,6,6,6,6,4,5
2025,2,12,6,4,12,6,4,15,5,41,37,4,41,41,6,35,21,2,7,2,6,6,3,3,3,5,6,6
2025,2,12,7,5,2,4,5,15,3,39,34,5,39,39,6,33,23,3,7,2,9,6,6,6,6,5,1,4
2025,2,12,8,7,10,6,5,9,2,34,27,7,34,34,2,32,18,4,4,3,7,2,3,3,3,2,5,6
2025,2,12,9,6,10,1,3,12,4,29,23,6,29,29,1,28,17,2,7,4,6,1,1,1,1,5,5,1
2025,2,12,10,4,8,5,5,10,1,32,28,4,32,32,5,27,16,1,2,3,6,5,5,5,5,2,4,5
2025,2,12,11,7,6,2,1,12,1,27,20,7,27,27,1,26,14,1,5,6,5,1,5,5,5,3,3,2
2025,2,13,0,6,10,5,2,20,6,43,37,6,43,43,6,37,23,1,9,5,5,6,5,5,5,5,5,5
2025,2,13,1,5,12,6,2,10,2,33,28,5,33,33,2,31,15,3,6,2,6,2,1,1,1,5,6,6
2025,2,13,2,7,4,4,4,14,5,33,26,7,33,33,3,30,22,4,8,3,7,3,1,1,1,4,2,4
2025,2,13,3,7,6,3,5,14,5,36,29,7,36,36,3,33,24,5,9,2,9,3,2,2,2,4,3,3
2025,2,13,4,6,6,6,4,13,6,40,34,6,40,40,5,35,22,5,7,1,5,5,6,6,6,3,3,6
2025,2,13,5,7,4,6,1,11,4,34,27,7,34,34,4,30,18,6,6,1,3,4,6,6,6,2,2,6
2025,2,13,6,5,2,6,6,18,5,37,32,5,37,37,6,31,26,2,9,3,10,6,3,3,3,1,1,6
2025,2,13,7,5,2,6,1,8,2,26,21,5,26,26,1,25,12,3,5,2,4,1,4,4,4,3,1,6
2025,2,13,8,8,2,3,3,13,1,30,22,8,30,30,4,26,20,4,5,4,7,4,3,3,3,3,1,3
2025,2,13,9,4,8,4,6,13,1,35,31,4,35,35,4,31,20,1,6,3,11,4,1,1,1,6,4,4
2025,2,13,10,4,8,5,1,13,1,30,26,4,30,30,6,24,17,3,6,1,6,6,1,1,1,3,4,5
2025,2,13,11,7,8,1,1,18,3,36,29,7,36,36,5,31,22,3,9,4,7,5,6,6,6,3,4,1
2025,2,14,0,9,10,5,1,8,2,29,20,9,29,29,2,27,15,6,3,3,2,2,1,1,1,3,5,5
2025,2,14,1,9,12,1,5,13,4,38,29,9,38,38,2,36,23,5,7,4,8,2,3,3,3,5,6,1
2025,2,14,2,5,10,4,6,18,4,41,36,5,41,41,5,36,25,1,9,4,11,5,4,4,4,3,5,4
2025,2,14,3,5,10,1,1,13,6,32,27,5,32,32,1,31,18,4,11,1,6,1,3,3,3,5,5,1
2025,2,14,4,10,2,6,3,17,5,40,30,10,40,40,2,38,24,4,9,6,7,2,6,6,6,3,1,6
2025,2,14,5,7,8,3,4,12,2,38,31,7,38,38,6,32,22,6,5,1,7,6,3,3,3,6,4,3
2025,2,14,6,4,8,2,3,12,1,31,27,4,31,31,6,25,18,3,5,1,7,6,6,6,6,1,4,2
2025,2,14,7,5,6,6,5,14,1,39,34,5,39,39,6,33,20,1,4,4,8,6,4,4,4,6,3,6
2025,2,14,8,7,4,3,3,23,5,38,31,7,38,38,6,32,27,1,11,6,9,6,1,1,1,5,2,3
2025,2,14,9,6,12,1,5,18,6,35,29,6,35,35,5,30,25,2,9,4,8,5,1,1,1,2,6,1
2025,2,14,10,9,8,2,1,13,5,34,25,9,34,34,2,32,18,4,6,5,2,2,6,6,6,4,4,2
2025,2,14,11,8,12,2,5,17,2,41,33,8,41,41,5,36,24,2,6,6,9,5,5,5,5,4,6,2
2025,2,15,0,9,4,5,6,16,4,43,34,9,43,43,5,38,27,5,7,4,9,5,4,4,4,5,2,5
2025,2,15,1,7,2,4,6,16,6,39,32,7,39,39,3,36,23,1,7,6,7,3,6,6,6,5,1,4
2025,2,15,2,6,4,5,6,15,1,34,28,6,34,34,6,28,22,1,4,5,9,6,1,1,1,4,2,5
2025,2,15,3,6,4,5,3,13,3,31,25,6,31,31,4,27,21,5,8,1,8,4,1,1,1,2,2,5
2025,2,15,4,7,6,3,3,11,5,32,25,7,32,32,2,30,20,6,8,1,6,2,2,2,2,4,3,3
2025,2,15,5,6,12,6,3,16,6,43,37,6,43,43,3,40,24,5,12,1,9,3,1,1,1,6,6,6
2025,2,15,6,7,6,4,3,18,6,32,25,7,32,32,5,27,22,1,7,6,4,5,1,1,1,2,3,4
2025,2,15,7,7,2,1,2,12,4,29,22,7,29,29,4,25,20,6,7,1,5,4,2,2,2,5,1,1
2025,2,15,8,11,10,3,5,18,5,45,34,11,45,45,4,41,28,5,8,6,8,4,6,6,6,3,5,3
2025,2,15,9,8,6,3,6,17,5,42,34,8,42,42,4,38,28,5,10,3,11,4,2,2,2,6,3,3
2025,2,15,10,9,4,3,6,14,1,34,25,9,34,34,2,32,23,3,6,6,11,2,4,4,4,2,2,3
2025,2,15,11,6,2,5,4,14,6,37,31,6,37,37,3,34,21,3,8,3,6,3,6,6,6,4,1,5
2025,2,16,0,6,2,6,6,15,4,37,31,6,37,37,4,33,23,2,7,4,9,4,3,3,3,4,1,6
2025,2,16,1,10,12,3,4,14,5,41,31,10,41,41,4,37,24,6,6,4,5,4,2,2,2,6,6,3
2025,2,16,2,5,8,5,3,13,5,29,24,5,29,29,4,25,18,2,6,3,4,4,1,1,1,1,4,5
2025,2,16,3,7,6,6,3,20,5,39,32,7,39,39,5,34,24,1,9,6,7,5,5,5,5,1,3,6
2025,2,16,4,12,10,5,6,18,2,49,37,12,49,49,6,43,30,6,6,6,10,6,6,6,6,3,5,5
2025,2,16,5,10,12,4,1,14,3,38,28,10,38,38,2,36,19,4,6,6,4,2,5,5,5,4,6,4
2025,2,16,6,8,12,2,1,14,4,35,27,8,35,35,4,31,20,5,7,3,4,4,4,4,4,3,6,2
2025,2,16,7,7,6,3,1,20,6,40,33,7,40,40,6,34,26,5,12,2,7,6,6,6,6,2,3,3
2025,2,16,8,8,8,6,3,11,4,33,25,8,33,33,2,31,18,4,5,4,4,2,2,2,2,3,4,6
2025,2,16,9,10,4,5,3,8,1,27,17,10,27,27,1,26,17,6,3,4,5,1,1,1,1,2,2,5
2025,2,16,10,11,4,6,1,19,6,42,31,11,42,42,4,38,25,5,9,6,4,4,5,5,5,4,2,6
2025,2,16,11,6,10,6,1,13,5,32,26,6,32,32,4,28,17,3,6,3,2,4,1,1,1,3,5,6
2025,2,17,0,9,4,5,4,12,4,36,27,9,36,36,1,35,22,6,8,3,8,1,1,1,1,6,2,5
2025,2,17,1,9,10,4,1,9,2,34,25,9,34,34,1,33,16,6,5,3,4,1,3,3,3,6,5,4
2025,2,17,2,8,8,1,4,17,5,38,30,8,38,38,4,34,27,6,11,2,10,4,5,5,5,1,4,1
2025,2,17,3,9,4,4,2,14,3,34,25,9,34,34,1,33,20,4,8,5,7,1,2,2,2,6,2,4
2025,2,17,4,8,6,5,3,17,5,41,33,8,41,41,3,38,25,5,11,3,9,3,6,6,6,2,3,5
2025,2,17,5,7,6,5,2,15,4,36,29,7,36,36,5,31,19,2,5,5,3,5,3,3,3,6,3,5
2025,2,17,6,5,4,3,4,14,5,26,21,5,26,26,2,24,19,1,8,4,7,2,1,1,1,1,2,3
2025,2,17,7,10,2,6,1,10,1,29,19,10,29,29,1,28,17,6,5,4,5,1,4,4,4,1,1,6
2025,2,17,8,8,10,6,6,12,2,40,32,8,40,40,3,37,22,4,5,4,9,3,4,4,4,3,5,6
2025,2,17,9,5,12,1,6,17,2,39,34,5,39,39,6,33,25,2,8,3,12,6,3,3,3,4,6,1
2025,2,17,10,8,8,5,3,21,6,46,38,8,46,46,6,40,26,2,9,6,6,6,5,5,5,6,4,5
2025,2,17,11,8,10,4,5,12,2,39,31,8,39,39,2,37,23,6,8,2,11,2,5,5,5,2,5,4
2025,2,18,0,6,2,2,4,11,2,25,19,6,25,25,3,22,20,5,7,1,9,3,1,1,1,1,1,2
2025,2,18,1,11,12,3,4,13,6,39,28,11,39,39,1,38,23,6,7,5,5,1,6,6,6,1,6,3
2025,2,18,2,4,8,2,6,13,6,33,29,4,33,33,4,29,21,2,7,2,7,4,3,3,3,3,4,2
2025,2,18,3,6,8,4,2,11,1,30,24,6,30,30,5,25,15,2,2,4,3,5,5,5,5,2,4,4
2025,2,18,4,7,10,3,1,17,5,37,30,7,37,37,1,36,20,2,11,5,7,1,3,3,3,6,5,3
2025,2,18,5,8,2,6,1,13,4,32,24,8,32,32,2,30,16,2,5,6,2,2,6,6,6,3,1,6
2025,2,18,6,8,12,5,5,18,4,45,37,8,45,45,6,39,29,6,10,2,11,6,3,3,3,2,6,5
2025,2,18,7,9,2,2,3,17,2,37,28,9,37,37,3,34,23,3,8,6,9,3,6,6,6,5,1,2
2025,2,18,8,12,4,2,6,19,5,39,27,12,39,39,6,33,31,6,7,6,8,6,1,1,1,3,2,2
2025,2,18,9,6,12,3,1,13,6,33,27,6,33,33,1,32,15,1,7,5,2,1,6,6,6,3,6,3
2025,2,18,10,8,8,3,2,13,1,27,19,8,27,27,1,26,17,2,6,6,7,1,1,1,1,2,4,3
2025,2,18,11,5,8,4,6,16,5,34,29,5,34,34,6,28,24,2,7,3,8,6,1,1,1,1,4,4
2025,2,19,0,5,8,5,1,11,1,32,27,5,32,32,5,27,13,1,2,4,2,5,4,4,4,6,4,5
2025,2,19,1,8,4,3,3,9,4,31,23,8,31,31,1,30,18,6,6,2,5,1,4,4,4,4,2,3
2025,2,19,2,6,10,5,3,15,4,34,28,6,34,34,3,31,22,4,10,2,9,3,1,1,1,1,5,5
2025,2,19,3,6,8,1,2,11,1,27,21,6,27,27,3,24,18,5,7,1,8,3,2,2,2,2,4,1
2025,2,19,4,7,4,6,3,17,2,41,34,7,41,41,4,37,22,2,8,5,9,4,5,5,5,6,2,6
2025,2,19,5,8,12,3,5,15,4,42,34,8,42,42,3,39,23,3,7,5,8,3,6,6,6,4,6,3
2025,2,19,6,6,2,3,6,19,5,42,36,6,42,42,6,36,29,4,11,2,12,6,6,6,6,3,1,3
2025,2,19,7,10,10,5,1,19,5,38,28,10,38,38,5,33,25,5,9,5,5,5,2,2,2,1,5,5
2025,2,19,8,4,4,3,4,13,2,30,26,4,30,30,4,26,18,1,6,3,8,4,1,1,1,6,2,3
2025,2,19,9,7,8,3,4,17,5,39,32,7,39,39,2,37,24,3,11,4,10,2,2,2,2,6,4,3
2025,2,19,10,8,12,3,5,14,6,39,31,8,39,39,1,38,23,4,9,4,8,1,4,4,4,3,6,3
2025,2,19,11,7,4,1,1,15,6,30,23,7,30,30,2,28,22,6,12,1,7,2,2,2,2,3,2,1
2025,2,20,0,2,12,3,6,8,1,32,30,2,32,32,3,29,15,1,4,1,9,3,6,6,6,2,6,3
2025,2,20,1,5,4,4,2,12,2,31,26,5,31,31,5,26,15,1,3,4,3,5,4,4,4,6,2,4
2025,2,20,2,11,4,1,3,12,3,32,21,11,32,32,2,30,20,5,4,6,4,2,6,6,6,3,2,1
2025,2,20,3,8,4,4,6,12,2,39,31,8,39,39,5,34,23,5,4,3,8,5,4,4,4,6,2,4
2025,2,20,4,9,4,3,3,21,5,42,33,9,42,42,6,36,28,4,10,5,8,6,6,6,6,3,2,3
2025,2,20,5,12,2,6,6,20,5,45,33,12,45,45,3,42,32,6,11,6,12,3,4,4,4,2,1,6
2025,2,20,6,4,6,5,5,8,2,29,25,4,29,29,2,27,15,2,4,2,7,2,3,3,3,3,3,5
2025,2,20,7,6,4,6,4,12,1,32,26,6,32,32,6,26,20,4,4,2,7,6,2,2,2,2,2,6
2025,2,20,8,8,12,4,6,11,1,40,32,8,40,40,6,34,23,6,3,2,8,6,5,5,5,2,6,4
2025,2,20,9,10,2,5,1,13,4,31,21,10,31,31,3,28,20,6,6,4,3,3,2,2,2,3,1,5
2025,2,20,10,6,6,2,6,14,4,37,31,6,37,37,5,32,24,4,7,2,9,5,2,2,2,6,3,2
2025,2,20,11,9,4,3,5,12,3,31,22,9,31,31,2,29,22,5,6,4,8,2,1,1,1,3,2,3
2025,2,21,0,2,2,6,4,9,3,29,27,2,29,29,3,26,14,1,5,1,6,3,2,2,2,6,1,6
2025,2,21,1,9,4,6,5,13,3,38,29,9,38,38,2,36,22,4,6,5,8,2,2,2,2,6,2,6
2025,2,21,2,7,12,6,1,14,5,38,31,7,38,38,3,35,19,4,8,3,4,3,6,6,6,1,6,6
2025,2,21,3,6,10,2,6,18,5,44,38,6,44,44,6,38,28,4,10,2,11,6,4,4,4,5,5,2
2025,2,21,4,10,12,2,4,19,6,42,32,10,42,42,4,38,28,5,10,5,8,4,2,2,2,4,6,2
2025,2,21,5,6,8,2,2,19,6,34,28,6,34,34,4,30,23,2,11,4,7,4,2,2,2,3,4,2
2025,2,21,6,9,4,2,5,19,6,33,24,9,33,33,6,27,27,3,7,6,6,6,1,1,1,1,2,2
2025,2,21,7,6,8,2,1,15,2,33,27,6,33,33,6,27,21,5,8,1,7,6,2,2,2,4,4,2
2025,2,21,8,6,8,6,3,18,6,37,31,6,37,37,2,35,23,2,12,4,9,2,1,1,1,3,4,6
2025,2,21,9,12,12,3,2,17,4,40,28,12,40,40,3,37,25,6,8,6,6,3,5,5,5,1,6,3
2025,2,21,10,5,6,2,2,12,5,30,25,5,30,30,4,26,18,4,7,1,4,4,3,3,3,4,3,2
2025,2,21,11,9,10,2,1,15,3,35,26,9,35,35,6,29,20,4,4,5,2,6,3,3,3,5,5,2
2025,2,22,0,2,4,5,2,10,1,26,24,2,26,26,6,20,13,1,3,1,4,6,1,1,1,5,2,5
2025,2,22,1,9,8,6,1,12,2,33,24,9,33,33,3,30,16,3,3,6,2,3,5,5,5,2,4,6
2025,2,22,2,8,8,1,4,11,2,30,22,8,30,30,3,27,21,6,6,2,8,3,3,3,3,1,4,1
2025,2,22,3,12,4,2,6,12,1,34,22,12,34,34,3,31,24,6,3,6,8,3,4,4,4,2,2,2
2025,2,22,4,10,6,6,4,20,6,47,37,10,47,47,6,41,30,6,10,4,8,6,5,5,5,3,3,6
2025,2,22,5,7,8,1,3,16,5,36,29,7,36,36,2,34,21,2,9,5,7,2,4,4,4,6,4,1
2025,2,22,6,6,4,4,3,13,2,35,29,6,35,35,4,31,20,4,7,2,8,4,4,4,4,5,2,4
2025,2,22,7,5,2,5,3,15,3,36,31,5,36,36,6,30,20,2,6,3,6,6,4,4,4,6,1,5
2025,2,22,8,5,8,3,6,15,2,38,33,5,38,38,6,32,22,1,5,4,9,6,5,5,5,4,4,3
2025,2,22,9,5,6,4,1,9,2,28,23,5,28,28,4,24,14,4,4,1,3,4,2,2,2,5,3,4
2025,2,22,10,2,2,3,5,8,4,22,20,2,22,22,2,20,14,1,5,1,6,2,1,1,1,3,1,3
2025,2,22,11,5,8,1,1,12,5,27,22,5,27,27,2,25,15,2,7,3,3,2,5,5,5,2,4,1
2025,2,23,0,5,4,1,4,14,3,31,26,5,31,31,4,27,19,1,6,4,7,4,3,3,3,6,2,1
2025,2,23,1,5,2,4,4,16,4,36,31,5,36,36,4,32,22,2,9,3,9,4,3,3,3,6,1,4
2025,2,23,2,5,8,5,6,16,6,42,37,5,42,42,6,36,26,4,9,1,9,6,3,3,3,4,4,5
2025,2,23,3,9,12,5,6,12,3,42,33,9,42,42,4,38,23,5,4,4,7,4,6,6,6,2,6,5
2025,2,23,4,6,2,3,5,13,1,32,26,6,32,32,6,26,19,1,2,5,6,6,4,4,4,5,1,3
2025,2,23,5,7,12,2,3,17,5,37,30,7,37,37,4,33,22,2,8,5,6,4,2,2,2,5,6,2
2025,2,23,6,5,4,6,5,13,3,37,32,5,37,37,6,31,22,4,6,1,8,6,6,6,6,1,2,6
2025,2,23,7,5,10,3,4,13,5,32,27,5,32,32,3,29,21,4,9,1,8,3,2,2,2,1,5,3
2025,2,23,8,3,4,2,3,15,5,32,29,3,32,32,4,28,19,1,9,2,7,4,4,4,4,5,2,2
2025,2,23,9,5,4,5,2,10,4,31,26,5,31,31,1,30,14,2,6,3,4,1,5,5,5,5,2,5
2025,2,23,10,3,10,3,3,9,2,31,28,3,31,31,3,28,13,1,4,2,5,3,5,5,5,5,5,3
2025,2,23,11,10,4,3,4,24,6,43,33,10,43,43,6,37,32,4,12,6,10,6,5,5,5,1,2,3
2025,2,24,0,6,8,3,5,15,3,38,32,6,38,38,5,33,21,1,5,5,7,5,5,5,5,5,4,3
2025,2,24,1,6,8,6,1,15,6,33,27,6,33,33,2,31,17,1,8,5,3,2,1,1,1,5,4,6
2025,2,24,2,8,6,6,4,12,3,38,30,8,38,38,3,35,21,5,6,3,7,3,3,3,3,5,3,6
2025,2,24,3,10,2,1,5,16,4,35,25,10,35,35,3,32,25,4,7,6,8,3,4,4,4,4,1,1
2025,2,24,4,7,2,6,6,16,4,37,30,7,37,37,4,33,23,1,6,6,8,4,6,6,6,1,1,6
2025,2,24,5,2,12,3,2,10,4,30,28,2,30,30,3,27,13,1,6,1,4,3,2,2,2,6,6,3
2025,2,24,6,6,6,2,5,12,1,26,20,6,26,26,6,20,19,2,2,4,6,6,1,1,1,1,3,2
2025,2,24,7,4,12,3,6,8,5,36,32,4,36,36,1,35,17,3,6,1,7,1,4,4,4,6,6,3
2025,2,24,8,6,12,3,4,9,1,30,24,6,30,30,3,27,16,3,3,3,6,3,3,3,3,2,6,3
2025,2,24,9,7,12,4,2,17,5,34,27,7,34,34,4,30,20,1,7,6,4,4,1,1,1,3,6,4
2025,2,24,10,3,10,1,5,14,5,34,31,3,34,34,5,29,20,1,7,2,7,5,5,5,5,3,5,1
2025,2,24,11,8,10,1,5,11,1,32,24,8,32,32,1,31,19,3,5,5,9,1,4,4,4,3,5,1
2025,2,25,0,6,12,4,4,23,6,44,38,6,44,44,6,38,28,1,12,5,10,6,1,1,1,5,6,4
2025,2,25,1,9,4,2,6,17,4,42,33,9,42,42,5,37,29,6,9,3,11,5,4,4,4,5,2,2
2025,2,25,2,7,2,2,1,10,5,26,19,7,26,26,1,25,16,5,7,2,3,1,1,1,1,6,1,2
2025,2,25,3,9,4,6,4,16,4,39,30,9,39,39,3,36,25,5,9,4,9,3,5,5,5,1,2,6
2025,2,25,4,6,6,4,1,13,3,31,25,6,31,31,5,26,18,4,6,2,4,5,5,5,5,1,3,4
2025,2,25,5,3,4,2,2,11,2,22,19,3,22,22,3,19,15,2,7,1,7,3,2,2,2,1,2,2
2025,2,25,6,6,4,3,5,17,6,37,31,6,37,37,4,33,23,1,8,5,7,4,4,4,4,5,2,3
2025,2,25,7,4,4,5,3,11,6,29,25,4,29,29,1,28,17,3,9,1,6,1,2,2,2,3,2,5
2025,2,25,8,5,4,5,2,16,5,35,30,5,35,35,4,31,20,2,9,3,6,4,3,3,3,5,2,5
2025,2,25,9,7,8,3,5,20,4,41,34,7,41,41,6,35,27,2,9,5,10,6,1,1,1,6,4,3
2025,2,25,10,9,2,6,2,16,6,39,30,9,39,39,5,34,24,6,8,3,4,5,3,3,3,5,1,6
2025,2,25,11,5,10,4,1,11,5,27,22,5,27,27,3,24,16,4,7,1,3,3,1,1,1,1,5,4
2025,2,26,0,10,10,3,6,12,5,35,25,10,35,35,1,34,23,5,6,5,7,1,3,3,3,1,5,3
2025,2,26,1,9,8,2,5,11,3,35,26,9,35,35,1,34,20,4,5,5,7,1,3,3,3,6,4,2
2025,2,26,2,7,12,3,5,15,4,37,30,7,37,37,5,32,23,3,6,4,7,5,1,1,1,4,6,3
2025,2,26,3,8,2,1,5,13,3,28,20,8,28,28,3,25,22,4,6,4,8,3,2,2,2,2,1,1
2025,2,26,4,7,4,4,1,12,6,34,27,7,34,34,1,33,17,4,8,3,3,1,5,5,5,6,2,4
2025,2,26,5,7,4,2,5,10,4,28,21,7,28,28,1,27,18,3,5,4,6,1,2,2,2,4,2,2
2025,2,26,6,4,10,3,2,16,5,31,27,4,31,31,4,27,19,1,9,3,6,4,1,1,1,3,5,3
2025,2,26,7,9,4,6,5,15,3,42,33,9,42,42,5,37,26,6,7,3,9,5,3,3,3,5,2,6
2025,2,26,8,8,12,3,5,8,2,37,29,8,37,37,2,35,19,6,4,2,7,2,6,6,6,3,6,3
2025,2,26,9,4,8,6,1,13,2,33,29,4,33,33,3,30,15,1,7,3,6,3,4,4,4,4,4,6
2025,2,26,10,8,6,6,1,16,5,41,33,8,41,41,3,38,21,4,9,4,5,3,6,6,6,5,3,6
2025,2,26,11,9,2,5,5,10,2,32,23,9,32,32,3,29,20,5,3,4,6,3,1,1,1,5,1,5
2025,2,27,0,5,4,5,4,17,6,35,30,5,35,35,3,32,22,1,10,4,8,3,3,3,3,3,2,5
2025,2,27,1,11,12,5,5,15,2,44,33,11,44,44,4,40,25,5,5,6,8,4,2,2,2,6,6,5
2025,2,27,2,7,10,4,3,14,4,33,26,7,33,33,3,30,21,4,8,3,7,3,2,2,2,1,5,4
2025,2,27,3,8,8,1,6,9,2,29,21,8,29,29,1,28,20,5,5,3,9,1,1,1,1,3,4,1
2025,2,27,4,11,6,1,5,19,4,38,27,11,38,38,5,33,29,5,8,6,9,5,1,1,1,4,3,1
2025,2,27,5,6,12,5,4,9,1,36,30,6,36,36,4,32,17,4,3,2,6,4,6,6,6,2,6,5
2025,2,27,6,8,4,6,4,19,6,44,36,8,44,44,6,38,29,6,11,2,9,6,6,6,6,1,2,6
2025,2,27,7,5,6,2,6,17,3,34,29,5,34,34,6,28,24,1,7,4,10,6,1,1,1,4,3,2
2025,2,27,8,10,8,4,2,15,4,38,28,10,38,38,1,37,23,6,10,4,8,1,6,6,6,1,4,4
2025,2,27,9,5,6,5,5,10,6,34,29,5,34,34,1,33,19,4,8,1,7,1,3,3,3,4,3,5
2025,2,27,10,6,6,5,4,14,4,40,34,6,40,40,6,34,22,4,6,2,6,6,4,4,4,6,3,5
2025,2,27,11,7,12,1,3,13,5,39,32,7,39,39,1,38,20,4,9,3,7,1,6,6,6,6,6,1
2025,2,28,0,6,8,4,6,13,4,31,25,6,31,31,2,29,21,2,7,4,9,2,1,1,1,1,4,4
2025,2,28,1,7,8,4,6,14,4,38,31,7,38,38,5,33,23,3,5,4,7,5,4,4,4,3,4,4
2025,2,28,2,6,8,1,3,14,6,36,30,6,36,36,4,32,22,5,9,1,6,4,3,3,3,6,4,1
2025,2,28,3,8,12,6,3,12,6,44,36,8,44,44,2,42,21,6,8,2,5,2,5,5,5,6,6,6
2025,2,28,4,6,6,3,3,15,6,34,28,6,34,34,4,30,23,5,10,1,7,4,2,2,2,3,3,3
2025,2,28,5,9,12,6,4,14,4,45,36,9,45,45,3,42,23,5,7,4,7,3,5,5,5,5,6,6
2025,2,28,6,7,6,6,1,12,2,32,25,7,32,32,2,30,18,5,8,2,7,2,1,1,1,4,3,6
2025,2,28,7,6,4,1,4,13,1,35,29,6,35,35,6,29,22,5,6,1,9,6,5,5,5,5,2,1
2025,2,28,8,5,8,5,4,16,6,39,34,5,39,39,3,36,24,4,12,1,10,3,1,1,1,5,4,5
2025,2,28,9,9,10,2,1,11,2,31,22,9,31,31,4,27,17,5,3,4,2,4,4,4,4,3,5,2
2025,2,28,10,10,8,6,5,16,6,43,33,10,43,43,3,40,27,6,9,4,8,3,5,5,5,1,4,6
2025,2,28,11,3,10,5,4,11,5,35,32,3,35,35,3,32,17,2,7,1,6,3,5,5,5,3,5,5
2025,3,1,0,4,8,1,1,15,6,28,24,4,28,28,2,26,17,1,10,3,5,2,1,1,1,5,4,1
2025,3,1,1,8,6,2,4,14,6,37,29,8,37,37,4,33,23,5,7,3,5,4,6,6,6,3,3,2
2025,3,1,2,6,10,4,6,11,1,38,32,6,38,38,3,35,20,3,5,3,10,3,6,6,6,3,5,4
2025,3,1,3,9,4,4,5,16,4,41,32,9,41,41,6,35,25,4,5,5,6,6,5,5,5,5,2,4
2025,3,1,4,10,2,1,1,11,3,25,15,10,25,25,3,22,18,6,4,4,2,3,4,4,4,1,1,1
2025,3,1,5,4,10,3,2,17,4,35,31,4,35,35,6,29,21,2,9,2,7,6,3,3,3,3,5,3
2025,3,1,6,7,12,3,4,14,3,36,29,7,36,36,2,34,19,1,6,6,7,2,3,3,3,5,6,3
2025,3,1,7,9,12,1,5,13,4,36,27,9,36,36,3,33,24,6,7,3,8,3,3,3,3,2,6,1
2025,3,1,8,8,12,2,3,14,3,34,26,8,34,34,2,32,20,3,7,5,7,2,2,2,2,4,6,2
2025,3,1,9,8,2,3,2,17,5,37,29,8,37,37,1,36,21,2,10,6,7,1,6,6,6,6,1,3
2025,3,1,10,5,4,3,4,11,1,28,23,5,28,28,2,26,18,3,7,2,10,2,1,1,1,4,2,3
2025,3,1,11,8,6,2,5,14,4,33,25,8,33,33,2,31,22,3,7,5,8,2,2,2,2,4,3,2
2025,3,2,0,8,10,3,6,10,1,34,26,8,34,34,5,29,22,6,3,2,8,5,2,2,2,2,5,3
2025,3,2,1,5,10,5,2,9,3,32,27,5,32,32,3,29,14,3,4,2,3,3,4,4,4,4,5,5
2025,3,2,2,7,2,3,1,19,6,28,21,7,28,28,5,23,21,1,8,6,3,5,1,1,1,2,1,3
2025,3,2,3,6,12,4,4,11,1,37,31,6,37,37,5,32,19,4,4,2,7,5,4,4,4,4,6,4
2025,3,2,4,3,2,6,5,12,3,35,32,3,35,35,5,30,18,1,5,2,7,5,5,5,5,5,1,6
2025,3,2,5,8,2,2,4,11,1,29,21,8,29,29,2,27,17,2,3,6,6,2,3,3,3,6,1,2
2025,3,2,6,3,8,2,1,13,4,32,29,3,32,32,6,26,16,2,6,1,3,6,5,5,5,5,4,2
2025,3,2,7,5,6,6,2,13,5,38,33,5,38,38,4,34,17,2,6,3,3,4,6,6,6,6,3,6
2025,3,2,8,7,8,2,1,15,5,36,29,7,36,36,3,33,21,5,10,2,6,3,3,3,3,6,4,2
2025,3,2,9,8,8,4,1,12,4,35,27,8,35,35,4,31,19,6,6,2,3,4,6,6,6,2,4,4
2025,3,2,10,8,8,1,2,18,5,33,25,8,33,33,5,28,26,6,11,2,8,5,1,1,1,1,4,1
2025,3,2,11,12,10,3,4,15,3,41,29,12,41,41,3,38,25,6,6,6,7,3,2,2,2,6,5,3
2025,3,3,0,7,6,4,1,13,3,33,26,7,33,33,2,31,19,5,9,2,7,2,5,5,5,2,3,4
2025,3,3,1,3,6,5,6,14,2,34,31,3,34,34,5,29,22,2,8,1,12,5,2,2,2,2,3,5
2025,3,3,2,3,10,5,6,14,5,41,38,3,41,41,6,35,22,2,7,1,8,6,5,5,5,4,5,5
2025,3,3,3,6,4,6,3,16,4,35,29,6,35,35,4,31,20,1,7,5,6,4,5,5,5,2,2,6
2025,3,3,4,7,10,1,5,16,2,42,35,7,42,42,6,36,24,3,6,4,9,6,6,6,6,6,5,1
2025,3,3,5,9,6,1,5,14,4,35,26,9,35,35,3,32,25,6,8,3,9,3,5,5,5,1,3,1
2025,3,3,6,5,6,3,4,13,6,33,28,5,33,33,1,32,19,2,9,3,7,1,6,6,6,2,3,3
2025,3,3,7,9,12,3,5,19,4,44,35,9,44,44,4,40,28,4,10,5,11,4,1,1,1,6,6,3
2025,3,3,8,6,4,6,6,14,5,36,30,6,36,36,2,34,23,3,9,3,10,2,1,1,1,4,2,6
2025,3,3,9,10,12,4,2,16,6,40,30,10,40,40,1,39,24,6,11,4,7,1,2,2,2,4,6,4
2025,3,3,10,7,6,2,2,19,3,35,28,7,35,35,6,29,23,2,8,5,7,6,2,2,2,5,3,2
2025,3,3,11,8,4,5,1,16,4,35,27,8,35,35,2,33,21,4,10,4,7,2,2,2,2,5,2,5
2025,3,4,0,7,6,2,4,14,4,34,27,7,34,34,2,32,20,2,7,5,7,2,6,6,6,3,3,2
2025,3,4,1,8,12,6,4,10,1,38,30,8,38,38,6,32,20,6,2,2,5,6,5,5,5,1,6,6
2025,3,4,2,8,12,5,1,12,3,38,30,8,38,38,1,37,19,6,9,2,7,1,6,6,6,2,6,5
2025,3,4,3,9,2,6,2,15,6,40,31,9,40,40,2,38,23,6,10,3,6,2,4,4,4,6,1,6
2025,3,4,4,11,2,4,4,14,6,35,24,11,35,35,1,34,24,6,8,5,6,1,3,3,3,3,1,4
2025,3,4,5,5,2,5,4,14,5,31,26,5,31,31,3,28,20,2,8,3,7,3,3,3,3,2,1,5
2025,3,4,6,8,2,5,6,21,6,41,33,8,41,41,4,37,30,3,12,5,12,4,3,3,3,2,1,5
2025,3,4,7,8,12,6,4,12,5,42,34,8,42,42,1,41,19,3,6,5,5,1,6,6,6,5,6,6
2025,3,4,8,7,4,3,6,17,6,39,32,7,39,39,5,34,25,2,7,5,7,5,3,3,3,6,2,3
2025,3,4,9,10,4,6,4,10,1,37,27,10,37,37,3,34,20,6,3,4,6,3,3,3,3,6,2,6
2025,3,4,10,7,6,6,5,13,2,36,29,7,36,36,5,31,22,4,5,3,8,5,3,3,3,2,3,6
2025,3,4,11,4,4,5,1,11,3,26,22,4,26,26,1,25,13,1,7,3,5,1,2,2,2,4,2,5
2025,3,5,0,10,10,2,1,13,4,34,24,10,34,34,2,32,20,6,7,4,4,2,6,6,6,1,5,2
2025,3,5,1,5,10,4,4,13,4,35,30,5,35,35,1,34,19,2,9,3,9,1,1,1,1,6,5,4
2025,3,5,2,6,2,4,4,15,5,30,24,6,30,30,4,26,21,2,7,4,6,4,1,1,1,3,1,4
2025,3,5,3,10,6,3,5,17,6,38,28,10,38,38,1,37,26,4,10,6,9,1,2,2,2,4,3,3
2025,3,5,4,6,2,2,2,13,1,25,19,6,25,25,6,19,16,1,2,5,3,6,2,2,2,4,1,2
2025,3,5,5,3,4,6,1,12,5,30,27,3,30,30,2,28,15,2,9,1,5,2,2,2,2,5,2,6
2025,3,5,6,4,2,3,3,6,2,21,17,4,21,21,1,20,12,3,4,1,5,1,4,4,4,1,1,3
2025,3,5,7,7,10,6,2,15,2,39,32,7,39,39,3,36,20,3,8,4,8,3,6,6,6,2,5,6
2025,3,5,8,5,12,1,3,12,4,37,32,5,37,37,4,33,18,3,6,2,5,4,6,6,6,6,6,1
2025,3,5,9,10,10,3,1,14,3,32,22,10,32,32,4,28,19,4,4,6,2,4,1,1,1,4,5,3
2025,3,5,10,11,10,4,6,17,2,44,33,11,44,44,4,40,29,6,8,5,12,4,2,2,2,4,5,4
2025,3,5,11,6,2,2,5,10,1,28,22,6,28,28,4,24,20,5,5,1,9,4,4,4,4,1,1,2
2025,3,6,0,6,12,1,5,9,2,32,26,6,32,32,4,28,19,5,4,1,7,4,3,3,3,3,6,1
2025,3,6,1,10,10,2,5,19,3,43,33,10,43,43,5,38,28,4,8,6,10,5,5,5,5,3,5,2
2025,3,6,2,5,2,5,5,9,1,25,20,5,25,25,1,24,17,3,6,2,10,1,1,1,1,1,1,5
2025,3,6,3,5,12,1,5,22,6,41,36,5,41,41,6,35,28,1,12,4,11,6,1,1,1,5,6,1
2025,3,6,4,7,6,5,1,20,6,41,34,7,41,41,5,36,23,2,10,5,5,5,6,6,6,4,3,5
2025,3,6,5,7,8,3,5,15,4,41,34,7,41,41,5,36,26,6,9,1,10,5,3,3,3,5,4,3
2025,3,6,6,9,2,1,4,15,2,37,28,9,37,37,4,33,24,5,7,4,9,4,5,5,5,6,1,1
2025,3,6,7,2,12,2,5,13,4,34,32,2,34,34,4,30,19,1,8,1,9,4,3,3,3,4,6,2
2025,3,6,8,9,4,5,3,13,2,36,27,9,36,36,3,33,21,5,6,4,7,3,5,5,5,3,2,5
2025,3,6,9,5,2,6,1,10,3,26,21,5,26,26,3,23,14,3,5,2,3,3,2,2,2,3,1,6
2025,3,6,10,7,6,4,4,15,3,40,33,7,40,40,5,35,25,6,9,1,10,5,3,3,3,5,3,4
2025,3,6,11,8,2,2,2,15,6,33,25,8,33,33,5,28,22,5,7,3,3,5,5,5,5,3,1,2
2025,3,7,0,7,10,3,4,8,2,28,21,7,28,28,3,25,17,5,3,2,5,3,1,1,1,2,5,3
2025,3,7,1,5,2,6,1,10,2,26,21,5,26,26,3,23,12,1,3,4,2,3,5,5,5,2,1,6
2025,3,7,2,10,10,4,2,12,4,39,29,10,39,39,3,36,20,6,5,4,3,3,5,5,5,5,5,4
2025,3,7,3,11,2,4,4,10,1,27,16,11,27,27,1,26,19,5,3,6,6,1,2,2,2,1,1,4
2025,3,7,4,7,2,4,4,8,1,29,22,7,29,29,1,28,15,3,3,4,6,1,4,4,4,5,1,4
2025,3,7,5,6,12,3,2,11,2,33,27,6,33,33,1,32,16,3,7,3,7,1,3,3,3,5,6,3
2025,3,7,6,11,12,3,1,16,3,36,25,11,36,36,3,33,22,5,7,6,5,3,3,3,3,2,6,3
2025,3,7,7,4,12,4,4,14,3,34,30,4,34,34,2,32,19,1,9,3,10,2,3,3,3,2,6,4
2025,3,7,8,8,10,4,4,11,3,36,28,8,36,36,3,33,19,4,4,4,5,3,4,4,4,4,5,4
2025,3,7,9,6,2,5,4,14,2,32,26,6,32,32,3,29,20,2,7,4,9,3,3,3,3,3,1,5
2025,3,7,10,4,8,2,2,13,2,31,27,4,31,31,5,26,17,2,6,2,6,5,6,6,6,2,4,2
2025,3,7,11,8,4,3,6,12,1,34,26,8,34,34,6,28,22,4,2,4,7,6,3,3,3,4,2,3
2025,3,8,0,5,12,5,6,11,3,36,31,5,36,36,2,34,21,4,8,1,11,2,3,3,3,1,6,5
2025,3,8,1,7,2,5,4,7,1,28,21,7,28,28,2,26,16,5,3,2,6,2,3,3,3,3,1,5
2025,3,8,2,4,12,4,5,13,2,35,31,4,35,35,5,30,21,3,7,1,10,5,3,3,3,1,6,4
2025,3,8,3,9,6,2,1,10,1,27,18,9,27,27,1,26,15,4,4,5,4,1,5,5,5,2,3,2
2025,3,8,4,6,10,5,2,11,5,37,31,6,37,37,3,34,18,5,7,1,4,3,4,4,4,5,5,5
2025,3,8,5,9,6,5,2,17,4,41,32,9,41,41,6,35,22,3,5,6,3,6,6,6,6,5,3,5
2025,3,8,6,6,10,6,5,12,6,36,30,6,36,36,2,34,21,4,8,2,7,2,3,3,3,1,5,6
2025,3,8,7,6,10,2,4,9,5,28,22,6,28,28,1,27,18,5,7,1,6,1,2,2,2,1,5,2
2025,3,8,8,4,8,2,1,12,3,28,24,4,28,28,2,26,14,1,7,3,5,2,2,2,2,6,4,2
2025,3,8,9,6,12,6,2,20,4,45,39,6,45,45,6,39,24,2,10,4,8,6,5,5,5,4,6,6
2025,3,8,10,10,2,6,3,14,4,38,28,10,38,38,4,34,22,5,5,5,4,4,5,5,5,4,1,6
2025,3,8,11,7,10,5,2,20,5,40,33,7,40,40,5,35,23,1,9,6,6,5,6,6,6,1,5,5
2025,3,9,0,7,12,3,3,15,3,44,37,7,44,44,6,38,24,6,8,1,8,6,5,5,5,6,6,3
2025,3,9,1,11,10,4,4,13,1,36,25,11,36,36,4,32,23,6,4,5,7,4,3,3,3,1,5,4
2025,3,9,2,2,2,4,2,14,3,34,32,2,34,34,5,29,17,1,8,1,7,5,6,6,6,6,1,4
2025,3,9,3,6,8,2,3,15,3,36,30,6,36,36,5,31,22,4,8,2,8,5,5,5,5,3,4,2
2025,3,9,4,12,12,2,6,14,2,39,27,12,39,39,5,34,26,6,3,6,7,5,1,1,1,4,6,2
2025,3,9,5,5,6,5,2,11,2,35,30,5,35,35,5,30,17,4,5,1,5,5,4,4,4,6,3,5
2025,3,9,6,9,8,1,1,15,4,29,20,9,29,29,5,24,21,5,6,4,3,5,1,1,1,2,4,1
2025,3,9,7,6,6,5,6,7,1,30,24,6,30,30,1,29,17,4,4,2,9,1,2,2,2,3,3,5
2025,3,9,8,8,8,5,4,18,6,43,35,8,43,43,2,41,26,4,12,4,10,2,5,5,5,3,4,5
2025,3,9,9,3,12,5,3,13,4,32,29,3,32,32,4,28,17,1,7,2,6,4,3,3,3,1,6,5
2025,3,9,10,9,2,1,3,16,3,30,21,9,30,30,4,26,22,3,6,6,6,4,4,4,4,2,1,1
2025,3,9,11,8,4,2,1,17,3,31,23,8,31,31,5,26,22,4,8,4,6,5,1,1,1,4,2,2
2025,3,10,0,10,6,1,1,15,1,35,25,10,35,35,4,31,20,4,5,6,5,4,5,5,5,6,3,1
2025,3,10,1,5,6,3,2,10,3,25,20,5,25,25,1,24,14,2,6,3,5,1,2,2,2,3,3,3
2025,3,10,2,2,6,2,1,8,2,20,18,2,20,20,1,19,10,1,6,1,5,1,2,2,2,3,3,2
2025,3,10,3,5,8,2,4,9,1,27,22,5,27,27,3,24,14,1,2,4,5,3,4,4,4,3,4,2
2025,3,10,4,11,6,3,2,14,4,33,22,11,33,33,1,32,22,6,8,5,6,1,3,3,3,2,3,3
2025,3,10,5,6,10,3,1,16,4,35,29,6,35,35,5,30,20,3,8,3,5,5,5,5,5,2,5,3
2025,3,10,6,5,4,4,3,12,4,31,26,5,31,31,5,26,19,4,6,1,5,5,1,1,1,5,2,4
2025,3,10,7,10,2,4,1,13,1,29,19,10,29,29,1,28,18,4,6,6,6,1,2,2,2,4,1,4
2025,3,10,8,3,2,5,2,14,5,30,27,3,30,30,2,28,17,1,10,2,7,2,6,6,6,1,1,5
2025,3,10,9,6,12,2,2,10,1,35,29,6,35,35,6,29,17,5,3,1,4,6,5,5,5,5,6,2
2025,3,10,10,5,4,2,5,13,6,34,29,5,34,34,2,32,21,3,9,2,8,2,5,5,5,4,2,2
2025,3,10,11,3,12,4,6,18,5,44,41,3,44,44,5,39,25,1,11,2,12,5,4,4,4,5,6,4
2025,3,11,0,7,8,1,2,20,6,38,31,7,38,38,5,33,26,4,12,3,8,5,6,6,6,1,4,1
2025,3,11,1,6,8,6,6,13,3,41,35,6,41,41,4,37,22,3,6,3,9,4,4,4,4,5,4,6
2025,3,11,2,12,8,3,5,16,1,37,25,12,37,37,4,33,27,6,6,6,10,4,1,1,1,2,4,3
2025,3,11,3,5,4,4,5,11,1,35,30,5,35,35,2,33,18,2,6,3,10,2,5,5,5,6,2,4
2025,3,11,4,7,8,5,2,13,2,36,29,7,36,36,6,30,21,6,6,1,6,6,5,5,5,1,4,5
2025,3,11,5,7,4,2,4,8,1,32,25,7,32,32,1,31,18,6,6,1,9,1,6,6,6,4,2,2
2025,3,11,6,5,10,3,4,12,2,33,28,5,33,33,5,28,18,2,4,3,6,5,3,3,3,4,5,3
2025,3,11,7,4,8,3,4,16,5,38,34,4,38,38,5,33,21,1,8,3,7,5,5,5,5,5,4,3
2025,3,11,8,5,12,3,4,10,3,34,29,5,34,34,3,31,17,3,5,2,6,3,5,5,5,3,6,3
2025,3,11,9,10,8,6,5,16,3,40,30,10,40,40,3,37,27,6,9,4,11,3,1,1,1,2,4,6
2025,3,11,10,8,6,1,6,17,5,37,29,8,37,37,5,32,27,4,8,4,9,5,5,5,5,1,3,1
2025,3,11,11,7,4,1,5,23,6,43,36,7,43,43,6,37,29,1,11,6,10,6,5,5,5,6,2,1
2025,3,12,0,4,4,6,4,14,2,32,28,4,32,32,6,26,20,2,6,2,8,6,2,2,2,2,2,6
2025,3,12,1,6,4,6,5,16,6,39,33,6,39,39,5,34,25,4,9,2,8,5,3,3,3,3,2,6
2025,3,12,2,3,4,1,5,7,4,21,18,3,21,21,1,20,14,2,5,1,6,1,3,3,3,1,2,1
2025,3,12,3,7,12,4,6,11,4,36,29,7,36,36,5,31,23,6,5,1,7,5,2,2,2,1,6,4
2025,3,12,4,6,12,4,6,15,6,44,38,6,44,44,4,40,26,5,10,1,10,4,3,3,3,5,6,4
2025,3,12,5,10,12,4,5,22,6,47,37,10,47,47,5,42,31,4,11,6,10,5,4,4,4,2,6,4
2025,3,12,6,7,10,2,2,14,5,33,26,7,33,33,1,32,19,3,9,4,6,1,2,2,2,5,5,2
2025,3,12,7,8,2,6,2,21,6,39,31,8,39,39,6,33,26,3,10,5,6,6,5,5,5,1,1,6
2025,3,12,8,2,6,2,1,11,1,22,20,2,22,22,5,17,13,1,5,1,5,5,2,2,2,2,3,2
2025,3,12,9,6,6,5,2,18,5,34,28,6,34,34,3,31,22,2,11,4,8,3,2,2,2,2,3,5
2025,3,12,10,11,8,6,1,21,5,48,37,11,48,48,5,43,28,6,11,5,7,5,5,5,5,5,4,6
2025,3,12,11,6,4,3,3,13,6,36,30,6,36,36,3,33,21,5,9,1,6,3,6,6,6,4,2,3
2025,3,13,0,4,12,4,6,16,4,41,37,4,41,41,5,36,24,2,9,2,11,5,5,5,5,2,6,4
2025,3,13,1,8,4,4,6,13,1,40,32,8,40,40,4,36,24,5,6,3,11,4,6,6,6,4,2,4
2025,3,13,2,8,2,1,4,14,6,30,22,8,30,30,3,27,23,5,8,3,6,3,1,1,1,4,1,1
2025,3,13,3,10,10,4,5,10,1,36,26,10,36,36,2,34,20,5,3,5,7,2,6,6,6,1,5,4
2025,3,13,4,9,10,6,1,14,3,37,28,9,37,37,1,36,18,3,7,6,5,1,5,5,5,3,5,6
2025,3,13,5,12,10,4,5,17,3,46,34,12,46,46,2,44,28,6,9,6,11,2,5,5,5,4,5,4
2025,3,13,6,9,4,6,3,12,2,34,25,9,34,34,6,28,21,6,3,3,4,6,1,1,1,4,2,6
2025,3,13,7,6,10,6,1,8,2,31,25,6,31,31,2,29,12,3,3,3,2,2,2,2,2,6,5,6
2025,3,13,8,6,4,5,2,11,6,32,26,6,32,32,2,30,18,5,8,1,4,2,3,3,3,4,2,5
2025,3,13,9,8,10,5,1,16,3,37,29,8,37,37,4,33,19,2,6,6,4,4,6,6,6,2,5,5
2025,3,13,10,9,12,5,2,13,2,34,25,9,34,34,1,33,20,5,8,4,8,1,2,2,2,1,6,5
2025,3,13,11,9,4,2,1,13,2,30,21,9,30,30,2,28,18,4,6,5,5,2,3,3,3,5,2,2
2025,3,14,0,7,12,5,3,10,3,37,30,7,37,37,2,35,19,6,7,1,7,2,6,6,6,1,6,5
2025,3,14,1,7,12,6,6,11,4,39,32,7,39,39,5,34,23,6,5,1,7,5,2,2,2,2,6,6
2025,3,14,2,7,10,3,5,13,1,44,37,7,44,44,5,39,24,6,7,1,11,5,6,6,6,6,5,3
2025,3,14,3,6,4,2,6,13,4,31,25,6,31,31,3,28,23,4,8,2,10,3,1,1,1,3,2,2
2025,3,14,4,6,10,6,6,9,3,37,31,6,37,37,1,36,18,3,5,3,8,1,3,3,3,5,5,6
2025,3,14,5,8,6,1,1,16,6,31,23,8,31,31,4,27,22,5,9,3,4,4,2,2,2,3,3,1
2025,3,14,6,9,10,1,4,17,6,38,29,9,38,38,3,35,26,5,10,4,8,3,5,5,5,1,5,1
2025,3,14,7,5,2,2,4,16,4,34,29,5,34,34,6,28,21,1,6,4,6,6,4,4,4,6,1,2
2025,3,14,8,7,2,1,4,20,6,35,28,7,35,35,6,29,25,1,8,6,6,6,2,2,2,6,1,1
2025,3,14,9,11,6,2,2,15,6,35,24,11,35,35,2,33,23,6,8,5,4,2,1,1,1,6,3,2
2025,3,14,10,10,10,1,2,10,2,31,21,10,31,31,2,29,17,5,3,5,3,2,4,4,4,4,5,1
2025,3,14,11,6,12,5,2,19,5,39,33,6,39,39,5,34,22,1,9,5,6,5,3,3,3,3,6,5
2025,3,15,0,9,10,1,3,20,6,45,36,9,45,45,4,41,28,5,12,4,9,4,6,6,6,5,5,1
2025,3,15,1,7,8,4,4,13,4,29,22,7,29,29,2,27,19,2,6,5,6,2,1,1,1,1,4,4
2025,3,15,2,4,8,3,5,14,3,35,31,4,35,35,3,32,21,2,9,2,11,3,2,2,2,5,4,3
2025,3,15,3,6,4,2,5,16,3,31,25,6,31,31,3,28,22,1,8,5,10,3,3,3,3,2,2,2
2025,3,15,4,9,8,2,6,12,1,38,29,9,38,38,6,32,23,5,2,4,7,6,5,5,5,4,4,2
2025,3,15,5,6,12,4,6,13,2,40,34,6,40,40,6,34,21,2,3,4,7,6,4,4,4,5,6,4
2025,3,15,6,3,12,4,1,9,1,33,30,3,33,33,4,29,12,2,4,1,4,4,6,6,6,5,6,4
2025,3,15,7,5,10,5,2,10,2,32,27,5,32,32,4,28,14,2,3,3,3,4,5,5,5,3,5,5
2025,3,15,8,4,2,5,3,10,1,29,25,4,29,29,4,25,16,3,5,1,7,4,4,4,4,3,1,5
2025,3,15,9,8,12,4,2,12,1,35,27,8,35,35,4,31,20,6,6,2,7,4,2,2,2,3,6,4
2025,3,15,10,6,12,6,6,9,1,38,32,6,38,38,3,35,18,3,3,3,8,3,3,3,3,5,6,6
2025,3,15,11,4,4,4,5,9,1,29,25,4,29,29,5,24,17,3,3,1,7,5,1,1,1,5,2,4
2025,3,16,0,9,4,4,4,14,1,40,31,9,40,40,4,36,24,6,7,3,10,4,6,6,6,4,2,4
2025,3,16,1,7,4,1,1,15,4,27,20,7,27,27,5,22,21,5,8,2,5,5,2,2,2,1,2,1
2025,3,16,2,9,2,2,6,8,3,34,25,9,34,34,1,33,20,6,4,3,7,1,6,6,6,5,1,2
2025,3,16,3,7,12,6,1,11,3,40,33,7,40,40,5,35,17,5,4,2,2,5,5,5,5,6,6,6
2025,3,16,4,4,12,3,5,15,4,39,35,4,39,39,6,33,23,3,8,1,9,6,3,3,3,4,6,3
2025,3,16,5,4,6,1,5,18,4,36,32,4,36,36,5,31,24,1,10,3,11,5,2,2,2,6,3,1
2025,3,16,6,10,12,1,6,18,1,41,31,10,41,41,6,35,28,4,6,6,11,6,5,5,5,1,6,1
2025,3,16,7,7,10,6,5,15,5,37,30,7,37,37,2,35,21,1,7,6,7,2,1,1,1,4,5,6
2025,3,16,8,12,12,1,3,9,1,30,18,12,30,30,1,29,18,6,2,6,4,1,1,1,1,4,6,1
2025,3,16,9,5,6,6,2,10,3,32,27,5,32,32,2,30,16,4,7,1,6,2,1,1,1,6,3,6
2025,3,16,10,9,4,1,2,15,3,32,23,9,32,32,4,28,22,5,7,4,6,4,5,5,5,2,2,1
2025,3,16,11,4,2,5,5,7,1,27,23,4,27,27,2,25,14,2,3,2,7,2,4,4,4,3,1,5
2025,3,17,0,2,4,6,4,10,3,29,27,2,29,29,1,28,15,1,8,1,9,1,3,3,3,3,2,6
2025,3,17,1,7,4,6,2,18,6,40,33,7,40,40,2,38,23,3,12,4,8,2,5,5,5,4,2,6
2025,3,17,2,4,4,3,5,15,4,34,30,4,34,34,4,30,23,3,10,1,11,4,1,1,1,5,2,3
2025,3,17,3,11,10,5,4,15,1,42,31,11,42,42,3,39,24,5,6,6,9,3,2,2,2,6,5,5
2025,3,17,4,8,4,2,5,18,6,36,28,8,36,36,1,35,26,3,12,5,11,1,3,3,3,3,2,2
2025,3,17,5,7,6,5,4,6,1,32,25,7,32,32,2,30,15,5,2,2,5,2,5,5,5,4,3,5
2025,3,17,6,6,6,2,2,17,2,34,28,6,34,34,5,29,21,2,8,4,8,5,4,4,4,4,3,2
2025,3,17,7,7,8,3,5,20,6,36,29,7,36,36,4,32,26,1,10,6,9,4,1,1,1,2,4,3
2025,3,17,8,7,2,2,6,15,3,35,28,7,35,35,6,29,25,4,6,3,9,6,2,2,2,5,1,2
2025,3,17,9,5,12,4,1,16,5,32,27,5,32,32,4,28,19,2,9,3,5,4,2,2,2,1,6,4
2025,3,17,10,11,6,5,5,14,3,42,31,11,42,42,1,41,25,6,8,5,10,1,6,6,6,3,3,5
2025,3,17,11,5,10,3,4,15,5,37,32,5,37,37,4,33,20,1,7,4,6,4,6,6,6,3,5,3
2025,3,18,0,4,8,6,4,10,1,34,30,4,34,34,3,31,17,3,6,1,9,3,4,4,4,3,4,6
2025,3,18,1,7,10,6,6,13,2,42,35,7,42,42,3,39,24,5,8,2,12,3,3,3,3,4,5,6
2025,3,18,2,6,8,1,6,16,6,41,35,6,41,41,3,38,27,5,12,1,12,3,6,6,6,3,4,1
2025,3,18,3,11,8,5,6,17,5,40,29,11,40,40,2,38,28,5,9,6,10,2,2,2,2,1,4,5
2025,3,18,4,3,12,6,4,15,6,37,34,3,37,37,2,35,20,1,11,2,9,2,2,2,2,3,6,6
2025,3,18,5,6,8,6,5,11,3,34,28,6,34,34,4,30,19,3,4,3,6,4,2,2,2,3,4,6
2025,3,18,6,4,8,2,3,16,6,34,30,4,34,34,1,33,20,1,12,3,9,1,2,2,2,6,4,2
2025,3,18,7,7,12,5,6,13,1,40,33,7,40,40,5,35,20,1,2,6,7,5,6,6,6,3,6,5
2025,3,18,8,4,10,6,4,11,1,38,34,4,38,38,6,32,18,3,4,1,7,6,5,5,5,4,5,6
2025,3,18,9,8,2,6,4,12,4,37,29,8,37,37,1,36,22,6,9,2,9,1,6,6,6,2,1,6
2025,3,18,10,11,6,2,1,15,2,30,19,11,30,30,6,24,21,5,3,6,2,6,1,1,1,3,3,2
2025,3,18,11,10,6,5,5,12,2,34,24,10,34,34,2,32,22,5,5,5,8,2,1,1,1,3,3,5
2025,3,19,0,6,2,3,4,17,5,31,25,6,31,31,4,27,23,2,9,4,8,4,3,3,3,1,1,3
2025,3,19,1,5,6,6,4,17,2,38,33,5,38,38,6,32,22,1,7,4,9,6,1,1,1,6,3,6
2025,3,19,2,7,8,6,2,19,4,43,36,7,43,43,5,38,24,3,10,4,8,5,5,5,5,4,4,6
2025,3,19,3,9,2,3,1,21,6,38,29,9,38,38,6,32,25,3,9,6,4,6,6,6,6,3,1,3
2025,3,19,4,5,12,3,3,11,1,28,23,5,28,28,3,25,15,1,4,4,6,3,3,3,3,1,6,3
2025,3,19,5,10,10,1,3,13,1,33,23,10,33,33,5,28,21,5,3,5,5,5,2,2,2,4,5,1
2025,3,19,6,2,12,3,5,16,3,39,37,2,39,39,6,33,22,1,9,1,11,6,4,4,4,4,6,3
2025,3,19,7,10,12,4,4,14,5,39,29,10,39,39,3,36,23,5,6,5,5,3,3,3,3,3,6,4
2025,3,19,8,9,8,6,5,12,3,37,28,9,37,37,5,32,23,6,4,3,6,5,2,2,2,2,4,6
2025,3,19,9,8,10,4,3,12,3,40,32,8,40,40,1,39,19,4,7,4,7,1,6,6,6,6,5,4
2025,3,19,10,9,12,2,1,11,1,33,24,9,33,33,1,32,15,3,4,6,4,1,4,4,4,6,6,2
2025,3,19,11,6,2,4,2,9,4,30,24,6,30,30,2,28,15,4,5,2,3,2,6,6,6,4,1,4
2025,3,20,0,7,6,4,2,11,5,36,29,7,36,36,2,34,17,4,6,3,3,2,6,6,6,6,3,4
2025,3,20,1,10,4,3,4,18,4,39,29,10,39,39,6,33,28,6,8,4,8,6,3,3,3,3,2,3
2025,3,20,2,5,8,6,2,14,2,34,29,5,34,34,6,28,19,3,6,2,6,6,1,1,1,4,4,6
2025,3,20,3,9,6,6,6,16,2,41,32,9,41,41,3,38,26,4,8,5,12,3,5,5,5,1,3,6
2025,3,20,4,6,10,4,6,14,5,39,33,6,39,39,1,38,23,3,10,3,11,1,3,3,3,4,5,4
2025,3,20,5,8,8,4,1,9,1,25,17,8,25,25,2,23,14,4,3,4,3,2,2,2,2,1,4,4
2025,3,20,6,8,8,1,2,14,3,33,25,8,33,33,4,29,22,6,8,2,7,4,1,1,1,5,4,1
2025,3,20,7,8,8,5,4,11,1,34,26,8,34,34,4,30,18,3,2,5,5,4,1,1,1,6,4,5
2025,3,20,8,10,2,4,5,21,3,41,31,10,41,41,6,35,30,4,9,6,11,6,3,3,3,3,1,4
2025,3,20,9,6,10,6,3,15,4,41,35,6,41,41,3,38,21,3,9,3,8,3,4,4,4,5,5,6
2025,3,20,10,3,6,4,2,11,4,23,20,3,23,23,3,20,14,1,6,2,4,3,1,1,1,1,3,4
2025,3,20,11,8,12,3,6,6,2,32,24,8,32,32,1,31,18,6,3,2,7,1,2,2,2,3,6,3
2025,3,21,0,5,10,6,6,12,4,43,38,5,43,43,3,40,22,4,8,1,10,3,5,5,5,5,5,6
2025,3,21,1,5,12,5,1,15,2,39,34,5,39,39,6,33,18,2,6,3,5,6,4,4,4,6,6,5
2025,3,21,2,8,8,1,1,13,5,34,26,8,34,34,2,32,19,5,8,3,4,2,6,6,6,4,4,1
2025,3,21,3,9,8,6,6,19,6,52,43,9,52,52,3,49,30,5,12,4,12,3,6,6,6,6,4,6
2025,3,21,4,5,2,3,3,18,6,33,28,5,33,33,3,30,22,1,11,4,8,3,2,2,2,5,1,3
2025,3,21,5,7,10,2,4,6,2,29,22,7,29,29,2,27,16,6,3,1,5,2,3,3,3,3,5,2
2025,3,21,6,7,6,4,2,15,5,39,32,7,39,39,6,33,22,5,7,2,4,6,4,4,4,6,3,4
2025,3,21,7,4,12,3,6,9,2,35,31,4,35,35,3,32,17,2,4,2,8,3,5,5,5,4,6,3
2025,3,21,8,10,10,3,4,13,3,37,27,10,37,37,2,35,22,5,6,5,7,2,5,5,5,2,5,3
2025,3,21,9,7,12,3,4,12,6,31,24,7,31,31,1,30,19,3,7,4,5,1,1,1,1,2,6,3
2025,3,21,10,8,6,4,1,13,1,29,21,8,29,29,1,28,17,3,7,5,7,1,4,4,4,1,3,4
2025,3,21,11,8,8,1,5,10,2,34,26,8,34,34,3,31,21,6,5,2,8,3,2,2,2,6,4,1
2025,3,22,0,6,2,4,1,8,1,27,21,6,27,27,4,23,13,4,2,2,2,4,6,6,6,3,1,4
2025,3,22,1,8,10,1,2,13,4,33,25,8,33,33,2,31,18,3,6,5,4,2,5,5,5,4,5,1
2025,3,22,2,8,12,5,5,19,5,49,41,8,49,49,6,43,28,4,9,4,9,6,4,4,4,6,6,5
2025,3,22,3,2,2,1,5,12,1,31,29,2,31,31,4,27,18,1,7,1,11,4,6,6,6,5,1,1
2025,3,22,4,2,6,1,4,12,3,25,23,2,25,25,4,21,17,1,7,1,8,4,1,1,1,3,3,1
2025,3,22,5,6,6,4,4,11,5,31,25,6,31,31,2,29,18,3,6,3,5,2,3,3,3,3,3,4
2025,3,22,6,3,10,2,2,13,2,29,26,3,29,29,4,25,17,2,8,1,8,4,4,4,4,1,5,2
2025,3,22,7,5,10,5,6,19,6,46,41,5,46,46,5,41,27,2,11,3,11,5,6,6,6,3,5,5
2025,3,22,8,7,10,2,6,22,4,45,38,7,45,45,6,39,29,1,10,6,12,6,4,4,4,5,5,2
2025,3,22,9,9,6,4,6,9,4,36,27,9,36,36,1,35,21,6,5,3,7,1,5,5,5,3,3,4
2025,3,22,10,9,12,5,3,14,1,39,30,9,39,39,5,34,21,4,4,5,6,5,4,4,4,3,6,5
2025,3,22,11,10,12,6,4,14,1,38,28,10,38,38,4,34,22,4,4,6,7,4,1,1,1,3,6,6
2025,3,23,0,8,2,6,4,13,5,33,25,8,33,33,3,30,21,4,6,4,5,3,4,4,4,1,1,6
2025,3,23,1,6,2,6,3,8,3,33,27,6,33,33,3,30,16,5,4,1,4,3,5,5,5,5,1,6
2025,3,23,2,6,2,1,6,13,3,34,28,6,34,34,5,29,24,5,7,1,10,5,2,2,2,6,1,1
2025,3,23,3,3,12,4,4,10,2,36,33,3,36,36,1,35,15,1,7,2,9,1,5,5,5,6,6,4
2025,3,23,4,8,12,1,3,8,1,25,17,8,25,25,3,22,16,5,2,3,4,3,1,1,1,1,6,1
2025,3,23,5,8,12,4,6,9,3,39,31,8,39,39,1,38,21,6,6,2,9,1,4,4,4,4,6,4
2025,3,23,6,7,4,4,2,11,2,33,26,7,33,33,2,31,18,5,7,2,7,2,6,6,6,3,2,4
2025,3,23,7,6,2,6,4,12,6,31,25,6,31,31,3,28,20,4,7,2,5,3,1,1,1,3,1,6
2025,3,23,8,8,12,2,2,17,6,39,31,8,39,39,1,38,22,3,11,5,7,1,3,3,3,6,6,2
2025,3,23,9,8,6,5,6,19,6,49,41,8,49,49,3,46,29,4,12,4,12,3,6,6,6,6,3,5
2025,3,23,10,9,10,5,1,13,1,32,23,9,32,32,2,30,17,3,5,6,5,2,1,1,1,4,5,5
2025,3,23,11,5,12,1,4,11,1,32,27,5,32,32,4,28,18,3,5,2,8,4,2,2,2,5,6,1
2025,3,24,0,7,2,1,1,16,3,28,21,7,28,28,5,23,18,1,5,6,3,5,6,6,6,2,1,1
2025,3,24,1,7,2,1,3,16,6,28,21,7,28,28,4,24,21,2,7,5,4,4,3,3,3,2,1,1
2025,3,24,2,4,10,4,3,11,3,35,31,4,35,35,3,32,16,2,6,2,6,3,6,6,6,4,5,4
2025,3,24,3,9,8,1,4,9,2,28,19,9,28,28,2,26,19,6,4,3,6,2,3,3,3,1,4,1
2025,3,24,4,8,2,2,4,9,3,31,23,8,31,31,1,30,17,4,4,4,5,1,6,6,6,5,1,2
2025,3,24,5,5,8,6,3,15,3,36,31,5,36,36,4,32,19,1,7,4,7,4,3,3,3,4,4,6
2025,3,24,6,7,2,6,6,9,1,29,22,7,29,29,3,26,19,4,3,3,8,3,2,2,2,1,1,6
2025,3,24,7,8,2,1,6,15,6,32,24,8,32,32,5,27,26,5,7,3,7,5,3,3,3,1,1,1
2025,3,24,8,2,12,1,3,12,3,31,29,2,31,31,2,29,16,1,9,1,9,2,3,3,3,5,6,1
2025,3,24,9,4,10,4,3,17,3,34,30,4,34,34,6,28,22,2,9,2,9,6,2,2,2,1,5,4
2025,3,24,10,6,8,3,1,15,5,29,23,6,29,29,3,26,18,2,8,4,4,3,2,2,2,2,4,3
2025,3,24,11,5,10,4,2,13,3,35,30,5,35,35,3,32,17,2,7,3,6,3,3,3,3,6,5,4
2025,3,25,0,4,12,4,4,16,2,36,32,4,36,36,6,30,21,1,7,3,9,6,2,2,2,3,6,4
2025,3,25,1,10,8,4,6,16,2,39,29,10,39,39,6,33,27,5,5,5,9,6,3,3,3,1,4,4
2025,3,25,2,7,12,5,1,15,4,38,31,7,38,38,6,32,22,6,8,1,5,6,4,4,4,1,6,5
2025,3,25,3,9,8,1,6,14,1,37,28,9,37,37,4,33,23,3,4,6,9,4,3,3,3,6,4,1
2025,3,25,4,9,4,5,1,12,1,33,24,9,33,33,6,27,19,6,3,3,3,6,2,2,2,5,2,5
2025,3,25,5,3,8,2,5,10,5,35,32,3,35,35,2,33,17,2,7,1,7,2,6,6,6,6,4,2
2025,3,25,6,8,4,2,1,12,1,28,20,8,28,28,3,25,19,6,7,2,7,3,4,4,4,1,2,2
2025,3,25,7,8,2,5,3,15,1,32,24,8,32,32,5,27,20,2,4,6,6,5,3,3,3,3,1,5
2025,3,25,8,7,8,5,5,10,1,34,27,7,34,34,4,30,20,5,4,2,8,4,4,4,4,1,4,5
2025,3,25,9,8,4,4,3,15,3,33,25,8,33,33,2,31,20,2,7,6,7,2,3,3,3,4,2,4
2025,3,25,10,5,8,3,3,16,3,32,27,5,32,32,3,29,20,1,9,4,9,3,3,3,3,2,4,3
2025,3,25,11,6,4,2,1,12,1,26,20,6,26,26,5,21,14,1,2,5,2,5,2,2,2,6,2,2
2025,3,26,0,8,12,5,6,17,4,46,38,8,46,46,3,43,26,3,9,5,11,3,6,6,6,3,6,5
2025,3,26,1,8,10,2,5,15,6,38,30,8,38,38,1,37,24,4,10,4,9,1,1,1,1,6,5,2
2025,3,26,2,9,10,4,3,16,2,38,29,9,38,38,3,35,23,4,8,5,9,3,4,4,4,2,5,4
2025,3,26,3,5,2,3,2,13,5,25,20,5,25,25,2,23,17,2,8,3,5,2,1,1,1,3,1,3
2025,3,26,4,4,10,6,1,13,1,38,34,4,38,38,3,35,15,1,7,3,7,3,6,6,6,6,5,6
2025,3,26,5,3,2,1,2,12,4,26,23,3,26,26,2,24,16,2,9,1,7,2,3,3,3,5,1,1
2025,3,26,6,7,8,5,4,14,4,40,33,7,40,40,1,39,22,4,10,3,10,1,4,4,4,5,4,5
2025,3,26,7,7,4,2,5,15,6,41,34,7,41,41,2,39,25,5,11,2,10,2,6,6,6,6,2,2
2025,3,26,8,2,6,5,1,16,3,33,31,2,33,33,6,27,18,1,9,1,7,6,3,3,3,4,3,5
2025,3,26,9,6,4,1,6,10,3,26,20,6,26,26,1,25,18,2,5,4,8,1,1,1,1,4,2,1
2025,3,26,10,12,2,4,6,18,6,39,27,12,39,39,2,37,30,6,10,6,10,2,1,1,1,3,1,4
2025,3,26,11,7,6,5,4,18,4,39,32,7,39,39,5,34,26,4,10,3,10,5,2,2,2,3,3,5
2025,3,27,0,5,8,1,6,16,4,42,37,5,42,42,5,37,26,4,10,1,12,5,6,6,6,5,4,1
2025,3,27,1,2,10,1,6,7,4,28,26,2,28,28,1,27,14,1,5,1,7,1,2,2,2,6,5,1
2025,3,27,2,10,4,1,6,9,2,28,18,10,28,28,1,27,20,5,3,5,7,1,1,1,1,4,2,1
2025,3,27,3,5,12,5,4,13,3,37,32,5,37,37,2,35,18,1,7,4,8,2,3,3,3,5,6,5
2025,3,27,4,6,10,4,1,11,5,31,25,6,31,31,1,30,14,2,6,4,2,1,6,6,6,2,5,4
2025,3,27,5,5,12,3,1,16,3,39,34,5,39,39,6,33,18,1,6,4,4,6,6,6,6,6,6,3
2025,3,27,6,9,12,4,6,12,3,36,27,9,36,36,3,33,22,4,4,5,7,3,2,2,2,2,6,4
2025,3,27,7,11,8,4,2,17,5,38,27,11,38,38,3,35,24,5,8,6,5,3,5,5,5,1,4,4
2025,3,27,8,7,4,2,2,17,6,29,22,7,29,29,3,26,20,1,8,6,4,3,3,3,3,2,2,2
2025,3,27,9,3,2,4,6,12,3,31,28,3,31,31,6,25,20,2,5,1,8,6,1,1,1,5,1,4
2025,3,27,10,7,8,5,1,13,5,37,30,7,37,37,3,34,20,6,9,1,5,3,5,5,5,3,4,5
2025,3,27,11,6,10,6,2,10,6,35,29,6,35,35,1,34,16,4,7,2,3,1,6,6,6,2,5,6
2025,3,28,0,6,6,2,6,9,1,32,26,6,32,32,3,29,20,5,5,1,10,3,3,3,3,4,3,2
2025,3,28,1,9,12,1,5,18,5,40,31,9,40,40,4,36,29,6,11,3,11,4,1,1,1,3,6,1
2025,3,28,2,6,12,6,4,14,4,41,35,6,41,41,4,37,19,1,5,5,5,4,6,6,6,4,6,6
2025,3,28,3,5,12,2,5,14,3,36,31,5,36,36,1,35,20,1,9,4,11,1,3,3,3,5,6,2
2025,3,28,4,3,8,3,2,10,2,23,20,3,23,23,5,18,13,1,3,2,3,5,2,2,2,1,4,3
2025,3,28,5,8,8,3,5,16,4,35,27,8,35,35,1,34,24,3,10,5,11,1,2,2,2,2,4,3
2025,3,28,6,9,6,5,5,19,6,44,35,9,44,44,4,40,27,3,9,6,8,4,6,6,6,3,3,5
2025,3,28,7,8,12,1,4,16,2,38,30,8,38,38,5,33,25,5,8,3,10,5,2,2,2,4,6,1
2025,3,28,8,6,8,3,6,19,6,42,36,6,42,42,4,38,26,1,10,5,10,4,5,5,5,4,4,3
2025,3,28,9,9,4,1,2,15,2,35,26,9,35,35,6,29,22,5,5,4,5,6,4,4,4,6,2,1
2025,3,28,10,9,2,1,6,18,6,38,29,9,38,38,3,35,29,5,11,4,11,3,2,2,2,5,1,1
2025,3,28,11,9,12,6,5,18,6,50,41,9,50,50,5,45,29,6,10,3,9,5,6,6,6,3,6,6
2025,3,29,0,10,8,5,5,13,3,41,31,10,41,41,3,38,24,6,6,4,8,3,6,6,6,2,4,5
2025,3,29,1,7,12,6,1,20,3,38,31,7,38,38,6,32,22,1,8,6,6,6,1,1,1,3,6,6
2025,3,29,2,3,10,6,3,9,5,36,33,3,36,36,2,34,14,2,6,1,4,2,5,5,5,6,5,6
2025,3,29,3,6,2,6,3,14,4,35,29,6,35,35,5,30,22,5,8,1,7,5,5,5,5,1,1,6
2025,3,29,4,6,6,6,5,14,2,36,30,6,36,36,6,30,23,4,6,2,9,6,3,3,3,1,3,6
2025,3,29,5,6,8,5,3,10,2,36,30,6,36,36,4,32,18,5,5,1,6,4,4,4,4,5,4,5
2025,3,29,6,5,8,3,4,13,2,32,27,5,32,32,5,27,18,1,4,4,6,5,1,1,1,6,4,3
2025,3,29,7,5,2,1,3,15,2,29,24,5,29,29,5,24,19,1,6,4,7,5,3,3,3,5,1,1
2025,3,29,8,10,12,1,3,16,1,33,23,10,33,33,4,29,23,4,6,6,8,4,1,1,1,2,6,1
2025,3,29,9,11,4,4,2,15,3,34,23,11,34,34,5,29,22,5,4,6,3,5,4,4,4,2,2,4
2025,3,29,10,7,6,6,6,18,4,44,37,7,44,44,5,39,26,2,8,5,10,5,6,6,6,3,3,6
2025,3,29,11,11,6,2,4,13,2,36,25,11,36,36,2,34,22,5,5,6,7,2,6,6,6,3,3,2
2025,3,30,0,11,6,6,3,17,2,39,28,11,39,39,4,35,26,6,8,5,9,4,1,1,1,3,3,6
2025,3,30,1,11,2,5,4,16,3,40,29,11,40,40,6,34,25,5,4,6,5,6,5,5,5,4,1,5
2025,3,30,2,8,8,4,6,12,2,35,27,8,35,35,4,31,23,5,5,3,9,4,3,3,3,1,4,4
2025,3,30,3,8,12,5,4,15,1,39,31,8,39,39,4,35,22,3,6,5,9,4,5,5,5,1,6,5
2025,3,30,4,7,6,5,2,11,3,38,31,7,38,38,5,33,19,6,5,1,4,5,6,6,6,5,3,5
2025,3,30,5,5,4,4,6,14,5,35,30,5,35,35,3,32,23,3,9,2,10,3,4,4,4,2,2,4
2025,3,30,6,5,8,1,5,14,6,31,26,5,31,31,2,29,22,3,10,2,9,2,1,1,1,3,4,1
2025,3,30,7,9,8,5,4,17,4,37,28,9,37,37,2,35,25,4,10,5,10,2,1,1,1,2,4,5
2025,3,30,8,3,6,5,3,11,4,28,25,3,28,28,5,23,16,2,5,1,4,5,2,2,2,2,3,5
2025,3,30,9,7,2,4,5,13,1,33,26,7,33,33,2,31,21,3,7,4,11,2,4,4,4,3,1,4
2025,3,30,10,5,8,4,3,12,5,35,30,5,35,35,4,31,18,3,6,2,4,4,4,4,4,5,4,4
2025,3,30,11,5,4,6,2,14,3,35,30,5,35,35,6,29,18,2,5,3,4,6,6,6,6,3,2,6
2025,3,31,0,12,2,5,5,17,3,42,30,12,42,42,2,40,28,6,9,6,11,2,5,5,5,3,1,5
2025,3,31,1,8,10,2,5,15,3,37,29,8,37,37,4,33,22,2,5,6,7,4,5,5,5,3,5,2
2025,3,31,2,7,12,3,6,14,5,42,35,7,42,42,3,39,23,3,7,4,8,3,4,4,4,6,6,3
2025,3,31,3,8,10,4,2,15,1,35,27,8,35,35,6,29,22,5,6,3,7,6,3,3,3,1,5,4
2025,3,31,4,7,4,4,3,17,6,37,30,7,37,37,2,35,22,2,10,5,7,2,4,4,4,5,2,4
2025,3,31,5,7,10,1,3,18,3,36,29,7,36,36,6,30,25,4,9,3,9,6,4,4,4,1,5,1
2025,3,31,6,7,6,1,5,16,6,33,26,7,33,33,5,28,25,4,8,3,7,5,2,2,2,2,3,1
2025,3,31,7,6,2,4,3,17,6,41,35,6,41,41,6,35,25,5,10,1,7,6,6,6,6,5,1,4
2025,3,31,8,5,6,5,5,13,4,34,29,5,34,34,5,29,22,4,7,1,8,5,2,2,2,2,3,5
2025,3,31,9,8,12,3,6,17,5,44,36,8,44,44,5,39,25,2,6,6,7,5,6,6,6,4,6,3
2025,3,31,10,6,8,6,5,14,1,38,32,6,38,38,2,36,20,1,7,5,11,2,4,4,4,4,4,6
2025,3,31,11,10,6,1,4,10,4,26,16,10,26,26,1,25,20,6,5,4,5,1,1,1,1,1,3,1
2025,4,1,0,7,10,3,6,13,3,37,30,7,37,37,3,34,22,3,6,4,9,3,4,4,4,3,5,3
2025,4,1,1,10,8,2,2,15,2,32,22,10,32,32,5,27,23,6,6,4,6,5,1,1,1,2,4,2
2025,4,1,2,7,8,4,6,10,2,38,31,7,38,38,2,36,20,4,5,3,9,2,6,6,6,4,4,4
2025,4,1,3,10,2,3,6,14,2,35,25,10,35,35,3,32,24,4,5,6,9,3,6,6,6,1,1,3
2025,4,1,4,9,2,2,5,18,5,35,26,9,35,35,4,31,27,4,9,5,9,4,1,1,1,4,1,2
2025,4,1,5,6,8,2,2,16,4,33,27,6,33,33,4,29,20,2,8,4,6,4,2,2,2,5,4,2
2025,4,1,6,8,4,2,4,8,2,33,25,8,33,33,2,31,17,5,3,3,5,2,6,6,6,6,2,2
2025,4,1,7,6,4,2,5,17,6,37,31,6,37,37,1,36,24,2,12,4,11,1,3,3,3,6,2,2
2025,4,1,8,8,8,1,5,19,6,37,29,8,37,37,5,32,26,2,8,6,7,5,3,3,3,3,4,1
2025,4,1,9,5,4,5,3,16,2,37,32,5,37,37,5,32,21,2,8,3,9,5,3,3,3,6,2,5
2025,4,1,10,10,4,4,5,13,4,37,27,10,37,37,1,36,23,5,7,5,8,1,5,5,5,3,2,4
2025,4,1,11,6,8,6,2,11,4,31,25,6,31,31,1,30,14,1,5,5,3,1,1,1,1,6,4,6
2025,4,2,0,10,12,3,4,11,1,37,27,10,37,37,5,32,21,6,2,4,5,5,1,1,1,6,6,3
2025,4,2,1,8,2,3,3,12,2,29,21,8,29,29,5,24,20,5,4,3,5,5,2,2,2,3,1,3
2025,4,2,2,8,2,2,6,12,1,32,24,8,32,32,1,31,20,2,5,6,10,1,5,5,5,4,1,2
2025,4,2,3,5,2,1,1,12,2,20,15,5,20,20,2,18,16,3,8,2,7,2,1,1,1,1,1,1
2025,4,2,4,7,2,5,3,9,1,29,22,7,29,29,2,27,15,3,3,4,5,2,3,3,3,5,1,5
2025,4,2,5,7,10,1,3,14,3,39,32,7,39,39,6,33,22,5,6,2,6,6,6,6,6,5,5,1
2025,4,2,6,11,2,3,6,15,4,43,32,11,43,43,4,39,27,6,6,5,8,4,6,6,6,6,1,3
2025,4,2,7,7,6,1,1,18,6,29,22,7,29,29,2,27,20,1,10,6,5,2,2,2,2,3,3,1
2025,4,2,8,5,2,5,6,18,5,41,36,5,41,41,5,36,27,3,11,2,12,5,4,4,4,4,1,5
2025,4,2,9,6,10,3,1,19,4,41,35,6,41,41,5,36,22,2,10,4,7,5,5,5,5,6,5,3
2025,4,2,10,4,12,5,6,12,1,39,35,4,39,39,5,34,20,2,5,2,10,5,6,6,6,2,6,5
2025,4,2,11,3,2,6,1,7,3,25,22,3,25,25,2,23,10,2,4,1,2,2,2,2,2,6,1,6
2025,4,3,0,4,6,3,6,16,6,39,35,4,39,39,6,33,25,3,9,1,9,6,4,4,4,4,3,3
2025,4,3,1,3,8,3,5,19,6,41,38,3,41,41,5,36,25,1,12,2,11,5,3,3,3,6,4,3
2025,4,3,2,7,2,5,2,15,6,32,25,7,32,32,2,30,20,3,9,4,5,2,2,2,2,4,1,5
2025,4,3,3,8,12,5,5,14,4,45,37,8,45,45,5,40,24,5,6,3,7,5,5,5,5,5,6,5
2025,4,3,4,5,10,3,2,8,3,27,22,5,27,27,1,26,13,3,5,2,4,1,1,1,1,5,5,3
2025,4,3,5,5,10,1,3,16,4,32,27,5,32,32,5,27,23,4,10,1,9,5,1,1,1,2,5,1
2025,4,3,6,11,8,4,3,21,6,46,35,11,46,46,5,41,30,6,11,5,8,5,2,2,2,6,4,4
2025,4,3,7,2,10,6,5,10,5,33,31,2,33,33,2,31,16,1,7,1,7,2,3,3,3,3,5,6
2025,4,3,8,8,12,6,6,6,1,35,27,8,35,35,1,34,18,6,3,2,8,1,1,1,1,4,6,6
2025,4,3,9,3,6,4,3,12,3,30,27,3,30,30,3,27,17,2,8,1,8,3,4,4,4,2,3,4
2025,4,3,10,9,2,3,4,11,1,26,17,9,26,26,1,25,18,3,4,6,7,1,1,1,1,3,1,3
2025,4,3,11,7,6,5,4,17,5,37,30,7,37,37,1,36,22,1,10,6,9,1,4,4,4,3,3,5
2025,4,4,0,3,2,5,6,13,4,39,36,3,39,39,4,35,21,2,8,1,10,4,6,6,6,6,1,5
2025,4,4,1,5,10,2,1,14,5,30,25,5,30,30,3,27,19,4,10,1,6,3,2,2,2,2,5,2
2025,4,4,2,8,8,2,1,16,6,35,27,8,35,35,3,32,19,2,7,6,2,3,4,4,4,6,4,2
2025,4,4,3,11,10,6,2,17,6,45,34,11,45,45,2,43,25,6,10,5,6,2,4,4,4,5,5,6
2025,4,4,4,8,12,6,5,17,5,43,35,8,43,43,4,39,27,5,10,3,10,4,3,3,3,1,6,6
2025,4,4,5,6,12,3,3,15,3,37,31,6,37,37,6,31,20,2,5,4,5,6,4,4,4,4,6,3
2025,4,4,6,8,8,2,6,11,2,36,28,8,36,36,3,33,22,5,5,3,9,3,2,2,2,6,4,2
2025,4,4,7,7,10,2,2,13,6,29,22,7,29,29,1,28,18,3,8,4,4,1,2,2,2,2,5,2
2025,4,4,8,3,8,3,6,11,2,37,34,3,37,37,2,35,18,1,7,2,11,2,6,6,6,6,4,3
2025,4,4,9,8,4,5,3,14,5,37,29,8,37,37,5,32,22,5,6,3,4,5,3,3,3,5,2,5
2025,4,4,10,7,6,5,1,19,5,36,29,7,36,36,5,31,22,2,9,5,5,5,1,1,1,5,3,5
2025,4,4,11,8,10,1,6,13,5,40,32,8,40,40,4,36,25,6,7,2,8,4,4,4,4,5,5,1
2025,4,5,0,3,6,4,5,15,5,39,36,3,39,39,3,36,22,2,11,1,11,3,5,5,5,5,3,4
2025,4,5,1,10,12,2,4,16,5,37,27,10,37,37,1,36,26,6,11,4,10,1,2,2,2,1,6,2
2025,4,5,2,7,6,3,1,11,3,35,28,7,35,35,4,31,17,5,5,2,3,4,6,6,6,6,3,3
2025,4,5,3,5,6,4,2,15,2,32,27,5,32,32,4,28,18,1,7,4,7,4,1,1,1,6,3,4
2025,4,5,4,6,8,2,2,13,5,25,19,6,25,25,2,23,17,2,7,4,4,2,1,1,1,1,4,2
2025,4,5,5,6,4,2,1,19,5,38,32,6,38,38,6,32,23,3,10,3,6,6,5,5,5,6,2,2
2025,4,5,6,8,10,5,6,16,6,39,31,8,39,39,5,34,26,4,7,4,7,5,2,2,2,1,5,5
2025,4,5,7,10,4,1,1,13,2,29,19,10,29,29,3,26,18,4,4,6,3,3,3,3,3,5,2,1
2025,4,5,8,7,6,4,4,16,4,40,33,7,40,40,6,34,24,4,7,3,7,6,6,6,6,3,3,4
2025,4,5,9,7,4,6,5,11,1,35,28,7,35,35,2,33,21,5,7,2,11,2,1,1,1,5,2,6
2025,4,5,10,5,8,6,1,10,5,29,24,5,29,29,2,27,14,3,6,2,2,2,4,4,4,1,4,6
2025,4,5,11,8,10,1,3,15,1,34,26,8,34,34,5,29,22,4,6,4,8,5,4,4,4,2,5,1
2025,4,6,0,8,8,3,3,16,3,40,32,8,40,40,6,34,24,5,7,3,7,6,3,3,3,6,4,3
2025,4,6,1,7,2,6,1,13,1,28,21,7,28,28,4,24,18,4,6,3,6,4,1,1,1,2,1,6
2025,4,6,2,4,6,5,6,13,3,38,34,4,38,38,4,34,20,1,6,3,9,4,6,6,6,4,3,5
2025,4,6,3,7,12,2,5,15,2,38,31,7,38,38,6,32,22,2,4,5,7,6,3,3,3,5,6,2
2025,4,6,4,7,10,1,2,15,4,26,19,7,26,26,1,25,18,1,8,6,6,1,1,1,1,1,5,1
2025,4,6,5,8,10,4,3,16,6,38,30,8,38,38,4,34,23,4,8,4,5,4,2,2,2,4,5,4
2025,4,6,6,11,2,1,2,13,1,26,15,11,26,26,6,20,21,6,2,5,3,6,1,1,1,2,1,1
2025,4,6,7,3,2,6,3,11,1,27,24,3,27,27,4,23,16,2,6,1,8,4,1,1,1,3,1,6
2025,4,6,8,7,2,6,1,14,4,32,25,7,32,32,2,30,18,3,8,4,5,2,5,5,5,2,1,6
2025,4,6,9,8,8,2,5,18,6,38,30,8,38,38,4,34,26,3,9,5,8,4,4,4,4,2,4,2
2025,4,6,10,4,4,6,3,11,5,35,31,4,35,35,2,33,17,3,8,1,6,2,5,5,5,5,2,6
2025,4,6,11,4,10,4,3,18,6,40,36,4,40,40,4,36,23,2,12,2,9,4,6,6,6,2,5,4
2025,4,7,0,5,12,4,6,14,5,41,36,5,41,41,1,40,22,2,10,3,11,1,5,5,5,4,6,4
2025,4,7,1,7,8,5,5,7,1,37,30,7,37,37,2,35,17,5,3,2,7,2,6,6,6,5,4,5
2025,4,7,2,5,4,1,3,16,3,30,25,5,30,30,3,27,20,1,9,4,9,3,3,3,3,4,2,1
2025,4,7,3,8,4,2,4,13,3,31,23,8,31,31,4,27,20,3,4,5,5,4,2,2,2,5,2,2
2025,4,7,4,8,6,2,5,11,1,33,25,8,33,33,2,31,20,4,5,4,9,2,3,3,3,5,3,2
2025,4,7,5,4,12,5,4,14,3,37,33,4,37,37,6,31,19,1,5,3,6,6,5,5,5,2,6,5
2025,4,7,6,3,10,4,4,14,2,31,28,3,31,31,6,25,19,1,6,2,8,6,2,2,2,1,5,4
2025,4,7,7,10,6,3,5,17,3,44,34,10,44,44,4,40,28,6,9,4,11,4,4,4,4,6,3,3
2025,4,7,8,6,4,3,4,17,4,38,32,6,38,38,3,35,22,1,9,5,9,3,5,5,5,6,2,3
2025,4,7,9,4,6,5,3,11,2,29,25,4,29,29,4,25,15,1,4,3,5,4,4,4,4,2,3,5
2025,4,7,10,4,8,4,4,10,1,35,31,4,35,35,5,30,15,1,2,3,5,5,6,6,6,6,4,4
2025,4,7,11,7,10,6,1,18,4,37,30,7,37,37,5,32,21,2,8,5,5,5,4,4,4,1,5,6
2025,4,8,0,5,6,5,1,16,6,35,30,5,35,35,1,34,18,1,11,4,6,1,3,3,3,6,3,5
2025,4,8,1,10,12,5,5,15,2,43,33,10,43,43,6,37,25,5,4,5,7,6,6,6,6,1,6,5
2025,4,8,2,5,6,3,4,10,6,27,22,5,27,27,1,26,18,4,8,1,6,1,2,2,2,1,3,3
2025,4,8,3,10,8,6,2,14,3,34,24,10,34,34,2,32,20,4,6,6,5,2,1,1,1,3,4,6
2025,4,8,4,6,2,6,1,13,2,28,22,6,28,28,2,26,17,3,8,3,7,2,3,3,3,1,1,6
2025,4,8,5,4,4,4,1,7,4,22,18,4,22,22,1,21,11,3,5,1,2,1,1,1,1,4,2,4
2025,4,8,6,4,2,4,2,18,6,31,27,4,31,31,4,27,22,2,12,2,8,4,3,3,3,1,1,4
2025,4,8,7,12,12,3,6,20,3,52,40,12,52,52,6,46,32,6,8,6,11,6,6,6,6,5,6,3
2025,4,8,8,3,10,3,2,10,2,26,23,3,26,26,5,21,13,1,3,2,3,5,3,3,3,2,5,3
2025,4,8,9,2,2,2,5,11,3,28,26,2,28,28,3,25,17,1,7,1,9,3,6,6,6,2,1,2
2025,4,8,10,4,10,3,2,16,6,34,30,4,34,34,5,29,20,2,9,2,5,5,3,3,3,3,5,3
2025,4,8,11,9,6,2,1,15,6,31,22,9,31,31,1,30,20,4,9,5,4,1,2,2,2,4,3,2
2025,4,9,0,10,4,4,4,15,1,36,26,10,36,36,5,31,24,5,5,5,8,5,2,2,2,4,2,4
2025,4,9,1,6,10,2,4,9,5,30,24,6,30,30,1,29,17,4,6,2,5,1,2,2,2,4,5,2
2025,4,9,2,5,8,2,2,13,4,31,26,5,31,31,2,29,16,1,7,4,5,2,6,6,6,3,4,2
2025,4,9,3,7,4,4,5,12,2,35,28,7,35,35,1,34,19,2,6,5,9,1,5,5,5,5,2,4
2025,4,9,4,6,2,4,6,18,5,37,31,6,37,37,6,31,25,1,7,5,8,6,5,5,5,2,1,4
2025,4,9,5,9,2,3,1,11,1,26,17,9,26,26,1,25,18,6,7,3,7,1,2,2,2,2,1,3
2025,4,9,6,8,2,5,6,12,6,37,29,8,37,37,3,34,24,6,7,2,7,3,2,2,2,5,1,5
2025,4,9,7,8,4,6,5,12,1,35,27,8,35,35,2,33,19,2,4,6,8,2,6,6,6,2,2,6
2025,4,9,8,6,2,3,3,16,4,32,26,6,32,32,5,27,21,2,7,4,6,5,2,2,2,5,1,3
2025,4,9,9,9,4,4,3,6,1,28,19,9,28,28,1,27,15,6,2,3,4,1,5,5,5,2,2,4
2025,4,9,10,11,4,1,5,13,4,31,20,11,31,31,1,30,24,6,7,5,8,1,1,1,1,3,2,1
2025,4,9,11,8,10,1,4,10,1,31,23,8,31,31,4,27,18,4,2,4,5,4,4,4,4,3,5,1
2025,4,10,0,3,2,3,3,12,6,26,23,3,26,26,3,23,16,1,7,2,4,3,2,2,2,4,1,3
2025,4,10,1,4,6,3,6,9,1,30,26,4,30,30,5,25,17,2,2,2,7,5,2,2,2,5,3,3
2025,4,10,2,4,2,2,1,10,4,23,19,4,23,23,4,19,14,3,5,1,2,4,5,5,5,1,1,2
2025,4,10,3,11,10,1,2,14,3,37,26,11,37,37,3,34,22,6,6,5,5,3,6,6,6,3,5,1
2025,4,10,4,5,2,4,2,9,2,28,23,5,28,28,1,27,15,4,7,1,7,1,5,5,5,3,1,4
2025,4,10,5,6,2,1,6,13,4,33,27,6,33,33,5,28,24,5,7,1,9,5,3,3,3,4,1,1
2025,4,10,6,9,8,6,3,15,2,34,25,9,34,34,1,33,21,3,8,6,9,1,1,1,1,2,4,6
2025,4,10,7,9,4,5,4,13,1,39,30,9,39,39,5,34,23,6,5,3,8,5,5,5,5,4,2,5
2025,4,10,8,5,2,6,6,12,4,34,29,5,34,34,1,33,21,3,9,2,11,1,3,3,3,3,1,6
2025,4,10,9,8,2,4,5,11,2,35,27,8,35,35,3,32,20,4,4,4,7,3,4,4,4,6,1,4
2025,4,10,10,9,6,1,4,13,1,29,20,9,29,29,6,23,23,6,4,3,7,6,1,1,1,1,3,1
2025,4,10,11,7,10,6,3,16,6,40,33,7,40,40,1,39,23,4,12,3,9,1,1,1,1,5,5,6
2025,4,11,0,8,2,4,4,13,2,35,27,8,35,35,2,33,22,5,8,3,10,2,2,2,2,6,1,4
2025,4,11,1,7,12,5,1,16,3,36,29,7,36,36,6,30,21,4,7,3,5,6,3,3,3,1,6,5
2025,4,11,2,8,8,6,6,11,1,37,29,8,37,37,3,34,20,3,3,5,8,3,4,4,4,3,4,6
2025,4,11,3,6,10,4,2,13,1,34,28,6,34,34,6,28,19,4,5,2,6,6,2,2,2,4,5,4
2025,4,11,4,3,12,1,3,10,1,30,27,3,30,30,5,25,14,1,3,2,5,5,4,4,4,5,6,1
2025,4,11,5,7,12,5,2,19,5,42,35,7,42,42,3,39,23,2,11,5,8,3,4,4,4,4,6,5
2025,4,11,6,8,2,5,3,14,1,29,21,8,29,29,5,24,19,2,3,6,5,5,1,1,1,3,1,5
2025,4,11,7,4,2,2,4,19,6,37,33,4,37,37,6,31,26,3,12,1,10,6,3,3,3,5,1,2
2025,4,11,8,10,8,4,5,21,5,42,32,10,42,42,5,37,31,5,11,5,11,5,2,2,2,1,4,4
2025,4,11,9,9,2,1,1,18,2,27,18,9,27,27,6,21,22,3,6,6,5,6,2,2,2,1,1,1
2025,4,11,10,7,6,6,1,14,3,31,24,7,31,31,6,25,18,3,4,4,2,6,2,2,2,2,3,6
2025,4,11,11,5,6,3,3,14,2,37,32,5,37,37,5,32,19,2,6,3,7,5,6,6,6,6,3,3
2025,4,12,0,7,4,5,3,11,4,30,23,7,30,30,1,29,16,2,5,5,4,1,6,6,6,1,2,5
2025,4,12,1,8,6,1,6,14,3,34,26,8,34,34,3,31,25,5,8,3,11,3,2,2,2,3,3,1
2025,4,12,2,3,8,5,2,7,4,28,25,3,28,28,1,27,11,2,5,1,3,1,5,5,5,3,4,5
2025,4,12,3,9,6,1,4,12,3,26,17,9,26,26,1,25,19,3,5,6,6,1,1,1,1,2,3,1
2025,4,12,4,6,10,4,6,13,5,38,32,6,38,38,2,36,24,5,10,1,11,2,3,3,3,2,5,4
2025,4,12,5,6,8,5,1,16,5,40,34,6,40,40,4,36,19,2,8,4,4,4,6,6,6,6,4,5
2025,4,12,6,8,8,2,4,14,4,37,29,8,37,37,4,33,24,6,8,2,8,4,5,5,5,2,4,2
2025,4,12,7,10,12,1,3,17,4,37,27,10,37,37,5,32,26,6,8,4,7,5,1,1,1,3,6,1
2025,4,12,8,10,12,1,4,14,4,40,30,10,40,40,1,39,22,4,7,6,7,1,6,6,6,5,6,1
2025,4,12,9,10,2,4,4,16,6,33,23,10,33,33,4,29,25,5,7,5,5,4,1,1,1,2,1,4
2025,4,12,10,8,6,5,1,15,3,36,28,8,36,36,5,31,18,2,4,6,2,5,6,6,6,4,3,5
2025,4,12,11,7,10,3,3,7,3,29,22,7,29,29,2,27,16,6,4,1,4,2,2,2,2,3,5,3
2025,4,13,0,5,8,6,1,10,6,34,29,5,34,34,2,32,15,4,7,1,2,2,3,3,3,6,4,6
2025,4,13,1,9,2,4,6,19,5,41,32,9,41,41,2,39,28,3,11,6,12,2,6,6,6,2,1,4
2025,4,13,2,7,4,3,2,13,3,28,21,7,28,28,1,27,18,3,8,4,7,1,4,4,4,1,2,3
2025,4,13,3,10,12,5,6,16,5,41,31,10,41,41,2,39,27,5,9,5,10,2,2,2,2,1,6,5
2025,4,13,4,5,6,4,2,11,2,29,24,5,29,29,3,26,17,4,7,1,7,3,4,4,4,1,3,4
2025,4,13,5,9,2,1,4,15,4,33,24,9,33,33,1,32,23,4,9,5,9,1,2,2,2,6,1,1
2025,4,13,6,5,6,5,4,15,6,33,28,5,33,33,1,32,20,1,10,4,8,1,2,2,2,3,3,5
2025,4,13,7,7,12,4,5,11,2,36,29,7,36,36,5,31,22,6,5,1,8,5,3,3,3,1,6,4
2025,4,13,8,8,2,3,5,11,6,33,25,8,33,33,2,31,22,6,7,2,6,2,1,1,1,6,1,3
2025,4,13,9,10,12,3,2,14,1,36,26,10,36,36,6,30,20,4,2,6,3,6,3,3,3,4,6,3
2025,4,13,10,6,12,1,2,14,3,31,25,6,31,31,3,28,17,1,6,5,5,3,2,2,2,5,6,1
2025,4,13,11,6,4,2,5,14,4,31,25,6,31,31,3,28,24,5,10,1,11,3,2,2,2,1,2,2
2025,4,14,0,7,10,5,1,5,1,31,24,7,31,31,1,30,12,6,3,1,3,1,3,3,3,6,5,5
2025,4,14,1,5,6,1,1,11,1,24,19,5,24,24,5,19,14,2,3,3,3,5,1,1,1,5,3,1
2025,4,14,2,6,2,2,4,11,3,29,23,6,29,29,3,26,20,5,7,1,8,3,2,2,2,4,1,2
2025,4,14,3,5,6,5,3,8,2,28,23,5,28,28,2,26,13,2,3,3,4,2,1,1,1,6,3,5
2025,4,14,4,7,6,6,4,11,3,37,30,7,37,37,3,34,18,3,4,4,5,3,6,6,6,4,3,6
2025,4,14,5,3,10,1,3,14,4,27,24,3,27,27,5,22,18,1,7,2,6,5,1,1,1,2,5,1
2025,4,14,6,9,12,5,4,14,5,39,30,9,39,39,4,35,24,6,7,3,6,4,2,2,2,2,6,5
2025,4,14,7,4,10,1,5,13,6,37,33,4,37,37,1,36,20,2,10,2,9,1,6,6,6,5,5,1
2025,4,14,8,5,4,1,1,16,3,30,25,5,30,30,6,24,21,4,9,1,7,6,5,5,5,1,2,1
2025,4,14,9,8,4,1,4,13,1,29,21,8,29,29,5,24,21,4,4,4,7,5,2,2,2,3,2,1
2025,4,14,10,3,12,5,3,14,3,37,34,3,37,37,6,31,18,1,6,2,6,6,3,3,3,5,6,5
2025,4,14,11,9,12,2,5,11,4,38,29,9,38,38,3,35,22,6,5,3,6,3,5,5,5,3,6,2
2025,4,15,0,7,2,2,5,20,5,42,35,7,42,42,6,36,28,3,10,4,10,6,6,6,6,5,1,2
2025,4,15,1,7,4,3,3,15,4,32,25,7,32,32,5,27,21,3,6,4,5,5,5,5,5,1,2,3
2025,4,15,2,5,8,4,5,9,3,33,28,5,33,33,2,31,17,3,5,2,7,2,5,5,5,3,4,4
2025,4,15,3,11,12,1,1,14,2,33,22,11,33,33,4,29,21,6,5,5,4,4,3,3,3,2,6,1
2025,4,15,4,4,12,6,3,15,6,38,34,4,38,38,4,34,21,3,10,1,7,4,1,1,1,4,6,6
2025,4,15,5,11,12,2,3,16,1,40,29,11,40,40,5,35,25,6,6,5,8,5,2,2,2,5,6,2
2025,4,15,6,9,2,5,5,12,1,32,23,9,32,32,4,28,20,3,2,6,6,4,4,4,4,2,1,5
2025,4,15,7,6,8,2,6,9,3,33,27,6,33,33,2,31,18,3,4,3,7,2,3,3,3,6,4,2
2025,4,15,8,7,8,2,6,10,5,32,25,7,32,32,2,30,22,6,7,1,8,2,2,2,2,2,4,2
2025,4,15,9,8,4,5,6,14,5,41,33,8,41,41,3,38,26,6,9,2,10,3,6,6,6,2,2,5
2025,4,15,10,9,12,1,6,17,2,40,31,9,40,40,6,34,28,5,7,4,11,6,1,1,1,4,6,1
2025,4,15,11,5,12,1,3,20,6,40,35,5,40,40,5,35,25,2,12,3,9,5,4,4,4,4,6,1
2025,4,16,0,6,10,5,5,14,4,41,35,6,41,41,6,35,23,4,6,2,7,6,5,5,5,3,5,5
2025,4,16,1,8,10,6,5,13,1,41,33,8,41,41,6,35,22,4,3,4,7,6,2,2,2,6,5,6
2025,4,16,2,3,12,2,1,15,1,36,33,3,36,36,6,30,17,1,7,2,7,6,6,6,6,5,6,2
2025,4,16,3,6,12,4,5,15,1,40,34,6,40,40,4,36,22,2,7,4,11,4,4,4,4,4,6,4
2025,4,16,4,3,2,6,3,8,2,26,23,3,26,26,2,24,12,1,4,2,5,2,2,2,2,5,1,6
2025,4,16,5,9,8,2,4,14,3,35,26,9,35,35,2,33,22,4,7,5,8,2,4,4,4,3,4,2
2025,4,16,6,7,10,4,5,10,3,35,28,7,35,35,1,34,19,4,6,3,8,1,2,2,2,5,5,4
2025,4,16,7,10,12,1,5,15,4,41,31,10,41,41,2,39,24,4,7,6,8,2,6,6,6,4,6,1
2025,4,16,8,8,6,2,2,11,6,30,22,8,30,30,1,29,19,6,8,2,4,1,1,1,1,5,3,2
2025,4,16,9,6,6,6,4,14,6,39,33,6,39,39,5,34,22,4,7,2,5,5,3,3,3,5,3,6
2025,4,16,10,3,8,4,3,9,1,30,27,3,30,30,2,28,13,1,5,2,7,2,6,6,6,3,4,4
2025,4,16,11,9,2,2,2,15,4,32,23,9,32,32,2,30,22,5,9,4,7,2,1,1,1,6,1,2
2025,4,17,0,5,6,3,4,12,5,30,25,5,30,30,1,29,18,2,8,3,7,1,1,1,1,5,3,3
2025,4,17,1,7,2,2,6,13,5,26,19,7,26,26,2,24,21,2,6,5,7,2,1,1,1,1,1,2
2025,4,17,2,7,10,5,3,17,3,43,36,7,43,43,6,37,25,5,9,2,9,6,2,2,2,6,5,5
2025,4,17,3,7,12,3,4,20,5,45,38,7,45,45,5,40,27,3,11,4,10,5,4,4,4,5,6,3
2025,4,17,4,6,8,1,2,20,6,37,31,6,37,37,6,31,24,2,10,4,6,6,3,3,3,5,4,1
2025,4,17,5,5,12,5,5,12,6,38,33,5,38,38,1,37,18,1,7,4,6,1,3,3,3,6,6,5
2025,4,17,6,6,12,4,6,17,6,49,43,6,49,49,4,45,27,4,11,2,11,4,6,6,6,6,6,4
2025,4,17,7,2,12,5,5,13,4,36,34,2,36,36,5,31,19,1,7,1,8,5,3,3,3,3,6,5
2025,4,17,8,8,6,3,6,13,2,38,30,8,38,38,4,34,21,2,3,6,7,4,6,6,6,5,3,3
2025,4,17,9,7,2,3,6,12,4,30,23,7,30,30,1,29,19,1,5,6,7,1,5,5,5,2,1,3
2025,4,17,10,2,10,6,2,10,2,30,28,2,30,30,6,24,13,1,3,1,3,6,5,5,5,1,5,6
2025,4,17,11,7,12,6,5,8,1,39,32,7,39,39,4,35,19,6,3,1,7,4,3,3,3,5,6,6
2025,4,18,0,5,4,5,4,12,3,33,28,5,33,33,5,28,18,2,4,3,5,5,4,4,4,4,2,5
2025,4,18,1,7,10,3,2,21,6,40,33,7,40,40,5,35,26,3,12,4,8,5,2,2,2,4,5,3
2025,4,18,2,6,6,4,6,14,2,36,30,6,36,36,3,33,21,1,6,5,10,3,4,4,4,4,3,4
2025,4,18,3,7,8,6,4,18,5,41,34,7,41,41,6,35,28,6,11,1,10,6,2,2,2,1,4,6
2025,4,18,4,11,12,6,1,12,1,34,23,11,34,34,2,32,19,6,5,5,5,2,2,2,2,1,6,6
2025,4,18,5,3,8,3,1,6,3,22,19,3,22,22,1,21,9,2,4,1,2,1,4,4,4,2,4,3
2025,4,18,6,5,6,3,2,14,5,30,25,5,30,30,4,26,18,2,7,3,4,4,1,1,1,5,3,3
2025,4,18,7,9,12,1,1,20,5,41,32,9,41,41,6,35,27,6,11,3,7,6,1,1,1,6,6,1
2025,4,18,8,5,2,5,2,10,3,31,26,5,31,31,1,30,16,4,8,1,7,1,5,5,5,4,1,5
2025,4,18,9,6,2,5,3,14,1,26,20,6,26,26,2,24,18,1,7,5,9,2,1,1,1,1,1,5
2025,4,18,10,6,8,6,5,9,2,33,27,6,33,33,2,31,16,2,3,4,6,2,4,4,4,3,4,6
2025,4,18,11,9,12,6,1,10,2,37,28,9,37,37,1,36,14,3,3,6,2,1,6,6,6,5,6,6
2025,4,19,0,9,4,6,6,17,5,39,30,9,39,39,3,36,27,4,9,5,10,3,1,1,1,3,2,6
2025,4,19,1,7,6,5,3,8,1,34,27,7,34,34,4,30,17,6,3,1,5,4,6,6,6,3,3,5
2025,4,19,2,5,6,2,2,12,3,27,22,5,27,27,3,24,18,4,8,1,7,3,2,2,2,2,3,2
2025,4,19,3,9,10,1,4,15,4,38,29,9,38,38,2,36,25,6,10,3,10,2,3,3,3,4,5,1
2025,4,19,4,11,8,1,3,15,6,41,30,11,41,41,3,38,24,6,7,5,4,3,6,6,6,6,4,1
2025,4,19,5,5,2,4,6,16,5,40,35,5,40,40,4,36,25,3,10,2,11,4,5,5,5,5,1,4
2025,4,19,6,8,12,6,5,16,4,43,35,8,43,43,6,37,26,5,7,3,8,6,4,4,4,1,6,6
2025,4,19,7,10,6,6,4,14,1,35,25,10,35,35,2,33,23,5,7,5,10,2,1,1,1,2,3,6
2025,4,19,8,2,10,1,4,9,1,23,21,2,23,23,1,22,14,1,7,1,10,1,1,1,1,2,5,1
2025,4,19,9,7,4,5,1,14,4,34,27,7,34,34,4,30,20,5,8,2,5,4,3,3,3,4,2,5
2025,4,19,10,6,6,2,5,17,6,40,34,6,40,40,5,35,26,4,10,2,9,5,3,3,3,6,3,2
2025,4,19,11,7,10,3,3,12,1,34,27,7,34,34,4,30,21,6,7,1,9,4,1,1,1,4,5,3
2025,4,20,0,7,8,2,1,13,4,32,25,7,32,32,2,30,17,3,7,4,4,2,5,5,5,4,4,2
2025,4,20,1,9,2,4,5,18,3,40,31,9,40,40,6,34,28,5,8,4,10,6,2,2,2,5,1,4
2025,4,20,2,6,4,4,2,16,6,37,31,6,37,37,6,31,22,4,8,2,4,6,3,3,3,6,2,4
2025,4,20,3,4,4,1,2,19,6,34,30,4,34,34,5,29,23,2,12,2,8,5,6,6,6,2,2,1
2025,4,20,4,5,6,6,2,17,6,37,32,5,37,37,4,33,22,3,11,2,7,4,2,2,2,4,3,6
2025,4,20,5,4,6,1,3,11,1,29,25,4,29,29,3,26,16,2,6,2,8,3,6,6,6,3,3,1
2025,4,20,6,11,12,6,3,21,6,48,37,11,48,48,3,45,29,5,12,6,9,3,1,1,1,6,6,6
2025,4,20,7,7,8,5,5,7,4,35,28,7,35,35,1,34,18,6,5,1,6,1,3,3,3,5,4,5
2025,4,20,8,8,8,4,6,17,2,41,33,8,41,41,5,36,26,3,7,5,11,5,2,2,2,5,4,4
2025,4,20,9,10,12,6,5,13,1,41,31,10,41,41,4,37,23,5,4,5,8,4,2,2,2,4,6,6
2025,4,20,10,11,4,6,4,15,3,42,31,11,42,42,4,38,25,6,6,5,7,4,4,4,4,5,2,6
2025,4,20,11,11,4,5,3,13,4,36,25,11,36,36,3,33,22,6,5,5,4,3,2,2,2,5,2,5
2025,4,21,0,5,2,4,3,19,5,35,30,5,35,35,5,30,24,2,11,3,9,5,3,3,3,3,1,4
2025,4,21,1,11,12,6,1,16,2,40,29,11,40,40,6,34,22,5,4,6,3,6,4,4,4,2,6,6
2025,4,21,2,3,8,6,2,14,5,32,29,3,32,32,4,28,17,1,8,2,5,4,3,3,3,2,4,6
2025,4,21,3,9,8,1,5,16,5,34,25,9,34,34,3,31,24,3,7,6,7,3,1,1,1,4,4,1
2025,4,21,4,5,8,3,2,10,4,30,25,5,30,30,1,29,15,3,7,2,5,1,4,4,4,4,4,3
2025,4,21,5,12,8,2,4,14,1,34,22,12,34,34,3,31,24,6,5,6,8,3,1,1,1,3,4,2
2025,4,21,6,5,6,3,3,19,3,34,29,5,34,34,6,28,23,1,9,4,9,6,1,1,1,4,3,3
2025,4,21,7,8,10,5,6,13,5,39,31,8,39,39,2,37,23,4,7,4,8,2,2,2,2,4,5,5
2025,4,21,8,10,4,2,4,20,5,36,26,10,36,36,3,33,28,4,11,6,10,3,3,3,3,1,2,2
2025,4,21,9,6,8,2,6,6,1,30,24,6,30,30,2,28,17,5,3,1,8,2,5,5,5,2,4,2
2025,4,21,10,11,10,2,2,17,6,42,31,11,42,42,5,37,25,6,7,5,3,5,5,5,5,5,5,2
2025,4,21,11,6,10,2,4,13,4,29,23,6,29,29,4,25,19,2,5,4,5,4,2,2,2,1,5,2
2025,4,22,0,5,2,5,6,18,5,38,33,5,38,38,5,33,26,2,10,3,11,5,1,1,1,5,1,5
2025,4,22,1,5,8,3,6,20,6,39,34,5,39,39,6,33,27,1,10,4,10,6,3,3,3,2,4,3
2025,4,22,2,4,12,3,4,14,1,35,31,4,35,35,5,30,20,2,7,2,10,5,2,2,2,4,6,3
2025,4,22,3,7,2,6,5,10,2,30,23,7,30,30,1,29,17,2,4,5,7,1,1,1,1,5,1,6
2025,4,22,4,8,2,1,1,12,3,23,15,8,23,23,4,19,19,6,6,2,4,4,1,1,1,1,1,1
2025,4,22,5,6,12,2,2,12,2,34,28,6,34,34,3,31,18,4,7,2,7,3,2,2,2,6,6,2
2025,4,22,6,9,10,1,6,12,1,31,22,9,31,31,2,29,21,3,4,6,9,2,2,2,2,2,5,1
2025,4,22,7,6,4,4,4,20,5,38,32,6,38,38,5,33,26,2,11,4,10,5,3,3,3,3,2,4
2025,4,22,8,3,4,5,1,11,2,32,29,3,32,32,5,27,14,2,5,1,4,5,5,5,5,6,2,5
2025,4,22,9,7,12,5,2,14,3,41,34,7,41,41,5,36,18,2,4,5,3,5,6,6,6,6,6,5
2025,4,22,10,6,12,2,2,4,1,26,20,6,26,26,1,25,11,5,2,1,3,1,4,4,4,3,6,2
2025,4,22,11,4,8,4,2,11,2,26,22,4,26,26,6,20,16,3,4,1,4,6,1,1,1,1,4,4
2025,4,23,0,6,6,3,2,15,6,35,29,6,35,35,2,33,19,2,9,4,5,2,5,5,5,5,3,3
2025,4,23,1,8,2,3,5,16,4,38,30,8,38,38,5,33,26,5,8,3,9,5,6,6,6,2,1,3
2025,4,23,2,9,2,3,6,14,4,38,29,9,38,38,2,36,25,5,8,4,10,2,3,3,3,6,1,3
2025,4,23,3,6,10,3,6,10,1,34,28,6,34,34,3,31,20,4,5,2,10,3,4,4,4,2,5,3
2025,4,23,4,7,4,2,3,10,1,29,22,7,29,29,1,28,18,5,7,2,9,1,4,4,4,3,2,2
2025,4,23,5,8,2,1,6,18,6,34,26,8,34,34,4,30,26,2,8,6,8,4,5,5,5,1,1,1
2025,4,23,6,8,6,6,4,15,2,36,28,8,36,36,4,32,22,3,6,5,8,4,3,3,3,2,3,6
2025,4,23,7,5,12,1,6,14,4,40,35,5,40,40,3,37,22,2,8,3,10,3,6,6,6,5,6,1
2025,4,23,8,7,2,4,6,16,4,34,27,7,34,34,5,29,27,5,9,2,11,5,1,1,1,1,1,4
2025,4,23,9,8,4,4,6,20,6,40,32,8,40,40,2,38,28,2,12,6,12,2,3,3,3,3,2,4
2025,4,23,10,8,8,5,3,19,6,44,36,8,44,44,4,40,27,5,12,3,9,4,3,3,3,5,4,5
2025,4,23,11,9,8,1,3,16,6,29,20,9,29,29,2,27,22,3,8,6,5,2,1,1,1,1,4,1
2025,4,24,0,6,6,3,5,10,2,29,23,6,29,29,1,28,16,1,4,5,7,1,6,6,6,1,3,3
2025,4,24,1,11,6,6,2,17,1,36,25,11,36,36,4,32,24,5,7,6,8,4,1,1,1,2,3,6
2025,4,24,2,4,8,2,2,13,4,27,23,4,27,27,2,25,16,1,8,3,6,2,4,4,4,1,4,2
2025,4,24,3,7,4,1,5,12,2,31,24,7,31,31,5,26,22,5,5,2,8,5,5,5,5,1,2,1
2025,4,24,4,3,10,4,1,12,6,31,28,3,31,31,2,29,15,2,9,1,4,2,3,3,3,4,5,4
2025,4,24,5,8,10,6,6,14,1,45,37,8,45,45,4,41,23,3,5,5,10,4,5,5,5,6,5,6
2025,4,24,6,8,10,1,6,20,6,41,33,8,41,41,3,38,29,3,12,5,12,3,5,5,5,1,5,1
2025,4,24,7,6,6,6,4,6,3,36,30,6,36,36,1,35,15,5,4,1,5,1,6,6,6,6,3,6
2025,4,24,8,9,6,2,1,12,2,26,17,9,26,26,1,25,16,3,5,6,4,1,1,1,1,4,3,2
2025,4,24,9,5,2,1,6,12,1,27,22,5,27,27,4,23,20,2,5,3,10,4,3,3,3,2,1,1
2025,4,24,10,9,8,5,5,14,3,35,26,9,35,35,1,34,22,3,7,6,9,1,3,3,3,1,4,5
2025,4,24,11,5,8,2,4,15,6,33,28,5,33,33,1,32,21,2,11,3,9,1,2,2,2,4,4,2
2025,4,25,0,11,8,3,6,18,5,42,31,11,42,42,6,36,30,6,7,5,8,6,4,4,4,1,4,3
2025,4,25,1,6,8,5,1,15,6,34,28,6,34,34,5,29,20,4,8,2,3,5,2,2,2,3,4,5
2025,4,25,2,5,2,5,2,11,2,31,26,5,31,31,3,28,17,4,7,1,7,3,6,6,6,2,1,5
2025,4,25,3,5,2,2,3,14,4,29,24,5,29,29,3,26,18,1,7,4,6,3,2,2,2,6,1,2
2025,4,25,4,6,10,5,4,11,1,40,34,6,40,40,4,36,19,4,5,2,8,4,6,6,6,5,5,5
2025,4,25,5,4,6,3,4,13,1,32,28,4,32,32,5,27,18,1,5,3,8,5,5,5,5,3,3,3
2025,4,25,6,7,12,6,6,15,5,41,34,7,41,41,1,40,25,4,11,3,12,1,2,2,2,2,6,6
2025,4,25,7,10,12,4,1,18,2,45,35,10,45,45,6,39,24,5,7,5,6,6,5,5,5,6,6,4
2025,4,25,8,5,6,6,6,15,2,39,34,5,39,39,4,35,22,1,7,4,11,4,6,6,6,2,3,6
2025,4,25,9,11,12,3,2,12,3,33,22,11,33,33,1,32,19,5,5,6,4,1,2,2,2,3,6,3
2025,4,25,10,11,4,5,6,16,4,42,31,11,42,42,5,37,27,5,5,6,7,5,4,4,4,4,2,5
2025,4,25,11,5,12,4,4,12,1,39,34,5,39,39,4,35,19,3,6,2,9,4,6,6,6,4,6,4
2025,4,26,0,6,12,2,4,12,5,32,26,6,32,32,1,31,19,3,8,3,7,1,3,3,3,2,6,2
2025,4,26,1,5,12,5,6,15,4,42,37,5,42,42,5,37,23,2,7,3,9,5,6,6,6,2,6,5
2025,4,26,2,12,6,4,6,16,5,43,31,12,43,43,2,41,28,6,8,6,9,2,3,3,3,5,3,4
2025,4,26,3,2,4,4,2,12,4,24,22,2,24,24,3,21,15,1,8,1,6,3,1,1,1,2,2,4
2025,4,26,4,3,12,5,5,9,1,28,25,3,28,28,2,26,15,1,5,2,9,2,1,1,1,1,6,5
2025,4,26,5,4,4,6,3,15,3,34,30,4,34,34,6,28,19,1,6,3,6,6,5,5,5,2,2,6
2025,4,26,6,8,12,1,2,15,4,37,29,8,37,37,6,31,22,5,6,3,4,6,5,5,5,3,6,1
2025,4,26,7,8,12,5,1,11,2,38,30,8,38,38,2,36,17,5,6,3,5,2,4,4,4,6,6,5
2025,4,26,8,8,4,1,2,10,1,25,17,8,25,25,5,20,17,5,2,3,3,5,3,3,3,2,2,1
2025,4,26,9,4,6,3,6,10,5,30,26,4,30,30,3,27,19,3,6,1,7,3,4,4,4,1,3,3
2025,4,26,10,6,12,6,4,13,2,40,34,6,40,40,4,36,21,4,7,2,9,4,2,2,2,5,6,6
2025,4,26,11,4,8,6,6,14,6,36,32,4,36,36,3,33,22,2,9,2,9,3,3,3,3,1,4,6
2025,4,27,0,6,6,6,6,10,2,31,25,6,31,31,2,29,18,2,4,4,8,2,1,1,1,3,3,6
2025,4,27,1,6,12,2,4,10,1,29,23,6,29,29,3,26,16,2,3,4,6,3,2,2,2,3,6,2
2025,4,27,2,9,10,5,2,15,6,39,30,9,39,39,2,37,20,3,7,6,3,2,5,5,5,4,5,5
2025,4,27,3,4,4,5,3,18,6,36,32,4,36,36,6,30,22,1,9,3,6,6,6,6,6,1,2,5
2025,4,27,4,7,4,6,1,17,6,34,27,7,34,34,6,28,21,3,7,4,2,6,2,2,2,3,2,6
2025,4,27,5,11,6,6,6,18,6,46,35,11,46,46,6,40,30,6,7,5,7,6,6,6,6,1,3,6
2025,4,27,6,5,6,3,3,13,2,29,24,5,29,29,6,23,17,1,3,4,4,6,4,4,4,2,3,3
2025,4,27,7,7,8,5,5,20,5,44,37,7,44,44,6,38,27,2,9,5,9,6,4,4,4,4,4,5
2025,4,27,8,6,4,2,4,15,6,34,28,6,34,34,5,29,22,3,7,3,5,5,2,2,2,6,2,2
2025,4,27,9,7,4,5,3,15,4,40,33,7,40,40,6,34,24,6,8,1,7,6,4,4,4,5,2,5
2025,4,27,10,4,10,3,2,11,3,31,27,4,31,31,3,28,16,3,7,1,6,3,4,4,4,3,5,3
2025,4,27,11,9,10,1,1,12,4,32,23,9,32,32,1,31,17,4,6,5,3,1,5,5,5,4,5,1
2025,4,28,0,3,12,2,2,11,5,30,27,3,30,30,3,27,14,1,6,2,3,3,4,4,4,4,6,2
2025,4,28,1,7,8,6,1,17,1,37,30,7,37,37,5,32,20,2,7,5,7,5,5,5,5,2,4,6
2025,4,28,2,7,10,2,3,11,2,28,21,7,28,28,5,23,18,4,3,3,4,5,1,1,1,2,5,2
2025,4,28,3,5,12,6,5,17,5,42,37,5,42,42,4,38,25,3,11,2,11,4,4,4,4,1,6,6
2025,4,28,4,10,6,3,1,15,3,33,23,10,33,33,1,32,20,4,8,6,6,1,1,1,1,6,3,3
2025,4,28,5,10,10,3,1,18,3,37,27,10,37,37,4,33,24,5,9,5,7,4,1,1,1,4,5,3
2025,4,28,6,9,10,3,1,13,1,32,23,9,32,32,6,26,19,5,3,4,3,6,2,2,2,3,5,3
2025,4,28,7,10,10,4,1,14,1,39,29,10,39,39,5,34,21,6,5,4,5,5,4,4,4,5,5,4
2025,4,28,8,8,8,6,2,15,3,38,30,8,38,38,6,32,20,3,4,5,3,6,3,3,3,5,4,6
2025,4,28,9,6,4,6,6,14,1,38,32,6,38,38,5,33,23,3,6,3,11,5,4,4,4,3,2,6
2025,4,28,10,4,10,6,4,12,5,34,30,4,34,34,4,30,19,3,7,1,6,4,3,3,3,1,5,6
2025,4,28,11,8,12,1,3,16,2,39,31,8,39,39,3,36,21,2,7,6,8,3,6,6,6,5,6,1
2025,4,29,0,3,6,3,4,10,3,25,22,3,25,25,4,21,16,2,5,1,6,4,1,1,1,2,3,3
2025,4,29,1,8,10,3,4,11,2,34,26,8,34,34,1,33,18,3,5,5,7,1,5,5,5,3,5,3
2025,4,29,2,2,6,4,5,11,1,33,31,2,33,33,4,29,17,1,6,1,10,4,3,3,3,6,3,4
2025,4,29,3,8,12,1,4,18,3,38,30,8,38,38,6,32,24,2,6,6,7,6,4,4,4,3,6,1
2025,4,29,4,7,10,6,4,15,4,42,35,7,42,42,6,36,24,5,7,2,7,6,5,5,5,2,5,6
2025,4,29,5,9,12,3,3,18,4,44,35,9,44,44,4,40,25,4,9,5,8,4,4,4,4,6,6,3
2025,4,29,6,9,10,6,6,13,5,38,29,9,38,38,1,37,24,5,8,4,9,1,1,1,1,2,5,6
2025,4,29,7,7,10,5,5,19,6,49,42,7,49,49,4,45,28,4,12,3,11,4,6,6,6,5,5,5
2025,4,29,8,7,6,6,6,10,5,35,28,7,35,35,2,33,22,6,7,1,8,2,1,1,1,3,3,6
2025,4,29,9,8,2,4,5,17,6,40,32,8,40,40,4,36,28,6,11,2,10,4,1,1,1,6,1,4
2025,4,29,10,5,4,6,3,10,2,25,20,5,25,25,2,23,14,1,4,4,5,2,2,2,2,1,2,6
2025,4,29,11,9,12,6,5,16,5,43,34,9,43,43,5,38,26,5,7,4,7,5,1,1,1,4,6,6
2025,4,30,0,12,6,4,5,16,4,46,34,12,46,46,5,41,27,6,5,6,6,5,6,6,6,6,3,4
2025,4,30,1,9,4,2,2,21,5,41,32,9,41,41,6,35,26,3,9,6,6,6,5,5,5,6,2,2
2025,4,30,2,9,8,6,4,15,1,38,29,9,38,38,5,33,24,5,6,4,9,5,1,1,1,3,4,6
2025,4,30,3,4,12,2,2,15,4,33,29,4,33,33,4,29,19,2,9,2,7,4,2,2,2,4,6,2
2025,4,30,4,4,10,2,6,14,4,38,34,4,38,38,6,32,22,2,6,2,8,6,4,4,4,5,5,2
2025,4,30,5,10,4,1,2,16,3,32,22,10,32,32,6,26,22,4,4,6,3,6,2,2,2,5,2,1
2025,4,30,6,8,12,6,5,19,6,50,42,8,50,50,5,45,29,5,11,3,10,5,5,5,5,4,6,6
2025,4,30,7,5,8,4,6,15,2,38,33,5,38,38,6,32,23,2,6,3,10,6,1,1,1,6,4,4
2025,4,30,8,10,12,4,1,15,2,39,29,10,39,39,2,37,20,4,7,6,6,2,4,4,4,5,6,4
2025,4,30,9,10,6,3,3,17,4,41,31,10,41,41,5,36,26,6,8,4,7,5,5,5,5,4,3,3
2025,4,30,10,5,12,5,3,13,3,38,33,5,38,38,6,32,19,3,5,2,5,6,3,3,3,5,6,5
2025,4,30,11,8,4,6,3,16,5,43,35,8,43,43,2,41,23,4,10,4,8,2,6,6,6,6,2,6
2025,5,1,0,7,10,4,2,8,2,30,23,7,30,30,1,29,14,4,4,3,4,1,2,2,2,5,5,4
2025,5,1,1,10,10,2,4,11,1,34,24,10,34,34,1,33,20,5,5,5,8,1,6,6,6,1,5,2
2025,5,1,2,9,4,5,5,11,2,35,26,9,35,35,1,34,20,4,5,5,8,1,2,2,2,6,2,5
2025,5,1,3,4,2,6,1,12,4,26,22,4,26,26,2,24,16,3,9,1,6,2,1,1,1,2,1,6
2025,5,1,4,8,6,3,1,15,6,35,27,8,35,35,2,33,20,4,9,4,4,2,4,4,4,5,3,3
2025,5,1,5,4,10,2,6,21,6,39,35,4,39,39,6,33,28,1,12,3,12,6,3,3,3,1,5,2
2025,5,1,6,12,6,4,4,15,3,40,28,12,40,40,2,38,25,6,7,6,8,2,6,6,6,2,3,4
2025,5,1,7,11,6,4,1,14,3,30,19,11,30,30,4,26,20,5,4,6,2,4,2,2,2,1,3,4
2025,5,1,8,10,2,5,1,20,3,35,25,10,35,35,5,30,25,4,9,6,7,5,3,3,3,1,1,5
2025,5,1,9,10,8,1,4,17,5,38,28,10,38,38,5,33,26,5,7,5,6,5,6,6,6,1,4,1
2025,5,1,10,6,12,2,6,18,6,37,31,6,37,37,4,33,27,3,11,3,11,4,1,1,1,1,6,2
2025,5,1,11,7,2,1,2,7,1,21,14,7,21,21,2,19,14,5,3,2,4,2,4,4,4,1,1,1
2025,5,2,0,4,8,3,4,19,6,43,39,4,43,43,6,37,25,2,11,2,9,6,5,5,5,6,4,3
2025,5,2,1,7,4,2,5,17,3,31,24,7,31,31,4,27,23,1,7,6,9,4,3,3,3,1,2,2
2025,5,2,2,7,12,1,1,18,5,35,28,7,35,35,2,33,21,2,11,5,7,2,6,6,6,1,6,1
2025,5,2,3,11,4,6,5,14,2,42,31,11,42,42,6,36,25,6,3,5,6,6,5,5,5,4,2,6
2025,5,2,4,8,10,4,6,16,4,38,30,8,38,38,4,34,25,3,7,5,9,4,2,2,2,2,5,4
2025,5,2,5,7,12,6,6,18,6,45,38,7,45,45,2,43,26,2,11,5,11,2,4,4,4,3,6,6
2025,5,2,6,10,4,1,2,14,5,27,17,10,27,27,2,25,20,4,6,6,3,2,3,3,3,1,2,1
2025,5,2,7,7,8,6,3,10,4,36,29,7,36,36,1,35,19,6,8,1,7,1,4,4,4,3,4,6
2025,5,2,8,6,6,5,2,8,3,34,28,6,34,34,2,32,15,5,5,1,4,2,5,5,5,6,3,5
2025,5,2,9,7,4,5,6,10,2,36,29,7,36,36,4,32,21,5,4,2,8,4,6,6,6,2,2,5
2025,5,2,10,5,4,5,4,11,2,27,22,5,27,27,2,25,17,2,6,3,8,2,2,2,2,1,2,5
2025,5,2,11,10,8,4,4,14,1,39,29,10,39,39,3,36,23,5,6,5,9,3,5,5,5,3,4,4
2025,5,3,0,8,12,2,1,15,2,31,23,8,31,31,2,29,19,3,8,5,7,2,1,1,1,3,6,2
2025,5,3,1,11,12,3,3,17,3,44,33,11,44,44,4,40,25,5,7,6,7,4,4,4,4,6,6,3
2025,5,3,2,9,4,3,6,16,3,35,26,9,35,35,2,33,26,4,9,5,12,2,1,1,1,3,2,3
2025,5,3,3,4,6,3,6,15,5,35,31,4,35,35,6,29,22,1,6,3,7,6,2,2,2,5,3,3
2025,5,3,4,5,12,4,3,10,6,35,30,5,35,35,1,34,16,3,7,2,4,1,6,6,6,3,6,4
2025,5,3,5,7,6,2,3,10,3,32,25,7,32,32,2,30,19,6,7,1,7,2,3,3,3,5,3,2
2025,5,3,6,8,8,4,3,16,4,38,30,8,38,38,4,34,22,3,7,5,6,4,6,6,6,2,4,4
2025,5,3,7,7,4,6,6,13,4,30,23,7,30,30,2,28,20,1,5,6,7,2,1,1,1,1,2,6
2025,5,3,8,8,4,2,5,14,2,31,23,8,31,31,4,27,24,5,7,3,10,4,1,1,1,2,2,2
2025,5,3,9,5,12,6,5,11,5,43,38,5,43,43,4,39,20,4,6,1,6,4,6,6,6,5,6,6
2025,5,3,10,5,8,4,2,19,4,37,32,5,37,37,5,32,22,1,10,4,8,5,3,3,3,4,4,4
2025,5,3,11,9,12,2,5,10,1,30,21,9,30,30,3,27,19,4,2,5,6,3,1,1,1,2,6,2
2025,5,4,0,9,2,2,5,20,6,39,30,9,39,39,5,34,28,3,9,6,8,5,6,6,6,2,1,2
2025,5,4,1,5,6,5,3,9,3,28,23,5,28,28,1,27,16,4,7,1,7,1,3,3,3,1,3,5
2025,5,4,2,9,10,5,3,11,2,34,25,9,34,34,3,31,18,4,3,5,4,3,3,3,3,3,5,5
2025,5,4,3,11,8,2,1,17,4,34,23,11,34,34,3,31,23,5,8,6,5,3,3,3,3,2,4,2
2025,5,4,4,9,2,4,3,19,5,40,31,9,40,40,5,35,27,5,10,4,8,5,6,6,6,2,1,4
2025,5,4,5,6,8,3,3,12,4,33,27,6,33,33,4,29,18,3,5,3,4,4,6,6,6,2,4,3
2025,5,4,6,6,4,3,6,11,5,31,25,6,31,31,1,30,19,2,6,4,7,1,2,2,2,5,2,3
2025,5,4,7,2,2,3,2,7,2,26,24,2,26,26,3,23,10,1,3,1,3,3,6,6,6,6,1,3
2025,5,4,8,9,2,5,6,11,6,39,30,9,39,39,1,38,23,6,7,3,7,1,6,6,6,4,1,5
2025,5,4,9,7,10,6,2,12,2,34,27,7,34,34,4,30,16,2,3,5,3,4,2,2,2,5,5,6
2025,5,4,10,8,4,2,3,11,3,29,21,8,29,29,1,28,19,5,7,3,7,1,4,4,4,2,2,2
2025,5,4,11,4,8,3,1,8,2,29,25,4,29,29,2,27,10,1,3,3,2,2,6,6,6,6,4,3
2025,5,5,0,2,4,6,4,8,2,26,24,2,26,26,3,23,13,1,4,1,6,3,1,1,1,4,2,6
2025,5,5,1,9,8,2,1,17,1,35,26,9,35,35,4,31,21,3,7,6,7,4,3,3,3,5,4,2
2025,5,5,2,7,10,3,2,12,4,27,20,7,27,27,2,25,16,2,5,5,3,2,2,2,2,1,5,3
2025,5,5,3,7,12,2,6,19,6,44,37,7,44,44,3,41,28,3,12,4,12,3,2,2,2,6,6,2
2025,5,5,4,7,10,1,3,15,2,36,29,7,36,36,4,32,22,4,8,3,9,4,6,6,6,2,5,1
2025,5,5,5,10,12,1,1,19,6,40,30,10,40,40,5,35,25,5,9,5,4,5,2,2,2,6,6,1
2025,5,5,6,11,6,5,6,17,5,43,32,11,43,43,5,38,28,5,6,6,7,5,2,2,2,5,3,5
2025,5,5,7,5,2,4,1,12,5,29,24,5,29,29,2,27,14,1,6,4,2,2,6,6,6,4,1,4
2025,5,5,8,6,12,2,1,16,6,34,28,6,34,34,6,28,22,5,9,1,4,6,1,1,1,3,6,2
2025,5,5,9,7,2,3,2,10,2,28,21,7,28,28,5,23,18,6,4,1,4,5,4,4,4,2,1,3
2025,5,5,10,4,6,4,2,9,4,25,21,4,25,25,2,23,13,2,5,2,3,2,3,3,3,2,3,4
2025,5,5,11,3,2,6,4,16,5,34,31,3,34,34,6,28,21,1,8,2,7,6,1,1,1,5,1,6
2025,5,6,0,8,8,5,6,17,5,45,37,8,45,45,4,41,27,4,9,4,10,4,3,3,3,6,4,5
2025,5,6,1,7,12,2,6,15,4,40,33,7,40,40,5,35,25,4,7,3,9,5,4,4,4,3,6,2
2025,5,6,2,9,2,5,2,16,3,31,22,9,31,31,2,29,21,3,8,6,7,2,3,3,3,1,1,5
2025,5,6,3,7,2,4,2,15,2,28,21,7,28,28,4,24,18,1,5,6,5,4,2,2,2,3,1,4
2025,5,6,4,5,4,6,1,12,4,34,29,5,34,34,4,30,15,2,5,3,2,4,6,6,6,5,2,6
2025,5,6,5,6,4,1,4,18,6,36,30,6,36,36,5,31,23,1,8,5,6,5,4,4,4,6,2,1
2025,5,6,6,3,6,4,5,15,4,35,32,3,35,35,3,32,21,1,10,2,11,3,5,5,5,2,3,4
2025,5,6,7,7,12,5,3,16,3,34,27,7,34,34,3,31,21,2,8,5,8,3,1,1,1,1,6,5
2025,5,6,8,4,6,4,5,10,1,33,29,4,33,33,6,27,17,2,2,2,6,6,6,6,6,3,3,4
2025,5,6,9,6,4,2,1,12,3,29,23,6,29,29,1,28,17,4,9,2,7,1,2,2,2,6,2,2
2025,5,6,10,6,6,5,4,22,5,45,39,6,45,45,6,39,27,1,11,5,10,6,4,4,4,6,3,5
2025,5,6,11,4,12,2,5,13,5,33,29,4,33,33,4,29,19,1,6,3,6,4,4,4,4,2,6,2
2025,5,7,0,12,2,3,6,13,1,37,25,12,37,37,2,35,25,6,5,6,10,2,6,6,6,2,1,3
2025,5,7,1,12,4,3,2,22,5,43,31,12,43,43,5,38,30,6,11,6,8,5,6,6,6,2,2,3
2025,5,7,2,6,12,5,2,14,1,30,24,6,30,30,3,27,17,1,6,5,7,3,1,1,1,1,6,5
2025,5,7,3,7,12,1,1,18,5,37,30,7,37,37,5,32,22,3,9,4,5,5,2,2,2,6,6,1
2025,5,7,4,11,6,1,5,19,6,46,35,11,46,46,6,40,30,6,8,5,7,6,6,6,6,6,3,1
2025,5,7,5,7,2,2,3,16,5,35,28,7,35,35,3,32,23,4,10,3,8,3,4,4,4,5,1,2
2025,5,7,6,7,4,1,6,15,3,38,31,7,38,38,5,33,23,2,5,5,8,5,6,6,6,6,2,1
2025,5,7,7,5,2,1,6,8,1,28,23,5,28,28,4,24,18,4,3,1,8,4,2,2,2,6,1,1
2025,5,7,8,5,8,4,6,15,5,37,32,5,37,37,6,31,25,4,8,1,9,6,1,1,1,3,4,4
2025,5,7,9,6,2,2,4,12,1,27,21,6,27,27,5,22,19,3,4,3,7,5,1,1,1,4,1,2
2025,5,7,10,7,10,2,4,17,2,37,30,7,37,37,4,33,23,2,8,5,10,4,4,4,4,3,5,2
2025,5,7,11,9,12,2,2,15,5,43,34,9,43,43,5,38,23,6,7,3,4,5,6,6,6,6,6,2
2025,5,8,0,8,8,6,1,14,5,35,27,8,35,35,1,34,18,3,8,5,4,1,3,3,3,4,4,6
2025,5,8,1,5,6,4,1,15,2,33,28,5,33,33,6,27,19,3,7,2,6,6,1,1,1,6,3,4
2025,5,8,2,6,6,6,2,17,6,40,34,6,40,40,5,35,24,5,11,1,7,5,6,6,6,1,3,6
2025,5,8,3,7,2,5,3,15,1,34,27,7,34,34,6,28,20,2,4,5,6,6,2,2,2,6,1,5
2025,5,8,4,3,6,3,1,13,4,28,25,3,28,28,3,25,15,1,8,2,5,3,6,6,6,1,3,3
2025,5,8,5,6,10,1,2,13,1,28,22,6,28,28,2,26,16,1,6,5,7,2,1,1,1,5,5,1
2025,5,8,6,6,6,1,2,14,3,33,27,6,33,33,6,27,21,5,7,1,6,6,3,3,3,5,3,1
2025,5,8,7,8,12,4,6,17,2,37,29,8,37,37,4,33,25,2,7,6,11,4,1,1,1,1,6,4
2025,5,8,8,7,4,1,1,14,3,31,24,7,31,31,5,26,20,5,7,2,5,5,2,2,2,6,2,1
2025,5,8,9,10,12,3,3,18,5,38,28,10,38,38,2,36,25,4,10,6,8,2,3,3,3,1,6,3
2025,5,8,10,7,8,2,2,12,1,33,26,7,33,33,6,27,19,5,4,2,5,6,5,5,5,3,4,2
2025,5,8,11,5,12,4,4,10,2,34,29,5,34,34,4,30,17,3,4,2,6,4,2,2,2,5,6,4
2025,5,9,0,4,4,1,3,9,4,26,22,4,26,26,3,23,15,3,5,1,4,3,4,4,4,4,2,1
2025,5,9,1,10,6,6,1,15,4,36,26,10,36,36,2,34,22,6,9,4,6,2,3,3,3,2,3,6
2025,5,9,2,5,10,1,5,11,3,29,24,5,29,29,3,26,17,1,4,4,6,3,5,5,5,1,5,1
2025,5,9,3,6,4,1,3,18,5,33,27,6,33,33,6,27,22,1,7,5,5,6,5,5,5,3,2,1
2025,5,9,4,6,6,2,2,15,4,27,21,6,27,27,4,23,19,2,7,4,5,4,1,1,1,2,3,2
2025,5,9,5,4,6,2,3,14,5,27,23,4,27,27,4,23,19,2,8,2,6,4,2,2,2,1,3,2
2025,5,9,6,7,10,4,3,18,6,37,30,7,37,37,4,33,22,1,8,6,5,4,3,3,3,3,5,4
2025,5,9,7,10,8,5,5,17,6,43,33,10,43,43,1,42,27,5,11,5,10,1,1,1,1,6,4,5
2025,5,9,8,4,8,3,4,14,2,35,31,4,35,35,3,32,19,1,8,3,10,3,5,5,5,4,4,3
2025,5,9,9,6,2,3,5,15,6,34,28,6,34,34,1,33,24,4,12,2,11,1,3,3,3,3,1,3
2025,5,9,10,11,4,5,3,19,6,41,30,11,41,41,4,37,27,5,9,6,6,4,3,3,3,4,2,5
2025,5,9,11,7,12,3,2,13,3,38,31,7,38,38,3,35,19,4,7,3,6,3,4,4,4,6,6,3
2025,5,10,0,10,8,1,3,14,1,32,22,10,32,32,4,28,22,5,5,5,7,4,3,3,3,2,4,1
2025,5,10,1,6,10,2,5,12,1,39,33,6,39,39,2,37,20,3,7,3,11,2,6,6,6,6,5,2
2025,5,10,2,9,2,3,6,13,1,31,22,9,31,31,6,25,24,5,3,4,8,6,2,2,2,1,1,3
2025,5,10,3,8,8,2,2,19,6,40,32,8,40,40,4,36,24,3,10,5,6,4,4,4,4,6,4,2
2025,5,10,4,10,4,1,6,14,3,34,24,10,34,34,1,33,24,4,7,6,10,1,2,2,2,5,2,1
2025,5,10,5,6,2,3,3,10,2,29,23,6,29,29,2,27,17,4,6,2,7,2,3,3,3,5,1,3
2025,5,10,6,6,10,5,5,12,2,37,31,6,37,37,3,34,19,2,5,4,8,3,5,5,5,3,5,5
2025,5,10,7,8,8,1,1,15,3,31,23,8,31,31,2,29,19,3,8,5,6,2,4,4,4,3,4,1
2025,5,10,8,8,8,1,3,11,1,36,28,8,36,36,5,31,19,5,3,3,5,5,6,6,6,6,4,1
2025,5,10,9,7,8,4,3,23,6,38,31,7,38,38,6,32,27,1,11,6,8,6,1,1,1,2,4,4
2025,5,10,10,8,12,4,5,13,5,43,35,8,43,43,3,40,24,6,8,2,8,3,3,3,3,6,6,4
2025,5,10,11,6,10,2,1,15,5,34,28,6,34,34,5,29,21,5,9,1,5,5,2,2,2,4,5,2
2025,5,11,0,6,6,2,1,14,6,31,25,6,31,31,2,29,16,1,7,5,2,2,4,4,4,6,3,2
2025,5,11,1,12,2,4,2,18,2,36,24,12,36,36,6,30,26,6,6,6,6,6,2,2,2,3,1,4
2025,5,11,2,9,10,1,2,23,5,44,35,9,44,44,6,38,28,3,11,6,8,6,4,4,4,6,5,1
2025,5,11,3,6,6,4,4,9,2,32,26,6,32,32,4,28,18,5,4,1,6,4,6,6,6,1,3,4
2025,5,11,4,9,10,5,2,15,2,40,31,9,40,40,5,35,22,5,6,4,6,5,5,5,5,3,5,5
2025,5,11,5,7,2,1,1,7,2,23,16,7,23,23,1,22,14,6,5,1,4,1,6,6,6,1,1,1
2025,5,11,6,11,12,6,1,13,1,42,31,11,42,42,4,38,19,5,3,6,3,4,5,5,5,6,6,6
2025,5,11,7,7,8,5,3,15,4,37,30,7,37,37,2,35,22,4,10,3,9,2,2,2,2,4,4,5
2025,5,11,8,8,2,6,2,11,1,32,24,8,32,32,5,27,19,6,4,2,5,5,2,2,2,4,1,6
2025,5,11,9,4,2,4,5,13,2,30,26,4,30,30,6,24,20,2,5,2,8,6,4,4,4,1,1,4
2025,5,11,10,8,2,1,3,8,1,22,14,8,22,22,1,21,14,3,2,5,4,1,3,3,3,3,1,1
2025,5,11,11,7,2,1,3,19,5,36,29,7,36,36,4,32,25,3,11,4,9,4,3,3,3,6,1,1
2025,5,12,0,7,6,6,6,13,1,39,32,7,39,39,5,34,21,2,3,5,8,5,6,6,6,3,3,6
2025,5,12,1,6,6,5,3,13,1,34,28,6,34,34,3,31,18,2,6,4,8,3,2,2,2,6,3,5
2025,5,12,2,7,10,5,3,12,2,35,28,7,35,35,1,34,17,2,6,5,7,1,5,5,5,3,5,5
2025,5,12,3,8,6,3,6,16,4,36,28,8,36,36,3,33,25,3,8,5,10,3,4,4,4,1,3,3
2025,5,12,4,7,2,2,4,18,6,37,30,7,37,37,4,33,26,4,11,3,9,4,3,3,3,5,1,2
2025,5,12,5,9,4,2,6,15,1,35,26,9,35,35,6,29,24,3,3,6,8,6,5,5,5,2,2,2
2025,5,12,6,6,12,6,3,9,5,38,32,6,38,38,2,36,17,5,6,1,4,2,6,6,6,3,6,6
2025,5,12,7,11,10,3,6,17,5,46,35,11,46,46,4,42,29,6,8,5,9,4,6,6,6,3,5,3
2025,5,12,8,6,10,2,2,18,6,43,37,6,43,43,6,37,25,5,11,1,7,6,6,6,6,5,5,2
2025,5,12,9,10,8,4,2,14,6,36,26,10,36,36,3,33,22,6,7,4,3,3,2,2,2,4,4,4
2025,5,12,10,12,2,1,5,17,5,34,22,12,34,34,1,33,28,6,10,6,10,1,3,3,3,1,1,1
2025,5,12,11,8,6,6,5,14,2,42,34,8,42,42,6,36,24,5,5,3,8,6,3,3,3,6,3,6
2025,5,13,0,2,8,1,4,4,1,22,20,2,22,22,1,21,9,1,2,1,5,1,4,4,4,4,4,1
2025,5,13,1,10,4,3,4,15,2,33,23,10,33,33,3,30,23,4,6,6,8,3,1,1,1,4,2,3
2025,5,13,2,7,4,6,2,13,2,33,26,7,33,33,5,28,19,4,5,3,5,5,2,2,2,4,2,6
2025,5,13,3,7,6,1,3,10,6,25,18,7,25,25,1,24,18,5,7,2,4,1,1,1,1,2,3,1
2025,5,13,4,7,6,6,4,13,4,39,32,7,39,39,1,38,19,2,7,5,7,1,6,6,6,5,3,6
2025,5,13,5,6,4,6,6,15,4,39,33,6,39,39,6,33,26,5,8,1,10,6,1,1,1,4,2,6
2025,5,13,6,7,8,5,1,18,5,39,32,7,39,39,1,38,20,1,11,6,7,1,6,6,6,4,4,5
2025,5,13,7,7,8,6,5,13,4,41,34,7,41,41,4,37,24,6,8,1,9,4,4,4,4,3,4,6
2025,5,13,8,12,2,3,2,16,3,37,25,12,37,37,6,31,24,6,4,6,3,6,6,6,6,3,1,3
2025,5,13,9,10,10,5,5,19,6,47,37,10,47,47,2,45,29,5,12,5,11,2,5,5,5,3,5,5
2025,5,13,10,9,4,1,2,13,6,27,18,9,27,27,1,26,20,5,8,4,4,1,2,2,2,2,2,1
2025,5,13,11,2,8,4,4,15,6,30,28,2,30,30,2,28,20,1,12,1,10,2,1,1,1,1,4,4
2025,5,14,0,9,4,2,6,12,2,37,28,9,37,37,4,33,24,6,5,3,9,4,6,6,6,3,2,2
2025,5,14,1,4,4,1,1,11,1,23,19,4,23,23,4,19,15,3,6,1,6,4,3,3,3,2,2,1
2025,5,14,2,12,10,5,2,15,4,38,26,12,38,38,3,35,23,6,6,6,4,3,4,4,4,1,5,5
2025,5,14,3,6,10,3,6,14,6,44,38,6,44,44,3,41,24,4,9,2,9,3,6,6,6,6,5,3
2025,5,14,4,10,12,3,2,18,3,44,34,10,44,44,4,40,25,5,9,5,8,4,4,4,4,6,6,3
2025,5,14,5,6,12,2,5,14,1,31,25,6,31,31,4,27,21,2,6,4,10,4,1,1,1,1,6,2
2025,5,14,6,4,4,6,4,11,2,34,30,4,34,34,2,32,16,1,6,3,8,2,5,5,5,5,2,6
2025,5,14,7,12,12,1,6,16,1,40,28,12,40,40,4,36,28,6,6,6,11,4,1,1,1,4,6,1
2025,5,14,8,10,12,3,1,11,2,35,25,10,35,35,3,32,18,6,4,4,3,3,4,4,4,4,6,3
2025,5,14,9,8,6,5,2,17,5,41,33,8,41,41,2,39,22,3,10,5,7,2,5,5,5,6,3,5
2025,5,14,10,6,10,4,2,10,4,33,27,6,33,33,4,29,17,5,5,1,3,4,6,6,6,1,5,4
2025,5,14,11,7,12,6,3,12,2,35,28,7,35,35,4,31,17,2,3,5,4,4,5,5,5,1,6,6
2025,5,15,0,10,2,4,1,20,6,39,29,10,39,39,2,37,25,4,12,6,7,2,3,3,3,6,1,4
2025,5,15,1,5,12,6,1,15,5,40,35,5,40,40,1,39,18,2,11,3,7,1,4,4,4,6,6,6
2025,5,15,2,5,4,2,1,14,3,29,24,5,29,29,4,25,16,1,6,4,4,4,3,3,3,6,2,2
2025,5,15,3,11,8,6,5,19,5,47,36,11,47,47,2,45,29,5,11,6,11,2,6,6,6,2,4,6
2025,5,15,4,8,6,1,6,16,3,39,31,8,39,39,5,34,28,6,9,2,12,5,3,3,3,4,3,1
2025,5,15,5,9,8,2,2,13,6,33,24,9,33,33,2,31,21,6,8,3,4,2,2,2,2,4,4,2
2025,5,15,6,6,8,4,4,13,2,34,28,6,34,34,3,31,18,1,5,5,7,3,6,6,6,2,4,4
2025,5,15,7,9,4,5,5,15,4,33,24,9,33,33,1,32,23,3,8,6,9,1,1,1,1,2,2,5
2025,5,15,8,10,2,3,4,18,3,41,31,10,41,41,6,35,26,4,6,6,7,6,5,5,5,6,1,3
2025,5,15,9,6,12,4,1,18,3,35,29,6,35,35,5,30,20,1,8,5,6,5,4,4,4,1,6,4
2025,5,15,10,7,4,1,6,10,1,29,22,7,29,29,2,27,22,6,7,1,12,2,1,1,1,3,2,1
2025,5,15,11,7,4,3,2,13,6,35,28,7,35,35,5,30,21,6,7,1,3,5,5,5,5,4,2,3
2025,5,16,0,7,10,4,1,16,6,36,29,7,36,36,2,34,21,4,11,3,6,2,4,4,4,2,5,4
2025,5,16,1,8,2,1,1,11,1,27,19,8,27,27,1,26,17,5,7,3,7,1,6,6,6,2,1,1
2025,5,16,2,10,2,1,4,17,4,36,26,10,36,36,6,30,26,5,6,5,6,6,2,2,2,6,1,1
2025,5,16,3,9,6,6,6,14,1,40,31,9,40,40,4,36,24,4,5,5,10,4,1,1,1,6,3,6
2025,5,16,4,5,8,2,2,10,1,31,26,5,31,31,5,26,15,3,3,2,4,5,6,6,6,4,4,2
2025,5,16,5,9,4,5,3,21,5,44,35,9,44,44,6,38,29,5,11,4,9,6,2,2,2,6,2,5
2025,5,16,6,6,6,2,6,13,2,35,29,6,35,35,3,32,22,3,7,3,11,3,5,5,5,3,3,2
2025,5,16,7,5,12,3,3,19,6,38,33,5,38,38,6,32,23,1,9,4,6,6,1,1,1,5,6,3
2025,5,16,8,5,12,1,4,15,2,35,30,5,35,35,6,29,21,2,6,3,8,6,5,5,5,2,6,1
2025,5,16,9,2,2,3,1,7,2,20,18,2,20,20,2,18,9,1,4,1,3,2,2,2,2,5,1,3
2025,5,16,10,11,4,3,3,13,3,34,23,11,34,34,3,31,21,5,4,6,4,3,6,6,6,2,2,3
2025,5,16,11,9,8,4,2,14,2,37,28,9,37,37,5,32,20,4,4,5,4,5,5,5,5,4,4,4
2025,5,17,0,9,12,2,1,18,4,37,28,9,37,37,5,32,25,6,10,3,7,5,1,1,1,3,6,2
2025,5,17,1,4,6,3,1,9,5,24,20,4,24,24,1,23,13,3,7,1,3,1,2,2,2,3,3,3
2025,5,17,2,3,10,2,4,11,2,34,31,3,34,34,1,33,16,1,8,2,10,1,6,6,6,5,5,2
2025,5,17,3,9,10,2,3,19,6,41,32,9,41,41,4,37,27,5,11,4,8,4,6,6,6,1,5,2
2025,5,17,4,7,2,2,2,16,6,28,21,7,28,28,3,25,19,1,7,6,3,3,3,3,3,3,1,2
2025,5,17,5,4,8,2,5,10,2,32,28,4,32,32,3,29,18,3,6,1,9,3,4,4,4,4,4,2
2025,5,17,6,11,12,5,1,17,6,46,35,11,46,46,2,44,24,6,10,5,5,2,6,6,6,5,6,5
2025,5,17,7,12,2,3,1,13,3,34,22,12,34,34,3,31,20,6,4,6,2,3,4,4,4,6,1,3
2025,5,17,8,7,6,3,4,13,4,33,26,7,33,33,2,31,22,5,9,2,9,2,2,2,2,3,3,3
2025,5,17,9,10,12,4,2,15,2,42,32,10,42,42,3,39,23,6,8,4,8,3,4,4,4,5,6,4
2025,5,17,10,7,8,1,6,16,6,40,33,7,40,40,5,35,27,5,9,2,9,5,2,2,2,6,4,1
2025,5,17,11,9,2,2,4,11,2,30,21,9,30,30,1,29,21,6,7,3,9,1,5,5,5,1,1,2
2025,5,18,0,3,6,6,3,16,6,37,34,3,37,37,3,34,20,1,11,2,8,3,6,6,6,2,3,6
2025,5,18,1,11,4,3,6,14,5,40,29,11,40,40,3,37,26,6,6,5,7,3,4,4,4,5,2,3
2025,5,18,2,11,12,6,3,19,6,43,32,11,43,43,5,38,27,5,8,6,5,5,3,3,3,1,6,6
2025,5,18,3,10,12,5,3,13,2,40,30,10,40,40,1,39,21,5,7,5,8,1,6,6,6,2,6,5
2025,5,18,4,10,8,2,1,12,1,30,20,10,30,30,6,24,19,6,2,4,2,6,4,4,4,1,4,2
2025,5,18,5,2,6,1,1,10,4,23,21,2,23,23,3,20,12,1,6,1,3,3,2,2,2,5,3,1
2025,5,18,6,11,6,3,3,14,3,36,25,11,36,36,1,35,23,6,8,5,8,1,3,3,3,4,3,3
2025,5,18,7,6,8,5,1,8,2,31,25,6,31,31,2,29,14,5,5,1,4,2,4,4,4,4,4,5
2025,5,18,8,5,6,6,5,13,2,35,30,5,35,35,2,33,19,1,7,4,10,2,4,4,4,3,3,6
2025,5,18,9,6,8,1,1,16,2,29,23,6,29,29,3,26,18,1,8,5,7,3,2,2,2,4,4,1
2025,5,18,10,8,12,3,1,16,6,36,28,8,36,36,2,34,20,3,9,5,4,2,5,5,5,2,6,3
2025,5,18,11,9,2,6,3,9,1,35,26,9,35,35,2,33,18,6,4,3,6,2,5,5,5,5,1,6
2025,5,19,0,9,10,2,1,18,4,40,31,9,40,40,3,37,23,4,10,5,7,3,4,4,4,6,5,2
2025,5,19,1,7,8,2,6,12,3,31,24,7,31,31,2,29,20,2,5,5,8,2,1,1,1,4,4,2
2025,5,19,2,8,2,1,2,10,2,26,18,8,26,26,1,25,15,3,4,5,4,1,6,6,6,3,1,1
2025,5,19,3,2,10,4,4,7,3,32,30,2,32,32,1,31,12,1,5,1,6,1,6,6,6,5,5,4
2025,5,19,4,3,12,1,3,13,3,30,27,3,30,30,3,27,18,2,9,1,9,3,1,1,1,4,6,1
2025,5,19,5,10,10,5,3,19,3,44,34,10,44,44,6,38,26,4,7,6,7,6,4,4,4,4,5,5
2025,5,19,6,9,2,5,5,15,2,33,24,9,33,33,4,29,24,4,6,5,9,4,2,2,2,1,1,5
2025,5,19,7,5,10,5,3,16,6,35,30,5,35,35,2,33,21,2,11,3,8,2,3,3,3,1,5,5
2025,5,19,8,10,2,2,5,18,3,33,23,10,33,33,4,29,28,5,9,5,11,4,1,1,1,1,1,2
2025,5,19,9,7,10,4,2,18,6,38,31,7,38,38,3,35,24,4,12,3,8,3,3,3,3,2,5,4
2025,5,19,10,8,8,4,1,19,4,40,32,8,40,40,6,34,23,3,8,5,5,6,3,3,3,6,4,4
2025,5,19,11,5,4,6,6,12,2,32,27,5,32,32,2,30,19,1,6,4,10,2,2,2,2,3,2,6
2025,5,20,0,7,8,4,5,8,3,36,29,7,36,36,2,34,18,5,4,2,6,2,5,5,5,5,4,4
2025,5,20,1,4,6,3,2,16,2,31,27,4,31,31,6,25,19,1,7,3,7,6,1,1,1,5,3,3
2025,5,20,2,8,10,2,4,14,5,36,28,8,36,36,3,33,21,3,6,5,5,3,5,5,5,3,5,2
2025,5,20,3,9,2,1,1,16,6,30,21,9,30,30,5,25,22,5,7,4,2,5,5,5,5,1,1,1
2025,5,20,4,3,10,5,6,15,3,41,38,3,41,41,6,35,23,2,8,1,11,6,3,3,3,5,5,5
2025,5,20,5,8,4,6,3,14,2,33,25,8,33,33,2,31,19,2,6,6,7,2,3,3,3,3,2,6
2025,5,20,6,3,12,4,1,12,4,29,26,3,29,29,5,24,14,1,5,2,2,5,3,3,3,2,6,4
2025,5,20,7,10,6,1,3,16,2,36,26,10,36,36,5,31,25,6,7,4,8,5,6,6,6,1,3,1
2025,5,20,8,6,4,4,6,15,5,36,30,6,36,36,3,33,23,2,8,4,9,3,6,6,6,1,2,4
2025,5,20,9,6,2,6,3,17,5,39,33,6,39,39,6,33,24,4,9,2,7,6,6,6,6,2,1,6
2025,5,20,10,4,2,5,1,18,3,31,27,4,31,31,6,25,20,1,9,3,7,6,1,1,1,4,1,5
2025,5,20,11,3,2,3,6,16,3,37,34,3,37,37,5,32,23,1,9,2,12,5,4,4,4,6,1,3
2025,5,21,0,8,12,3,4,10,1,32,24,8,32,32,4,28,19,5,3,3,6,4,3,3,3,1,6,3
2025,5,21,1,9,8,4,6,17,2,44,35,9,44,44,5,39,28,5,8,4,12,5,3,3,3,5,4,4
2025,5,21,2,8,12,6,3,13,4,40,32,8,40,40,4,36,21,5,6,3,5,4,6,6,6,1,6,6
2025,5,21,3,8,10,1,4,15,6,35,27,8,35,35,3,32,24,5,9,3,7,3,3,3,3,2,5,1
2025,5,21,4,11,8,2,4,15,2,35,24,11,35,35,3,32,25,6,7,5,9,3,2,2,2,2,4,2
2025,5,21,5,5,12,4,1,16,5,38,33,5,38,38,2,36,19,2,11,3,7,2,3,3,3,6,6,4
2025,5,21,6,7,12,5,1,15,4,36,29,7,36,36,4,32,20,4,8,3,5,4,2,2,2,3,6,5
2025,5,21,7,4,2,4,2,17,6,37,33,4,37,37,6,31,21,2,9,2,5,6,6,6,6,5,1,4
2025,5,21,8,7,10,5,3,12,1,37,30,7,37,37,3,34,20,5,7,2,9,3,1,1,1,6,5,5
2025,5,21,9,9,12,2,4,11,2,37,28,9,37,37,5,32,21,6,3,3,5,5,6,6,6,2,6,2
2025,5,21,10,5,6,3,6,14,3,29,24,5,29,29,2,27,21,1,8,4,11,2,1,1,1,1,3,3
2025,5,21,11,8,2,5,3,10,3,35,27,8,35,35,1,34,19,6,7,2,7,1,5,5,5,5,1,5
2025,5,22,0,6,12,3,5,7,2,27,21,6,27,27,1,26,15,3,3,3,6,1,2,2,2,1,6,3
2025,5,22,1,7,4,4,1,15,2,29,22,7,29,29,5,24,18,2,5,5,4,5,3,3,3,2,2,4
2025,5,22,2,8,8,2,1,13,2,30,22,8,30,30,1,29,16,2,6,6,5,1,4,4,4,4,4,2
2025,5,22,3,3,8,3,2,13,4,30,27,3,30,30,2,28,17,2,10,1,8,2,2,2,2,4,4,3
2025,5,22,4,8,4,2,4,16,5,38,30,8,38,38,5,33,26,6,9,2,8,5,4,4,4,4,2,2
2025,5,22,5,9,6,2,4,20,5,41,32,9,41,41,6,35,30,6,11,3,10,6,1,1,1,5,3,2
2025,5,22,6,7,8,2,4,14,3,34,27,7,34,34,4,30,22,4,7,3,8,4,1,1,1,5,4,2
2025,5,22,7,9,10,6,1,19,5,38,29,9,38,38,4,34,23,3,9,6,5,4,2,2,2,2,5,6
2025,5,22,8,9,2,4,2,9,1,22,13,9,22,22,1,21,14,3,2,6,3,1,2,2,2,1,1,4
2025,5,22,9,2,8,6,4,8,1,29,27,2,29,29,4,25,13,1,3,1,6,4,1,1,1,5,4,6
2025,5,22,10,7,6,4,6,13,6,39,32,7,39,39,2,37,22,3,7,4,7,2,6,6,6,4,3,4
2025,5,22,11,5,4,3,6,16,5,36,31,5,36,36,3,33,23,1,9,4,10,3,2,2,2,6,2,3
2025,5,23,0,10,6,2,4,12,3,37,27,10,37,37,3,34,22,6,5,4,6,3,4,4,4,6,3,2
2025,5,23,1,8,6,5,2,15,6,36,28,8,36,36,1,35,20,3,9,5,5,1,2,2,2,6,3,5
2025,5,23,2,7,12,4,3,17,2,37,30,7,37,37,4,33,21,1,7,6,8,4,2,2,2,4,6,4
2025,5,23,3,3,10,2,1,13,6,26,23,3,26,26,3,23,15,1,8,2,3,3,2,2,2,2,5,2
2025,5,23,4,4,4,4,3,12,3,32,28,4,32,32,3,29,18,3,8,1,8,3,6,6,6,2,2,4
2025,5,23,5,5,4,6,2,16,4,37,32,5,37,37,6,31,20,2,7,3,5,6,4,4,4,5,2,6
2025,5,23,6,12,12,1,6,10,1,38,26,12,38,38,1,37,22,6,3,6,8,1,3,3,3,6,6,1
2025,5,23,7,5,2,2,2,10,2,22,17,5,22,22,4,18,16,4,5,1,5,4,2,2,2,1,1,2
2025,5,23,8,6,2,4,1,19,6,32,26,6,32,32,5,27,24,4,12,2,7,5,1,1,1,2,1,4
2025,5,23,9,7,10,4,1,11,2,31,24,7,31,31,5,26,16,4,3,3,2,5,3,3,3,3,5,4
2025,5,23,10,3,4,6,4,12,1,30,27,3,30,30,5,25,18,2,6,1,9,5,3,3,3,1,2,6
2025,5,23,11,2,6,2,2,13,5,26,24,2,26,26,3,23,16,1,9,1,6,3,3,3,3,2,3,2
2025,5,24,0,6,10,4,1,15,6,36,30,6,36,36,1,35,20,4,12,2,7,1,5,5,5,2,5,4
2025,5,24,1,5,8,3,6,17,5,42,37,5,42,42,6,36,26,3,9,2,10,6,3,3,3,6,4,3
2025,5,24,2,7,6,4,6,13,3,41,34,7,41,41,3,38,22,3,6,4,9,3,6,6,6,6,3,4
2025,5,24,3,7,8,2,2,13,2,32,25,7,32,32,4,28,19,4,6,3,6,4,3,3,3,4,4,2
2025,5,24,4,4,8,2,2,16,6,35,31,4,35,35,3,32,19,1,10,3,6,3,5,5,5,5,4,2
2025,5,24,5,7,8,4,1,9,2,32,25,7,32,32,1,31,15,5,6,2,5,1,4,4,4,5,4,4
2025,5,24,6,10,6,2,4,13,2,37,27,10,37,37,2,35,23,6,7,4,9,2,3,3,3,6,3,2
2025,5,24,7,10,10,1,2,19,3,36,26,10,36,36,5,31,25,4,8,6,7,5,2,2,2,3,5,1
2025,5,24,8,3,4,5,6,15,5,35,32,3,35,35,4,31,23,2,10,1,11,4,1,1,1,4,2,5
2025,5,24,9,7,12,3,5,17,5,38,31,7,38,38,2,36,25,3,11,4,11,2,2,2,2,2,6,3
2025,5,24,10,3,10,6,4,9,2,36,33,3,36,36,4,32,14,1,3,2,5,4,5,5,5,6,5,6
2025,5,24,11,6,12,1,4,9,2,27,21,6,27,27,1,26,17,4,6,2,8,1,2,2,2,1,6,1
2025,5,25,0,5,8,5,5,17,4,43,38,5,43,43,4,39,24,2,10,3,11,4,6,6,6,4,4,5
2025,5,25,1,7,12,5,6,11,2,41,34,7,41,41,6,35,23,6,4,1,8,6,2,2,2,5,6,5
2025,5,25,2,8,2,6,5,12,3,35,27,8,35,35,1,34,21,4,7,4,9,1,4,4,4,3,1,6
2025,5,25,3,5,8,3,2,11,1,29,24,5,29,29,2,27,14,1,5,4,6,2,3,3,3,5,4,3
2025,5,25,4,3,4,1,5,10,1,30,27,3,30,30,1,29,16,1,7,2,11,1,6,6,6,5,2,1
2025,5,25,5,11,4,2,5,17,2,37,26,11,37,37,4,33,28,6,8,5,11,4,3,3,3,2,2,2
2025,5,25,6,5,4,5,1,16,5,33,28,5,33,33,4,29,20,3,10,2,6,4,5,5,5,1,2,5
2025,5,25,7,7,12,5,3,14,1,33,26,7,33,33,5,28,18,1,3,6,5,5,3,3,3,1,6,5
2025,5,25,8,8,2,3,3,13,3,33,25,8,33,33,5,28,21,5,5,3,5,5,5,5,5,3,1,3
2025,5,25,9,7,2,5,3,19,4,41,34,7,41,41,4,37,24,2,10,5,9,4,6,6,6,5,1,5
2025,5,25,10,7,4,4,3,18,6,37,30,7,37,37,3,34,22,1,9,6,6,3,5,5,5,4,2,4
2025,5,25,11,8,8,2,6,10,2,30,22,8,30,30,2,28,20,4,4,4,8,2,2,2,2,2,4,2
2025,5,26,0,7,8,1,3,9,3,31,24,7,31,31,4,27,18,6,4,1,4,4,4,4,4,4,4,1
2025,5,26,1,6,6,6,3,14,5,35,29,6,35,35,2,33,20,3,9,3,7,2,1,1,1,5,3,6
2025,5,26,2,9,12,3,6,17,6,45,36,9,45,45,6,39,29,6,8,3,8,6,1,1,1,6,6,3
2025,5,26,3,7,12,1,2,16,5,40,33,7,40,40,3,37,23,5,11,2,8,3,5,5,5,5,6,1
2025,5,26,4,9,12,2,5,15,4,40,31,9,40,40,1,39,25,5,10,4,11,1,5,5,5,2,6,2
2025,5,26,5,8,6,4,2,13,6,33,25,8,33,33,4,29,21,6,7,2,3,4,4,4,4,1,3,4
2025,5,26,6,6,6,3,5,15,4,40,34,6,40,40,4,36,23,3,8,3,9,4,5,5,5,6,3,3
2025,5,26,7,6,8,1,4,13,5,31,25,6,31,31,2,29,22,5,10,1,9,2,1,1,1,3,4,1
2025,5,26,8,3,10,5,2,11,5,32,29,3,32,32,1,31,15,2,9,1,6,1,4,4,4,3,5,5
2025,5,26,9,8,12,3,1,12,2,35,27,8,35,35,4,31,17,4,4,4,3,4,6,6,6,3,6,3
2025,5,26,10,6,6,1,2,16,5,31,25,6,31,31,4,27,22,4,10,2,7,4,3,3,3,2,3,1
2025,5,26,11,7,8,1,2,12,2,32,25,7,32,32,3,29,20,6,8,1,8,3,3,3,3,4,4,1
2025,5,27,0,8,8,5,4,15,6,42,34,8,42,42,6,36,25,6,7,2,5,6,6,6,6,2,4,5
2025,5,27,1,3,4,5,3,16,5,36,33,3,36,36,6,30,21,2,9,1,7,6,5,5,5,3,2,5
2025,5,27,2,3,6,4,4,16,5,33,30,3,33,33,6,27,21,1,8,2,7,6,3,3,3,2,3,4
2025,5,27,3,11,6,5,3,18,4,42,31,11,42,42,5,37,26,5,7,6,6,5,6,6,6,2,3,5
2025,5,27,4,4,2,6,6,11,2,33,29,4,33,33,2,31,20,3,8,1,12,2,4,4,4,2,1,6
2025,5,27,5,9,8,5,5,11,2,39,30,9,39,39,2,37,22,6,6,3,9,2,5,5,5,3,4,5
2025,5,27,6,4,12,1,1,9,3,27,23,4,27,27,3,24,12,2,4,2,2,3,2,2,2,6,6,1
2025,5,27,7,9,8,5,6,19,4,44,35,9,44,44,6,38,31,6,10,3,12,6,2,2,2,2,4,5
2025,5,27,8,8,10,6,1,16,1,33,25,8,33,33,4,29,19,2,6,6,6,4,2,2,2,1,5,6
2025,5,27,9,5,6,6,4,17,6,37,32,5,37,37,6,31,24,3,9,2,7,6,3,3,3,1,3,6
2025,5,27,10,6,12,2,4,9,3,34,28,6,34,34,1,33,15,2,4,4,5,1,5,5,5,6,6,2
2025,5,27,11,6,6,6,4,11,3,30,24,6,30,30,2,28,18,3,6,3,7,2,2,2,2,1,3,6
2025,5,28,0,12,10,2,3,22,6,45,33,12,45,45,4,41,31,6,12,6,9,4,2,2,2,5,5,2
2025,5,28,1,8,2,5,5,9,1,31,23,8,31,31,2,29,18,4,3,4,7,2,6,6,6,1,1,5
2025,5,28,2,7,10,1,2,13,3,31,24,7,31,31,1,30,18,3,8,4,7,1,2,2,2,5,5,1
2025,5,28,3,7,4,3,3,21,5,36,29,7,36,36,5,31,26,2,11,5,9,5,4,4,4,1,2,3
2025,5,28,4,5,4,3,1,6,1,20,15,5,20,20,1,19,10,3,3,2,3,1,1,1,1,4,2,3
2025,5,28,5,5,10,5,3,9,1,37,32,5,37,37,1,36,16,4,7,1,9,1,6,6,6,5,5,5
2025,5,28,6,10,12,2,5,18,5,47,37,10,47,47,3,44,27,4,9,6,9,3,6,6,6,6,6,2
2025,5,28,7,11,2,2,1,16,1,32,21,11,32,32,5,27,22,5,5,6,5,5,3,3,3,4,1,2
2025,5,28,8,7,4,1,3,12,4,30,23,7,30,30,4,26,21,6,7,1,6,4,4,4,4,2,2,1
2025,5,28,9,10,2,3,6,11,5,36,26,10,36,36,1,35,23,6,6,4,7,1,5,5,5,4,1,3
2025,5,28,10,4,2,1,5,7,1,22,18,4,22,22,3,19,14,2,2,2,6,3,3,3,3,3,1,1
2025,5,28,11,12,10,1,2,16,2,39,27,12,39,39,3,36,24,6,7,6,7,3,6,6,6,3,5,1
2025,5,29,0,9,12,4,2,15,3,43,34,9,43,43,5,38,22,5,6,4,5,5,6,6,6,5,6,4
2025,5,29,1,7,6,3,5,8,3,28,21,7,28,28,1,27,17,4,4,3,6,1,2,2,2,3,3,3
2025,5,29,2,10,6,4,1,8,2,31,21,10,31,31,1,30,15,6,3,4,2,1,6,6,6,3,3,4
2025,5,29,3,9,4,2,6,23,6,45,36,9,45,45,6,39,33,4,12,5,12,6,4,4,4,4,2,2
2025,5,29,4,6,4,1,6,11,1,33,27,6,33,33,4,29,22,5,6,1,11,4,3,3,3,5,2,1
2025,5,29,5,2,8,3,3,18,6,38,36,2,38,38,6,32,22,1,11,1,8,6,4,4,4,5,4,3
2025,5,29,6,7,8,3,3,15,2,34,27,7,34,34,5,29,19,1,4,6,5,5,4,4,4,4,4,3
2025,5,29,7,6,10,6,6,12,1,39,33,6,39,39,1,38,20,2,7,4,12,1,5,5,5,3,5,6
2025,5,29,8,11,8,1,2,21,4,42,31,11,42,42,6,36,28,5,9,6,7,6,6,6,6,3,4,1
2025,5,29,9,10,6,5,5,18,6,44,34,10,44,44,1,43,27,4,11,6,10,1,4,4,4,5,3,5
2025,5,29,10,6,6,1,3,5,1,23,17,6,23,23,1,22,12,4,2,2,4,1,1,1,1,6,3,1
2025,5,29,11,3,6,1,3,17,6,31,28,3,31,31,4,27,21,1,11,2,8,4,4,4,4,2,3,1
2025,5,30,0,9,4,3,1,20,6,33,24,9,33,33,4,29,24,3,10,6,5,4,1,1,1,3,2,3
2025,5,30,1,9,6,5,2,13,5,36,27,9,36,36,4,32,21,6,6,3,3,4,3,3,3,4,3,5
2025,5,30,2,4,12,2,5,9,2,34,30,4,34,34,2,32,17,3,6,1,9,2,6,6,6,3,6,2
2025,5,30,3,3,2,5,5,17,4,38,35,3,38,38,5,33,23,1,10,2,11,5,3,3,3,6,1,5
2025,5,30,4,6,8,5,3,10,3,34,28,6,34,34,2,32,18,5,7,1,7,2,4,4,4,3,4,5
2025,5,30,5,8,4,4,5,10,1,28,20,8,28,28,3,25,20,5,4,3,8,3,1,1,1,1,2,4
2025,5,30,6,10,12,1,4,13,1,34,24,10,34,34,6,28,23,6,3,4,6,6,3,3,3,1,6,1
2025,5,30,7,11,10,3,1,17,6,39,28,11,39,39,1,38,24,6,11,5,6,1,6,6,6,1,5,3
2025,5,30,8,3,12,4,4,14,6,36,33,3,36,36,4,32,20,2,9,1,7,4,2,2,2,4,6,4
2025,5,30,9,9,2,3,2,13,3,28,19,9,28,28,1,27,21,6,9,3,8,1,2,2,2,1,1,3
2025,5,30,10,3,2,2,4,14,4,29,26,3,29,29,3,26,19,1,9,2,9,3,2,2,2,5,1,2
2025,5,30,11,6,2,5,1,15,1,29,23,6,29,29,4,25,18,2,7,4,7,4,3,3,3,2,1,5
2025,5,31,0,3,8,3,3,9,3,28,25,3,28,28,4,24,14,2,4,1,4,4,2,2,2,5,4,3
2025,5,31,1,8,10,5,6,13,3,40,32,8,40,40,4,36,25,6,7,2,10,4,4,4,4,1,5,5
2025,5,31,2,10,8,2,3,12,4,33,23,10,33,33,2,31,21,6,6,4,5,2,2,2,2,4,4,2
2025,5,31,3,7,10,6,6,10,4,41,34,7,41,41,3,38,22,6,6,1,8,3,2,2,2,6,5,6
2025,5,31,4,6,10,3,5,10,2,40,34,6,40,40,4,36,20,5,5,1,8,4,6,6,6,6,5,3
2025,5,31,5,12,6,1,3,18,4,38,26,12,38,38,6,32,27,6,6,6,5,6,5,5,5,2,3,1
2025,5,31,6,9,4,3,3,14,3,35,26,9,35,35,4,31,22,5,6,4,6,4,2,2,2,6,2,3
2025,5,31,7,8,12,2,5,9,1,30,22,8,30,30,3,27,20,6,4,2,8,3,1,1,1,1,6,2
2025,5,31,8,7,12,3,1,13,4,31,24,7,31,31,4,27,17,3,5,4,2,4,2,2,2,3,6,3
2025,5,31,9,10,8,2,2,17,6,39,29,10,39,39,5,34,24,5,7,5,3,5,3,3,3,6,4,2
2025,5,31,10,7,12,1,4,14,2,36,29,7,36,36,3,33,22,4,8,3,10,3,4,4,4,3,6,1
2025,5,31,11,4,2,4,1,17,5,33,29,4,33,33,4,29,20,2,11,2,7,4,5,5,5,3,1,4
